# Synthetic Kronecker Graph 
# Edges are directed 
0 12
0 16
0 29
0 35
0 65
0 84
0 144
0 146
0 157
0 210
0 225
0 262
0 273
0 288
0 305
0 306
0 318
0 321
0 352
0 361
0 362
0 448
0 458
0 493
1 0
1 16
1 32
1 42
1 60
1 64
1 70
1 119
1 168
1 274
1 308
1 380
1 396
1 399
1 424
2 0
2 16
2 40
2 48
2 160
2 161
2 260
2 322
3 12
3 34
3 47
3 67
3 88
3 96
3 132
3 136
3 160
3 169
3 268
3 436
3 475
4 0
4 12
4 18
4 33
4 113
4 136
4 184
4 192
4 193
4 256
4 283
4 394
4 402
5 64
5 96
5 137
6 16
6 32
6 68
6 69
6 196
7 65
7 128
7 147
7 167
7 180
7 308
7 328
7 352
7 385
8 40
8 41
8 74
8 92
8 129
8 151
8 161
8 209
8 227
8 241
8 267
8 269
8 321
8 332
8 367
8 436
8 473
9 6
9 162
9 164
9 176
9 201
9 265
9 270
9 400
9 448
10 4
10 41
10 65
10 68
10 88
10 180
10 208
10 258
10 282
10 328
10 384
10 484
11 34
11 258
11 292
11 293
11 325
11 347
12 4
12 9
12 110
12 134
12 229
12 256
12 259
12 320
12 378
12 423
13 0
13 4
13 132
13 162
13 320
13 385
13 435
14 33
14 71
14 144
14 417
15 2
15 339
15 344
15 432
16 68
16 72
16 128
16 145
16 183
16 192
16 209
16 224
16 302
16 324
16 341
16 405
17 8
17 18
17 20
17 36
17 64
17 89
17 93
17 135
17 253
17 302
17 384
17 440
17 464
18 0
18 4
18 178
18 192
18 201
18 289
18 365
19 37
19 40
19 46
19 83
19 84
19 273
19 274
19 289
19 424
20 49
20 75
20 83
20 96
20 136
20 156
20 183
20 285
20 302
20 322
20 394
20 449
20 496
21 14
21 32
21 68
21 102
21 146
21 257
21 272
21 384
21 425
22 3
22 18
22 38
22 67
22 107
22 199
22 308
24 17
24 53
24 66
24 196
24 197
24 352
25 3
25 105
25 190
25 257
25 353
26 176
26 281
26 458
27 18
27 202
27 258
27 327
28 32
28 71
28 132
28 147
28 270
28 404
29 165
30 67
30 79
30 408
30 448
31 16
31 148
32 4
32 10
32 16
32 36
32 52
32 68
32 76
32 80
32 88
32 145
32 148
32 260
32 284
32 285
32 309
32 337
32 384
33 6
33 46
33 92
33 193
34 1
34 17
34 100
34 113
34 160
34 258
34 338
34 418
35 4
36 3
36 9
36 38
36 47
36 153
36 203
36 268
36 304
36 388
36 392
36 397
37 16
37 32
37 56
37 132
37 256
38 6
38 16
38 20
38 52
38 59
38 60
38 192
38 267
38 320
38 420
39 16
39 276
39 353
40 24
40 45
40 67
40 68
40 94
40 200
40 224
40 258
40 277
40 455
41 6
41 128
41 140
41 224
41 441
41 456
41 492
42 16
42 373
42 402
42 476
43 2
43 56
43 68
43 146
43 148
43 322
43 466
44 8
44 40
44 145
44 146
44 265
44 291
44 492
45 40
45 52
45 272
45 483
46 8
46 100
46 332
47 24
47 96
47 368
48 43
48 54
48 124
48 128
48 162
48 329
48 392
49 49
49 324
50 28
50 131
51 74
51 202
51 359
52 0
52 66
52 312
52 416
52 437
53 2
53 65
53 437
54 192
54 260
55 352
56 128
56 201
56 337
57 135
57 295
57 466
58 8
58 325
60 154
60 258
60 388
61 56
61 275
61 354
62 305
62 413
64 104
64 137
64 138
64 164
64 189
64 276
64 323
64 385
65 12
65 36
65 131
65 153
65 170
65 204
65 261
65 280
66 64
66 65
66 116
66 164
66 192
66 224
66 363
67 72
67 278
67 339
67 361
67 385
68 1
68 8
68 32
68 92
68 96
68 211
68 321
68 338
68 475
69 13
69 36
69 73
69 272
70 49
70 386
71 164
71 441
71 502
72 34
72 113
72 150
72 231
72 283
72 407
72 481
73 8
73 22
73 26
73 81
73 132
73 142
73 192
73 260
73 274
73 279
73 303
74 40
75 0
75 130
75 269
75 272
75 312
75 353
76 2
76 56
76 70
76 81
76 82
76 155
76 264
76 330
76 483
77 17
78 40
78 50
78 65
78 168
79 1
80 128
80 138
80 269
80 274
80 299
80 417
81 4
81 7
81 9
81 40
81 113
81 160
81 256
81 390
81 416
82 22
82 56
82 88
82 102
82 421
83 4
83 13
83 230
83 257
83 259
83 294
83 450
84 97
84 174
84 195
84 337
85 19
85 48
85 266
85 300
85 449
86 151
86 264
86 389
87 82
87 224
87 261
88 4
88 32
88 59
88 64
88 89
88 354
89 18
89 192
89 199
89 404
90 161
90 208
90 290
91 32
91 286
93 104
93 111
94 8
94 34
94 145
95 8
95 24
96 0
96 12
96 27
96 52
96 72
96 137
96 144
96 145
96 156
96 163
96 184
96 193
96 268
96 326
96 391
97 27
97 141
97 174
97 274
97 348
97 368
97 488
98 24
98 41
98 51
98 153
98 256
98 264
98 299
99 5
99 56
99 163
99 208
99 405
99 445
100 25
100 42
100 417
101 28
101 163
101 208
102 67
102 284
102 310
102 365
103 197
103 304
104 7
104 14
104 70
104 94
104 172
104 388
104 404
105 0
105 16
105 116
105 133
105 426
106 49
106 240
107 137
107 428
108 96
108 144
108 256
110 8
110 18
110 84
110 99
110 338
112 34
112 37
112 131
112 434
113 265
113 432
113 496
114 4
114 260
115 0
115 377
115 385
116 68
116 97
116 132
116 150
116 227
116 389
117 168
117 361
118 358
119 36
119 407
120 20
120 88
120 451
121 203
121 256
121 308
122 425
122 452
123 0
123 81
124 25
124 176
124 332
125 352
126 0
126 148
127 323
128 0
128 20
128 35
128 51
128 64
128 70
128 133
128 161
128 384
128 385
128 412
128 454
129 33
129 34
129 144
129 160
129 200
129 201
129 208
129 260
129 262
130 17
130 23
130 74
130 256
130 392
131 38
131 80
131 321
132 9
132 73
132 110
132 170
132 200
132 233
132 256
132 258
132 278
132 296
132 357
133 273
133 388
134 82
134 328
134 344
134 385
135 144
135 340
136 8
136 20
136 32
136 70
136 80
136 92
136 237
136 321
136 347
136 450
136 490
137 50
137 58
137 176
137 218
137 419
138 4
138 109
139 44
140 12
140 128
140 192
140 264
140 347
141 176
141 203
141 273
142 130
143 240
143 408
144 24
144 32
144 41
144 88
144 90
144 138
144 160
144 163
144 165
144 303
144 314
145 258
145 264
145 277
145 288
145 306
146 11
146 21
146 97
146 296
147 13
147 146
147 151
147 276
147 412
148 49
148 163
148 209
148 223
148 386
148 388
148 417
148 424
148 504
149 68
149 130
149 134
149 275
150 147
150 388
151 64
151 384
151 400
152 8
152 36
152 40
153 103
153 176
153 281
153 313
153 400
154 72
154 75
154 284
154 290
154 297
155 78
156 17
156 89
156 201
156 333
156 356
157 83
157 90
157 216
159 385
160 0
160 41
160 102
160 137
160 140
160 195
160 197
160 262
160 284
160 313
160 368
161 14
161 28
161 32
161 84
161 98
161 144
161 278
161 456
162 39
162 264
162 452
163 5
163 32
163 33
163 117
163 160
163 408
164 8
164 48
164 382
165 43
165 291
165 308
166 24
167 8
167 267
168 7
168 72
168 114
168 130
168 233
168 257
169 88
169 97
169 257
170 40
170 82
170 304
171 12
171 14
171 260
171 373
171 388
172 0
172 16
172 384
172 394
172 442
173 128
173 137
173 386
174 0
174 163
175 5
175 32
175 150
176 130
176 144
176 260
176 384
176 392
176 395
177 28
177 134
177 200
177 266
178 3
178 28
178 129
178 168
179 185
180 46
180 101
180 212
180 408
181 146
181 246
182 64
182 258
183 191
183 256
184 138
184 162
184 258
184 321
184 354
184 392
185 0
185 65
185 195
185 404
185 466
188 10
190 76
190 421
191 256
191 492
192 50
192 57
192 136
192 147
192 160
192 240
193 4
193 257
193 268
193 289
194 0
194 14
194 130
194 152
194 179
194 326
194 446
194 491
195 5
195 32
195 128
196 91
196 185
196 274
196 324
197 258
197 271
198 1
198 13
198 24
198 278
198 326
198 443
198 484
199 1
199 16
199 50
199 387
200 31
200 48
200 56
200 62
200 81
200 184
200 336
201 131
201 132
202 148
202 282
202 288
202 402
202 425
203 6
203 256
204 140
204 440
204 500
205 20
205 132
205 134
205 224
206 24
206 166
206 394
207 72
207 80
208 56
208 96
208 160
208 172
208 337
208 400
209 33
209 41
209 147
209 198
210 50
210 181
210 386
211 164
211 195
212 161
213 40
213 180
213 332
214 449
215 64
215 272
216 24
216 177
217 0
217 4
217 13
217 256
218 16
218 320
218 393
219 289
220 16
221 129
221 256
221 404
223 4
223 298
224 2
224 12
225 69
226 13
226 116
226 262
227 21
227 416
228 2
228 97
228 258
228 341
229 128
229 258
230 18
231 75
231 144
232 12
232 17
232 20
232 73
232 132
232 253
232 266
232 324
233 33
234 36
235 68
235 131
236 58
236 110
236 136
236 258
236 280
237 13
237 67
237 75
237 372
237 386
238 2
238 153
240 28
240 33
240 44
240 321
240 392
241 16
242 136
243 152
244 40
244 64
244 128
244 200
244 455
246 68
246 286
248 66
249 18
249 68
250 8
251 330
253 256
253 388
253 450
254 32
255 224
256 10
256 80
256 128
256 138
256 146
256 172
256 217
256 272
256 288
256 360
256 388
257 0
257 2
257 32
257 101
257 130
257 131
257 394
257 398
257 400
257 424
258 0
258 29
258 68
258 96
258 120
258 122
258 163
258 292
258 384
259 36
259 48
259 256
259 263
259 277
259 401
260 4
260 96
260 97
260 138
260 201
260 208
260 249
260 386
261 232
262 0
262 152
262 210
263 8
263 72
263 129
263 284
263 320
264 291
264 297
264 322
264 447
265 15
265 16
265 65
265 84
265 130
265 304
265 428
266 72
266 82
266 97
266 218
267 8
267 235
267 429
268 146
268 148
268 400
268 454
270 64
270 80
270 106
270 395
272 24
272 53
272 64
272 97
272 104
272 233
272 272
272 298
272 385
273 8
273 50
273 72
273 288
274 91
274 168
274 260
274 264
274 297
274 421
275 272
275 306
276 0
276 216
276 225
277 39
277 176
277 246
278 65
278 369
280 2
280 34
280 72
280 297
280 419
281 122
281 256
281 410
281 450
282 66
282 128
282 389
284 34
285 72
286 44
286 192
286 225
286 260
286 318
287 36
288 7
288 17
288 22
288 40
288 54
288 100
288 288
288 308
288 369
288 394
289 67
289 97
290 0
290 48
290 104
290 192
290 284
290 416
290 453
291 78
292 137
292 193
292 211
292 324
292 401
293 0
293 52
293 54
293 314
293 400
294 8
294 37
294 146
295 36
295 228
296 29
296 55
296 97
296 326
296 448
297 3
297 213
297 263
297 285
297 340
298 4
298 117
298 131
298 166
298 272
298 304
300 262
301 4
302 20
302 34
303 36
303 141
304 25
304 66
304 78
304 128
304 192
304 257
304 264
305 21
305 97
305 140
305 195
305 324
306 96
307 69
308 36
308 274
308 472
309 44
309 393
310 7
310 70
310 184
311 116
312 37
312 313
312 450
313 17
313 24
313 128
314 74
314 76
314 201
314 277
315 68
315 262
315 386
316 104
316 284
317 156
317 323
317 337
318 20
319 227
320 78
320 145
320 203
320 213
320 418
320 425
321 34
321 68
321 161
321 227
322 1
322 18
322 180
322 345
322 408
322 436
324 1
324 2
324 42
324 212
324 230
324 273
325 2
325 233
325 312
325 364
326 1
328 26
328 88
328 180
328 192
328 205
328 357
329 36
329 48
329 81
329 139
329 185
330 0
330 67
330 189
330 405
332 32
332 132
333 82
333 256
334 171
334 262
334 308
334 336
336 0
336 69
336 90
336 149
336 208
336 276
336 388
336 462
337 1
337 70
337 97
337 113
337 241
337 264
337 428
338 0
338 163
338 274
339 272
340 10
340 290
340 331
341 211
341 256
342 258
344 19
344 86
344 290
345 54
345 67
346 321
348 8
348 22
348 117
348 192
349 40
350 1
350 272
351 180
352 32
352 40
352 295
353 154
353 292
353 397
353 400
354 9
354 128
354 197
354 427
355 19
355 107
355 128
355 147
355 274
355 373
356 70
356 200
356 337
357 31
357 76
358 16
358 271
358 291
358 386
359 0
359 144
360 132
360 281
360 321
360 484
361 309
361 409
362 96
363 292
364 44
366 272
367 123
368 10
368 60
368 330
369 2
370 130
370 134
370 272
370 290
371 83
372 13
372 19
372 136
373 130
374 147
374 321
375 38
376 348
377 76
377 257
378 34
379 41
380 133
380 154
380 220
381 80
381 96
383 165
383 328
384 4
384 96
384 289
384 297
384 322
384 367
384 400
384 426
385 0
385 176
385 260
385 273
385 293
385 372
386 271
386 304
386 306
386 330
386 390
386 424
387 0
387 2
387 65
387 200
387 232
388 33
388 43
388 70
388 145
388 308
388 316
388 352
388 393
389 5
389 368
390 1
390 14
390 18
390 27
390 128
390 224
390 259
391 97
391 160
391 192
391 306
392 44
392 75
392 135
392 260
393 51
393 365
393 422
394 9
394 232
394 421
394 428
395 0
395 2
395 3
395 66
395 201
395 418
395 510
396 322
397 212
397 256
397 329
398 4
398 97
398 224
398 276
400 18
400 322
400 348
401 2
401 43
401 182
402 116
402 265
403 303
404 37
404 51
404 172
404 361
404 435
405 0
405 33
405 36
406 48
407 267
408 0
408 105
408 204
409 84
409 139
409 242
410 0
410 140
410 258
410 410
411 257
412 157
412 398
413 27
413 144
416 19
416 288
416 317
417 27
417 207
417 432
418 10
418 212
418 344
420 0
420 6
420 42
420 93
420 98
420 258
420 329
421 8
421 29
421 288
422 65
423 36
423 275
423 468
424 13
425 273
426 164
426 294
427 0
427 16
427 177
428 66
430 20
432 0
432 14
432 68
432 70
432 105
433 10
433 469
434 0
434 64
435 73
436 60
436 440
438 130
438 272
439 419
440 171
441 64
442 80
442 197
442 320
444 8
446 354
447 3
448 16
448 29
448 130
448 265
448 300
448 340
449 3
449 130
449 263
450 16
450 56
450 206
451 12
451 169
451 419
452 21
452 165
453 52
453 261
454 5
454 40
454 152
455 139
456 0
456 5
456 41
456 44
456 66
456 68
456 147
456 232
457 0
457 101
457 265
459 7
459 260
460 195
461 50
462 7
462 24
462 402
462 449
464 2
464 8
464 136
464 247
464 486
465 13
465 18
465 82
465 129
465 144
465 400
466 10
466 46
467 67
468 40
469 165
469 316
472 67
472 180
472 184
472 305
473 76
474 64
475 89
475 94
475 104
475 328
478 33
478 72
480 3
480 193
480 374
480 448
481 57
481 138
481 156
481 161
481 489
482 4
482 85
482 320
483 16
483 130
483 261
483 378
484 17
484 229
484 416
485 22
485 212
485 260
486 408
487 6
487 7
487 64
487 340
488 330
489 268
490 30
490 304
491 0
491 7
491 17
493 16
494 441
496 16
496 136
496 311
496 392
497 47
497 421
498 0
498 104
498 321
498 356
499 220
500 53
501 136
502 74
503 204
504 264
504 268
508 2
509 37
509 128
510 0
510 356
511 236
