# Synthetic Kronecker Graph 
# Edges are directed 
0 9
0 17
0 20
0 65
0 80
0 81
0 96
0 161
0 192
0 200
0 256
0 267
0 271
0 276
0 289
0 322
0 384
0 386
0 507
1 16
1 44
1 46
1 96
1 178
1 180
1 195
1 204
1 370
1 405
2 11
2 38
2 114
2 160
2 252
2 278
2 288
2 293
2 355
2 382
3 9
3 16
3 17
3 19
3 25
3 32
3 100
3 139
3 197
3 387
3 391
3 410
4 0
4 5
4 9
4 10
4 66
4 88
4 93
4 112
4 128
4 130
4 140
4 160
4 166
4 167
4 293
4 384
5 35
5 241
5 256
5 260
5 324
5 328
5 428
6 3
6 64
6 202
6 226
6 392
7 4
7 11
7 36
7 350
7 388
8 6
8 20
8 176
8 182
8 215
8 263
8 264
8 312
8 350
8 487
8 501
9 10
9 72
9 125
9 132
9 256
9 295
10 5
10 56
10 145
10 174
10 192
10 200
10 275
10 288
10 296
10 341
10 344
10 438
11 112
11 119
11 261
11 387
12 139
12 153
12 198
12 282
12 292
12 308
12 492
12 497
13 216
13 296
13 398
13 407
14 16
14 180
14 264
14 288
14 305
15 2
15 41
15 104
15 220
16 3
16 8
16 37
16 65
16 78
16 167
16 245
16 272
16 466
16 486
17 88
17 258
17 267
17 361
17 400
17 473
18 1
18 34
18 145
18 148
18 208
18 252
18 329
18 416
19 12
19 40
19 327
19 418
20 2
20 16
20 33
20 44
20 60
20 70
20 264
21 6
21 64
22 17
22 133
22 260
22 390
22 397
22 454
23 65
24 40
24 72
24 97
24 129
24 135
24 168
24 259
24 264
24 384
24 387
24 416
24 436
25 68
25 80
25 129
25 132
25 323
25 326
25 426
25 449
26 160
26 178
26 257
26 292
26 323
26 401
27 2
27 12
27 14
27 22
27 32
27 405
27 453
28 7
28 12
28 14
28 160
28 164
28 174
28 234
29 145
29 179
29 482
30 12
30 144
30 234
31 81
32 63
32 104
32 145
32 285
32 422
33 3
33 72
33 73
33 192
33 332
34 2
34 20
34 56
34 73
34 179
34 390
34 420
34 432
35 8
35 106
35 214
35 297
35 336
35 508
36 0
36 9
36 16
36 20
36 27
36 105
36 133
36 196
36 441
37 8
37 9
37 16
37 64
38 15
38 20
38 64
38 90
38 170
38 196
39 24
39 64
39 201
39 360
40 8
40 27
40 134
40 136
40 148
40 198
40 285
40 395
40 424
40 432
41 8
41 9
41 11
41 30
41 64
41 320
41 346
41 460
42 58
42 64
42 177
42 228
42 268
43 322
43 450
44 8
44 13
44 281
44 336
44 402
45 9
45 19
46 0
46 32
46 51
46 67
46 94
46 402
47 69
48 11
48 26
48 37
48 130
48 131
48 137
48 146
48 163
48 400
49 10
49 12
49 64
49 114
49 144
50 64
50 274
50 394
50 496
51 8
51 50
52 0
52 88
52 89
52 169
52 338
53 98
53 164
54 9
54 69
54 97
55 7
55 129
55 261
55 385
56 16
56 292
57 0
57 49
57 124
57 133
57 169
57 257
57 416
58 33
58 80
58 296
59 257
59 453
60 364
62 132
62 188
63 167
63 257
63 304
64 2
64 8
64 9
64 10
64 23
64 37
64 112
64 128
64 144
64 273
64 290
64 294
64 306
65 0
65 4
65 16
65 44
65 133
65 192
65 197
65 384
65 408
65 415
65 438
65 481
66 0
66 1
66 2
66 29
66 40
66 72
66 100
66 200
66 224
66 364
66 384
66 425
67 0
67 24
67 141
67 219
68 12
68 92
68 124
68 128
68 130
68 224
68 258
68 261
68 288
68 424
68 436
68 457
69 12
69 68
69 140
69 144
69 145
70 333
70 376
70 412
70 449
71 1
71 56
71 343
72 3
72 10
72 24
72 32
72 43
72 81
72 96
72 129
72 133
72 141
72 259
72 272
72 292
72 320
72 328
72 504
73 0
73 88
73 294
73 324
73 340
73 408
74 24
74 34
74 73
74 146
74 272
74 441
74 485
75 136
75 303
75 345
76 52
76 83
76 103
76 152
76 165
76 273
76 394
76 424
77 1
77 22
77 97
78 0
78 212
78 301
78 389
79 0
79 39
79 82
79 128
79 180
79 355
79 434
80 65
80 69
80 206
80 246
80 422
80 448
81 42
81 100
81 232
81 354
81 413
81 481
82 19
82 52
82 65
82 76
82 161
82 223
82 224
82 261
82 326
82 472
82 473
83 256
83 385
84 10
84 32
84 107
84 183
84 268
84 329
85 3
85 48
85 132
85 460
86 112
86 128
86 401
87 129
87 208
87 224
87 263
88 2
88 130
88 160
88 188
89 88
90 32
90 49
90 54
90 80
90 201
91 225
91 480
92 0
92 120
92 128
92 146
92 257
92 385
93 500
94 165
94 197
94 288
95 244
96 21
96 24
96 80
96 91
96 133
96 141
96 159
96 199
96 384
97 1
97 342
97 423
98 19
98 274
98 307
99 16
99 132
99 389
100 9
100 17
100 32
100 193
100 200
101 133
101 258
101 281
102 85
102 448
103 70
103 273
104 0
104 9
104 10
104 14
104 164
104 386
105 72
105 107
105 258
105 416
105 436
106 192
106 416
106 430
107 24
107 128
107 203
107 226
107 390
108 167
109 96
110 66
110 157
110 274
110 338
112 0
112 10
112 25
112 163
112 220
112 328
112 466
113 0
113 130
113 468
114 1
114 93
114 99
115 176
115 216
115 309
116 4
116 238
116 286
117 4
117 130
117 236
117 264
118 133
119 18
120 7
120 160
120 236
120 386
122 84
122 144
122 265
122 454
123 0
123 221
124 65
124 138
124 180
124 292
125 6
125 64
126 136
126 272
127 64
128 0
128 5
128 6
128 9
128 22
128 33
128 36
128 43
128 45
128 56
128 64
128 133
128 160
128 170
128 192
128 260
128 265
128 292
128 332
128 425
129 16
129 370
130 40
130 55
130 152
130 187
130 282
130 488
131 80
131 84
131 128
131 159
131 259
132 1
132 42
132 47
132 100
132 134
132 162
132 200
132 290
132 296
132 370
132 432
132 440
133 77
133 100
133 261
134 26
134 208
134 272
134 274
134 406
134 409
134 432
135 386
135 455
136 0
136 2
136 26
136 32
136 80
136 130
136 149
136 195
136 197
136 230
136 237
136 260
136 308
136 331
136 337
136 405
137 4
137 29
137 32
137 82
137 124
137 201
137 272
137 290
137 342
138 1
138 29
138 64
138 141
138 152
138 256
138 391
139 3
139 9
139 179
139 428
140 6
140 32
140 93
140 133
140 405
140 418
141 14
141 136
141 262
141 408
142 0
142 24
142 176
143 74
143 103
143 392
144 106
144 128
144 256
144 287
144 296
144 297
144 410
144 481
145 130
145 193
145 257
145 269
145 274
145 294
146 0
146 192
146 266
146 303
148 112
148 305
148 352
148 418
149 180
150 10
150 96
150 136
150 331
151 224
152 68
152 130
152 257
152 276
153 0
153 4
153 64
153 84
153 175
153 178
153 259
153 324
154 32
154 93
154 150
154 176
154 256
154 468
155 0
155 206
156 1
156 10
156 30
156 50
156 69
156 74
156 132
157 8
157 154
157 204
157 208
158 3
159 236
160 0
160 27
160 61
160 346
161 66
161 94
161 144
161 218
161 258
161 329
162 39
162 136
162 148
162 200
162 227
162 290
162 329
163 4
163 16
163 194
163 273
163 384
164 5
164 34
164 67
164 101
164 148
164 202
164 226
165 134
165 262
166 16
166 394
167 257
167 263
168 82
168 85
168 132
168 420
169 5
169 48
170 109
170 137
170 292
171 2
171 50
171 272
172 6
173 3
173 310
174 144
174 161
174 448
175 266
176 6
176 19
176 24
176 34
176 75
176 133
176 170
176 194
177 16
177 20
177 200
177 218
177 385
178 43
178 70
178 78
178 129
178 272
179 4
179 81
179 112
180 8
180 9
180 250
180 297
180 480
181 57
183 234
184 74
184 116
184 186
184 266
185 259
186 2
186 8
186 41
186 129
186 243
186 258
186 260
187 384
188 0
188 310
188 360
189 387
189 452
190 412
192 90
192 150
192 160
192 192
192 230
192 262
192 450
193 22
193 36
193 48
193 73
193 139
193 154
193 197
193 310
194 14
194 33
194 37
194 76
194 118
194 208
194 277
194 405
194 466
195 144
195 148
195 278
195 308
195 324
196 1
196 28
196 70
196 88
196 154
196 312
196 322
196 394
197 64
197 78
197 136
197 147
198 138
198 156
198 370
198 399
200 32
200 49
200 54
200 152
200 237
200 296
200 321
201 1
201 4
201 362
202 9
202 19
202 156
202 190
202 256
203 290
204 16
204 84
204 274
204 291
205 256
206 12
206 132
206 400
206 420
208 152
208 205
208 322
209 2
209 19
209 63
209 184
209 254
209 297
209 438
209 451
210 8
210 33
210 160
210 275
210 322
211 30
211 44
211 80
212 193
212 224
212 298
213 451
214 16
214 59
214 148
214 432
216 85
216 133
217 12
217 320
217 482
218 72
218 96
218 380
220 352
222 21
222 419
224 19
224 32
224 144
224 270
224 274
224 320
224 437
225 16
225 33
225 86
225 138
225 149
226 71
226 164
227 5
228 193
228 292
229 100
229 219
229 448
230 84
230 85
230 440
231 151
232 14
232 54
232 276
232 288
233 296
233 330
234 61
234 128
234 440
238 21
238 360
239 35
239 200
240 21
240 274
240 283
240 426
243 67
243 100
243 384
244 1
244 453
246 1
246 65
246 257
247 0
248 0
248 64
249 4
250 132
250 369
251 417
252 33
252 288
252 356
253 427
254 6
254 300
256 17
256 42
256 45
256 88
256 96
256 126
256 136
256 138
256 158
256 258
256 275
256 280
256 284
256 322
256 361
257 78
257 84
257 130
257 176
257 193
257 270
257 360
257 388
258 0
258 2
258 32
258 87
258 98
258 131
258 258
258 280
258 316
258 362
258 386
258 442
259 3
259 4
259 184
259 194
259 229
260 35
260 55
260 94
260 114
260 128
260 167
260 216
260 277
260 368
260 398
261 52
261 277
261 284
262 24
262 25
262 33
262 54
262 132
262 192
262 353
263 2
263 4
263 285
263 376
264 0
264 14
264 33
264 67
264 80
264 261
264 278
264 292
264 417
265 0
265 1
265 2
265 84
265 98
265 193
265 260
265 409
266 184
266 229
267 55
267 68
267 320
267 483
268 2
268 40
268 100
268 120
268 180
268 205
268 262
268 290
269 32
269 131
269 216
270 23
270 272
270 383
271 134
271 168
271 402
272 6
272 11
272 36
272 45
272 67
272 189
272 285
272 288
272 299
272 304
272 322
272 328
272 381
273 16
273 131
274 8
274 12
274 22
274 25
274 37
274 80
275 78
275 144
275 225
275 307
276 8
276 21
276 128
276 320
276 384
276 394
276 475
277 0
277 16
277 26
277 75
277 256
277 281
278 7
278 8
278 165
278 395
278 429
279 10
279 32
279 49
279 80
279 158
279 280
280 124
280 138
280 249
280 256
280 264
280 292
280 353
280 461
281 139
281 346
282 0
282 14
282 326
283 24
283 224
284 2
284 14
284 42
284 131
284 132
285 72
285 133
285 257
285 386
286 150
286 271
286 305
287 89
287 143
287 162
288 4
288 15
288 22
288 34
288 68
288 448
289 1
289 8
289 10
289 157
290 68
290 201
291 297
291 300
292 108
292 166
292 193
292 256
292 266
293 86
293 408
293 409
295 264
296 49
296 160
296 196
296 355
296 359
297 1
297 48
297 324
297 387
298 93
298 169
298 411
298 420
298 480
299 14
299 80
299 133
299 263
300 139
300 165
300 202
301 44
301 71
301 262
302 32
302 70
302 83
302 134
302 264
303 155
304 24
304 377
305 129
305 184
305 390
306 40
306 96
307 393
308 21
308 146
308 193
308 322
308 330
309 114
309 138
309 324
310 344
311 257
311 320
312 130
312 170
313 87
314 133
315 133
315 330
316 416
317 403
318 122
319 25
319 241
320 23
320 83
320 152
320 169
320 178
320 256
320 258
320 291
320 388
321 14
321 16
321 24
321 40
321 62
321 80
321 129
321 258
321 268
321 444
321 448
322 1
322 73
322 81
322 192
322 195
322 256
322 286
322 289
322 361
323 34
323 116
323 175
323 178
323 248
323 258
323 273
324 1
324 26
324 130
324 448
324 459
324 480
325 3
325 35
325 66
325 83
325 273
327 72
327 155
327 297
328 68
328 96
328 193
328 200
328 460
329 270
329 271
330 7
330 12
331 144
331 195
332 96
332 240
332 436
332 469
333 129
333 336
333 482
334 210
335 25
336 66
336 263
336 387
337 58
337 392
337 408
337 480
338 90
338 168
338 322
339 1
339 130
339 269
340 196
341 40
341 55
341 288
341 290
342 25
342 26
342 196
342 273
343 0
343 45
343 172
344 256
344 490
345 2
345 35
346 51
346 97
347 88
347 114
347 274
347 276
347 329
348 211
348 262
348 508
349 0
349 76
349 85
349 120
349 384
350 61
351 32
351 128
352 11
352 68
352 80
352 293
352 367
353 11
353 17
353 40
354 42
354 160
355 264
355 273
355 344
356 18
356 67
356 90
356 177
356 201
356 240
356 416
357 120
357 290
357 394
358 49
358 264
358 288
359 85
360 0
360 141
361 43
361 130
361 228
361 236
361 276
362 323
362 336
363 162
364 112
365 10
365 16
365 106
366 163
368 1
368 340
368 492
369 180
370 136
370 137
370 265
371 8
371 33
371 398
372 151
372 282
373 35
373 265
373 348
376 28
376 201
377 193
377 484
378 4
378 230
380 82
384 0
384 2
384 4
384 40
384 64
384 110
384 168
384 216
384 299
384 341
384 456
385 41
385 321
385 339
386 19
386 129
386 331
386 432
386 504
387 12
387 243
387 427
387 456
388 10
388 265
388 330
388 336
388 406
389 163
390 12
390 137
390 144
390 147
390 350
391 32
392 12
392 16
392 24
392 58
392 84
392 94
392 121
392 208
392 256
392 274
392 400
393 102
393 261
394 40
394 137
394 390
395 20
395 71
395 166
395 277
395 394
396 19
396 69
397 0
398 73
398 136
398 164
398 176
399 9
399 35
399 80
399 212
400 65
400 176
400 272
400 399
401 94
401 171
401 261
401 413
402 32
402 35
402 260
402 292
403 14
403 77
403 410
403 442
404 51
404 64
404 80
404 208
404 279
405 40
406 104
406 229
407 0
407 6
407 32
407 104
407 107
408 17
408 64
408 67
408 256
408 420
409 5
409 32
410 88
410 137
410 329
411 306
412 0
412 12
413 40
413 162
414 32
416 0
416 262
416 336
417 37
417 214
417 337
417 456
417 472
418 8
418 64
418 132
419 147
420 70
420 160
421 321
421 333
422 164
422 192
423 4
423 100
423 436
424 66
424 301
424 412
425 91
425 136
425 144
426 21
426 148
426 162
426 174
426 261
426 263
426 400
427 258
428 465
429 110
431 136
432 84
433 72
433 89
433 384
434 0
435 22
435 267
436 3
436 70
436 176
436 500
437 13
437 326
437 340
438 80
439 86
439 227
440 4
440 128
440 226
440 257
441 169
441 349
441 369
442 375
444 2
444 154
445 43
448 41
448 129
448 240
448 324
449 274
449 277
449 289
449 300
449 399
449 488
450 121
450 138
450 201
450 333
451 138
452 32
452 77
452 85
452 144
452 232
452 272
452 340
453 64
453 256
454 8
454 113
455 24
456 56
456 64
457 97
457 144
457 274
458 65
458 110
458 174
459 48
459 296
460 5
460 35
461 104
461 433
463 346
464 33
464 96
464 304
464 390
465 17
465 88
466 52
466 115
466 417
467 326
468 283
469 68
469 376
470 80
470 392
471 265
472 29
472 82
472 293
474 341
475 0
476 61
476 418
477 137
480 0
480 256
480 279
481 36
481 345
481 427
482 2
482 44
482 74
482 355
483 24
483 258
484 1
484 38
484 104
485 73
485 242
486 320
487 96
487 100
487 264
488 322
489 288
490 151
491 120
494 86
495 308
496 23
496 67
496 133
497 52
500 38
500 166
500 334
501 24
501 240
501 320
501 429
502 168
505 32
506 330
507 12
507 153
507 280
508 345
