# Synthetic Kronecker Graph 
# Edges are directed 
0 0
0 17
0 34
0 37
0 47
0 64
0 72
0 73
0 90
0 100
0 125
1 8
1 12
1 20
1 42
1 45
1 48
1 65
2 4
2 26
2 33
2 56
2 64
2 116
3 4
3 20
3 27
4 16
4 26
4 33
4 62
4 65
4 80
4 96
5 19
6 16
6 22
6 32
6 64
7 2
7 120
8 1
8 4
8 9
8 15
8 32
8 64
8 66
8 93
9 32
9 41
9 68
9 92
10 4
11 58
12 16
12 50
12 98
12 104
13 5
13 50
14 17
14 20
14 68
14 97
15 32
15 90
15 105
16 5
16 11
16 16
16 18
16 40
16 76
17 21
17 40
17 74
17 76
17 77
17 112
18 9
18 24
18 40
18 58
18 66
18 121
19 20
19 28
19 89
20 0
20 6
20 18
20 66
21 8
21 28
21 30
21 65
21 68
21 112
22 9
22 12
22 43
23 80
24 3
24 12
24 23
24 32
24 104
24 106
25 5
25 18
25 44
25 68
26 9
26 42
26 48
27 114
28 0
28 4
28 8
28 11
29 25
30 75
31 23
31 34
32 3
32 7
32 18
32 33
32 42
32 45
32 75
32 117
33 8
33 65
33 104
33 118
34 5
34 42
34 96
34 97
35 17
35 34
35 96
36 24
36 35
36 113
37 1
37 8
37 11
37 16
37 64
37 94
38 16
38 46
38 97
39 100
40 2
40 5
40 12
40 49
41 4
41 22
41 26
41 58
41 112
42 77
42 115
43 64
44 6
44 34
44 41
45 34
46 16
46 33
46 44
48 0
48 10
48 32
48 87
49 5
49 6
49 8
49 80
50 4
50 8
50 26
50 118
50 120
51 5
51 22
51 40
51 41
51 64
51 98
52 9
52 10
52 17
52 34
52 35
52 84
53 24
55 36
56 1
56 2
56 20
58 22
58 25
58 82
59 18
59 44
60 9
60 48
60 64
61 1
62 106
63 81
64 0
64 1
64 4
64 35
64 36
64 57
64 64
64 83
64 85
65 75
66 14
66 33
66 36
66 67
66 68
66 101
67 0
67 9
67 24
67 40
68 0
68 57
68 102
69 8
69 9
69 50
70 24
70 28
70 32
70 42
70 84
72 10
72 36
73 5
73 16
73 106
74 28
74 36
74 97
75 11
75 120
76 16
76 36
76 83
77 4
78 48
79 51
80 8
80 32
81 5
81 10
81 16
81 32
82 34
82 78
84 54
85 2
85 21
86 10
86 73
87 52
88 2
88 18
88 50
88 64
88 114
91 8
91 46
92 17
93 1
93 13
93 30
94 1
94 96
96 4
97 0
98 2
98 4
98 8
98 26
98 27
98 66
99 4
99 14
99 20
100 16
100 20
100 66
100 68
100 83
101 51
102 114
104 64
105 33
105 102
106 0
106 16
107 24
107 40
107 59
109 98
110 44
112 33
112 46
113 116
115 86
115 88
119 98
120 75
122 64
123 52
124 56
125 16
125 74
