# Synthetic Kronecker Graph 
# Edges are directed 
0 1
0 2
0 5
0 9
0 13
0 22
0 29
0 43
0 49
0 64
0 69
0 70
0 73
0 131
0 195
0 226
0 257
0 260
0 264
0 265
0 331
0 336
0 384
0 513
0 532
0 569
0 658
0 660
0 710
0 856
0 864
0 901
0 1000
0 1010
0 1013
0 1074
0 1095
0 1104
0 1126
0 1236
0 1281
0 1360
0 1376
0 1408
0 1536
0 1542
0 1566
0 1573
0 1856
0 2005
1 12
1 32
1 56
1 129
1 161
1 168
1 197
1 256
1 272
1 289
1 714
1 900
1 1036
1 1228
1 1366
1 1536
1 1592
1 1597
1 1735
2 1
2 13
2 28
2 32
2 67
2 86
2 152
2 232
2 299
2 300
2 328
2 592
2 768
2 863
2 972
2 1061
2 1196
2 1216
2 1354
2 1540
2 1546
2 1570
2 1712
2 1728
3 1
3 6
3 83
3 257
3 271
3 410
3 421
3 512
3 527
3 561
3 779
3 1030
3 1032
3 1036
3 1041
3 1049
3 1090
3 1103
3 1122
3 1132
3 1234
3 1281
3 1359
4 6
4 17
4 33
4 100
4 108
4 113
4 163
4 288
4 381
4 426
4 427
4 652
4 659
4 712
4 1040
4 1057
4 1060
4 1096
4 1152
4 1208
4 1233
4 1328
4 1364
4 1675
4 1825
4 2024
5 1
5 6
5 10
5 18
5 41
5 64
5 145
5 261
5 398
5 404
5 585
5 722
5 776
5 818
5 837
5 1032
5 1036
5 1280
5 1288
5 1320
5 1491
5 1571
5 1674
5 1677
5 1856
6 5
6 46
6 72
6 81
6 170
6 322
6 514
6 608
6 640
6 724
6 769
6 788
6 876
6 1032
6 1576
6 1743
6 1769
6 1794
6 1840
6 1920
7 32
7 185
7 209
7 257
7 320
7 532
7 642
7 1026
7 1857
8 53
8 128
8 134
8 164
8 183
8 205
8 234
8 256
8 385
8 397
8 528
8 589
8 594
8 763
8 911
8 970
8 1026
8 1053
8 1074
8 1148
8 1721
8 1732
8 1816
8 1851
9 18
9 41
9 64
9 288
9 310
9 556
9 575
9 640
9 834
9 1025
9 1072
9 1542
9 1984
9 2006
10 20
10 102
10 130
10 264
10 272
10 339
10 380
10 389
10 412
10 494
10 501
10 656
10 1057
10 1080
10 1236
10 1319
10 1636
10 1920
10 1972
11 48
11 64
11 262
11 285
11 644
11 704
11 934
11 1052
12 1
12 16
12 22
12 62
12 128
12 182
12 290
12 409
12 524
12 608
12 640
12 764
12 794
12 1109
12 1253
12 1269
12 1305
12 1413
13 36
13 82
13 160
13 267
13 379
13 449
13 646
13 769
13 840
13 1152
13 1323
13 1712
14 8
14 16
14 40
14 139
14 316
14 402
14 526
14 658
14 769
14 1104
14 1161
14 1178
14 1192
14 1281
14 1349
14 1572
14 1618
14 1706
14 1760
14 1794
14 1952
15 88
15 98
15 288
15 593
15 797
15 809
15 1090
15 1133
15 1956
16 0
16 34
16 69
16 85
16 87
16 199
16 226
16 259
16 260
16 298
16 300
16 392
16 520
16 577
16 672
16 713
16 937
16 1024
16 1031
16 1251
16 1305
16 1446
16 1483
16 1544
17 1
17 14
17 42
17 73
17 162
17 416
17 512
17 752
17 985
17 1112
17 1138
17 1173
17 1184
17 1376
17 1536
17 1634
17 1805
18 0
18 5
18 129
18 142
18 768
18 842
19 25
19 97
19 265
19 531
19 547
19 577
19 788
19 832
19 1024
19 1150
19 1185
19 1553
19 1866
20 10
20 96
20 147
20 150
20 173
20 177
20 272
20 472
20 577
20 592
20 704
20 706
20 1026
20 1031
20 1073
20 1208
20 1440
20 1575
21 8
21 12
21 225
21 254
21 260
21 515
21 612
21 1827
22 73
22 224
22 257
22 449
22 704
22 864
22 880
22 1024
22 1832
23 108
23 130
23 172
23 288
23 384
23 468
23 578
23 1458
24 65
24 76
24 208
24 260
24 448
24 528
24 688
24 705
24 947
24 1038
24 1062
24 1645
25 15
25 134
25 237
25 322
25 450
25 595
25 640
25 810
25 834
25 1454
25 1460
25 1476
25 1480
25 1536
25 1731
25 1738
26 3
26 10
26 40
26 50
26 68
26 130
26 144
26 464
26 579
26 611
26 708
26 725
26 738
26 1096
26 1793
26 1837
27 258
27 386
27 564
27 705
27 724
28 14
28 100
28 168
28 192
28 295
28 296
28 456
28 552
28 553
28 656
28 1028
28 1040
28 1061
28 1136
28 1185
28 1285
28 1320
29 6
29 112
29 324
29 1051
29 1383
29 1561
30 869
30 1160
30 1184
30 1216
31 9
31 440
31 806
31 832
31 1034
31 1108
31 1930
32 16
32 37
32 40
32 49
32 51
32 54
32 57
32 78
32 205
32 209
32 225
32 249
32 259
32 265
32 292
32 392
32 418
32 468
32 490
32 537
32 553
32 641
32 896
32 960
32 974
32 1026
32 1027
32 1046
32 1135
32 1408
32 1784
32 1810
32 1920
33 56
33 70
33 240
33 260
33 289
33 394
33 526
33 710
33 721
33 1260
33 1378
33 1540
33 1708
34 0
34 8
34 201
34 280
34 417
34 589
34 748
34 904
34 1038
34 1077
34 1093
34 1114
34 1200
34 1282
34 1538
35 8
35 32
35 66
35 264
35 741
35 897
35 1030
35 1537
35 1900
36 4
36 9
36 13
36 17
36 66
36 132
36 341
36 386
36 391
36 403
36 771
36 1094
36 1244
36 1260
36 1280
36 1474
37 80
37 500
37 516
37 600
37 641
37 768
37 1124
37 1164
37 1444
37 1848
38 1
38 20
38 135
38 192
38 265
38 313
38 384
38 394
38 517
38 1041
38 1270
38 1316
38 1427
38 1690
38 1905
38 1920
39 12
39 32
39 45
39 82
39 1110
39 1668
40 74
40 98
40 389
40 475
40 543
40 569
40 598
40 626
40 885
40 928
40 1039
40 1293
40 1345
40 1504
40 1708
40 1921
41 4
41 98
41 138
41 645
41 951
41 1156
42 0
42 4
42 108
42 142
42 545
42 617
42 926
42 1040
42 1288
42 1558
42 1676
42 1698
42 1924
43 644
43 1032
43 1296
43 1410
43 1542
44 130
44 345
44 596
44 706
44 709
44 785
44 1025
44 1792
45 272
45 294
45 368
45 400
45 454
45 609
45 1168
45 1184
46 22
46 564
46 648
46 984
46 1666
47 256
47 401
47 577
48 0
48 112
48 297
48 316
48 402
48 416
48 519
48 707
48 847
48 870
48 904
48 954
48 1029
48 1056
48 1107
48 1187
48 1222
48 1256
48 1296
48 1357
48 1536
48 1544
48 1560
48 1728
49 7
49 105
49 160
49 200
49 224
49 411
49 534
49 903
49 1024
49 1100
49 1280
50 67
50 187
50 390
50 424
50 552
50 728
50 800
50 916
50 1227
51 13
51 136
51 157
51 1042
51 1049
51 1536
51 1543
52 96
52 104
52 137
52 263
52 306
52 732
52 1114
52 1136
52 1355
53 6
53 146
53 166
53 262
53 422
53 596
53 1188
54 64
54 108
54 151
54 256
54 776
54 833
54 976
54 1281
54 1292
54 1897
55 16
55 1308
55 1512
56 2
56 426
56 544
56 632
56 644
56 660
56 713
56 1026
56 1184
56 1296
57 776
57 1024
57 1025
57 1032
57 1056
57 1216
57 1345
57 1422
57 1604
57 1684
58 66
58 362
58 794
58 1536
58 1824
59 12
59 1026
59 1224
59 1796
60 279
60 312
60 321
60 773
60 1475
61 128
61 150
61 275
61 288
61 721
61 1381
61 1541
61 1613
61 1699
62 178
62 290
62 458
62 759
62 808
62 1036
62 1349
62 1997
63 56
63 1300
64 0
64 9
64 12
64 160
64 184
64 259
64 304
64 323
64 363
64 385
64 485
64 514
64 586
64 594
64 952
64 1153
64 1193
64 1219
64 1408
64 1429
64 1442
64 1742
64 1768
64 1796
64 1800
64 1847
65 1
65 2
65 8
65 16
65 65
65 76
65 132
65 156
65 186
65 257
65 272
65 318
65 530
65 597
65 769
65 778
65 1024
65 1034
65 1122
65 1428
65 1833
65 2004
66 38
66 73
66 133
66 270
66 358
66 372
66 426
66 550
66 564
66 928
66 1029
66 1093
66 1196
66 1281
66 1361
67 160
67 258
67 289
67 312
67 362
67 517
67 534
67 536
67 578
67 632
67 723
67 855
67 922
67 1156
67 1590
68 27
68 141
68 151
68 199
68 273
68 417
68 420
68 448
68 738
68 768
68 808
68 825
68 880
68 1050
68 1254
68 1312
68 1344
68 1446
68 1733
68 1952
68 2005
69 65
69 73
69 144
69 204
69 225
69 512
69 525
69 1089
70 16
70 36
70 42
70 48
70 53
70 69
70 193
70 816
70 1093
70 1096
70 1144
70 1282
70 1471
70 1642
70 1793
71 7
71 40
71 52
71 258
71 478
71 632
71 1963
72 1
72 36
72 101
72 325
72 393
72 437
72 513
72 592
72 880
72 1136
72 1386
72 1417
72 1690
72 1708
72 1746
72 1826
72 1920
72 2008
73 66
73 226
73 264
73 269
73 551
73 810
73 1024
73 1340
73 1542
73 1682
73 1720
73 1792
73 1810
74 14
74 17
74 49
74 140
74 143
74 188
74 324
74 416
74 460
74 588
74 616
74 796
74 828
74 903
74 1319
74 1445
74 1685
75 9
75 321
75 779
75 1147
75 1537
76 42
76 72
76 103
76 256
76 385
76 789
76 904
76 1046
76 1208
76 1285
76 1297
76 1372
76 1482
76 1805
77 32
77 858
77 968
77 1024
77 1101
77 1216
77 1266
77 2008
78 349
78 428
78 787
78 1037
78 1044
78 1076
78 1538
79 113
79 136
79 847
79 933
79 1065
79 1673
79 1697
80 0
80 73
80 133
80 203
80 211
80 245
80 443
80 580
80 1028
80 1156
80 1184
80 1865
81 55
81 67
81 128
81 135
81 522
81 674
81 808
81 1614
82 54
82 80
82 128
82 704
82 856
82 1040
82 1697
83 66
83 370
83 445
83 465
83 581
83 712
84 2
84 212
84 383
84 584
84 641
84 1769
85 132
85 1329
85 1364
86 0
86 17
86 104
86 130
86 224
86 611
86 785
86 895
86 1225
86 1668
87 101
87 1280
87 1841
88 1
88 133
88 151
88 656
88 1187
88 1216
89 0
89 36
89 156
89 256
89 672
89 941
89 1080
89 1317
90 417
90 609
90 860
90 1032
90 1067
90 1382
91 98
91 144
91 159
91 292
91 1379
91 1697
93 5
93 34
93 377
93 611
93 1042
93 1286
94 138
94 189
94 265
94 370
94 466
94 1098
94 1631
95 457
95 800
95 1344
96 2
96 24
96 64
96 237
96 512
96 519
96 774
96 834
96 853
96 1045
96 1252
96 1344
96 1503
96 1548
97 5
97 114
97 512
97 1098
97 1222
97 1425
97 1640
97 1801
98 2
98 4
98 131
98 344
98 353
98 542
98 1026
98 1805
98 1809
99 67
99 475
99 615
99 840
99 1088
100 140
100 225
100 257
100 274
100 338
100 576
100 579
100 738
100 834
100 1984
100 2008
101 20
101 33
101 1038
101 1321
101 1384
101 1875
102 429
102 448
102 772
102 789
102 984
102 1064
102 1074
102 1236
102 1420
102 1792
103 19
103 357
103 494
104 112
104 208
104 354
104 409
104 418
104 534
104 577
104 641
104 651
104 1060
104 1202
104 1283
104 1301
104 1412
104 1697
104 1707
104 1731
105 153
105 203
105 268
105 354
105 394
105 649
105 775
105 962
105 1072
105 1281
105 1736
105 1794
106 72
106 272
106 481
106 541
106 878
106 1036
106 1040
106 1248
106 1260
107 72
107 140
107 553
107 1364
108 57
108 105
108 133
108 249
108 649
108 1035
109 72
109 269
110 6
110 186
110 826
111 80
111 298
111 304
111 332
111 754
112 20
112 24
112 35
112 258
112 282
112 333
112 490
112 522
112 652
112 857
112 1033
112 1126
113 1
113 33
113 390
113 580
113 640
113 1188
113 1929
114 0
114 137
114 400
114 523
114 1110
114 1679
115 138
115 478
115 516
116 161
116 401
116 488
116 514
117 136
117 698
117 781
117 1250
117 1828
117 2026
118 28
118 35
118 632
119 928
120 105
120 225
120 260
120 450
120 899
120 900
120 1074
120 1792
121 130
121 528
122 136
122 292
122 1032
122 1050
122 1872
123 36
123 207
123 1104
125 580
125 1539
126 129
126 305
126 648
127 1
127 257
127 322
128 4
128 30
128 65
128 71
128 88
128 91
128 235
128 264
128 328
128 373
128 392
128 419
128 462
128 463
128 479
128 514
128 658
128 690
128 858
128 913
128 969
128 1015
128 1028
128 1093
128 1096
128 1123
128 1152
128 1165
128 1180
128 1237
128 1285
128 1345
128 1460
128 1766
129 16
129 133
129 178
129 259
129 270
129 282
129 356
129 384
129 388
129 448
129 464
129 729
129 750
129 825
129 1009
129 1117
129 1127
129 1232
129 1285
129 1360
129 1446
129 1516
129 1617
129 1788
129 1832
130 0
130 1
130 33
130 53
130 64
130 112
130 152
130 273
130 323
130 564
130 667
130 770
130 820
130 1088
130 1224
130 1255
130 1281
130 1344
130 1891
131 4
131 76
131 129
131 391
131 494
131 518
131 1384
131 1553
132 6
132 13
132 16
132 70
132 83
132 112
132 215
132 373
132 545
132 695
132 737
132 908
132 988
132 1221
132 1772
133 18
133 256
133 1024
133 1053
133 1286
133 1328
133 1637
134 20
134 53
134 78
134 324
134 736
134 792
134 1077
134 1162
134 1281
135 32
135 64
135 129
135 133
135 1088
135 1104
135 1402
135 1648
136 28
136 32
136 66
136 128
136 140
136 154
136 236
136 271
136 289
136 1025
136 1072
136 1152
136 1227
136 1312
136 1325
136 1573
136 1636
136 1728
136 1890
137 1
137 148
137 259
137 322
137 392
137 439
137 546
137 612
137 897
137 960
137 1432
137 1443
137 1558
138 5
138 70
138 80
138 128
138 387
138 412
138 476
138 791
138 1548
139 129
139 332
139 493
139 669
139 1307
139 1388
139 1601
139 1682
140 0
140 23
140 24
140 44
140 610
140 754
140 1024
140 1555
140 1738
141 212
141 525
141 591
141 811
141 1561
142 32
142 373
142 579
143 262
143 374
143 658
143 1081
144 216
144 354
144 360
144 657
144 736
144 946
144 1058
144 1112
144 1318
144 1452
144 1507
144 1571
144 1973
145 0
145 132
145 148
145 393
145 579
145 697
145 792
145 1187
145 1208
145 1217
145 1676
145 1801
146 0
146 14
146 192
146 265
146 522
146 546
146 1103
147 2
147 312
147 419
147 520
147 530
147 786
147 850
147 1570
147 1576
147 1804
148 212
148 576
148 665
148 896
148 999
148 1548
148 1592
148 1792
149 206
149 350
149 388
149 837
149 1251
149 1411
150 105
150 426
150 432
150 644
150 857
150 1072
150 1681
151 144
151 228
151 553
151 769
151 1027
151 1259
151 1839
152 34
152 92
152 263
152 851
152 1030
152 1093
152 1539
152 1648
152 1658
152 1665
153 0
153 96
153 264
153 1056
153 1160
153 1248
153 1462
154 6
154 28
154 52
154 132
154 1025
154 1101
154 1259
154 1284
155 512
155 1026
156 360
156 1038
156 1239
156 1683
156 1782
156 1988
157 32
157 166
157 642
157 1124
157 1981
158 519
158 523
158 882
159 8
159 15
159 16
159 1026
160 22
160 41
160 65
160 71
160 72
160 83
160 261
160 272
160 515
160 612
160 722
160 801
160 840
160 868
160 1035
160 1058
160 1107
160 1705
160 1802
161 148
161 257
161 597
161 688
161 692
161 776
161 832
161 1360
161 1456
162 297
162 323
162 348
162 514
162 517
162 1044
162 1058
162 1064
162 1344
162 1478
162 1876
163 8
163 10
163 18
163 40
163 608
163 645
163 801
163 1010
164 0
164 4
164 102
164 141
164 166
164 194
164 258
164 308
164 680
164 844
164 1541
164 1549
165 5
165 21
165 327
165 328
165 330
165 398
166 33
166 70
166 105
166 308
166 354
166 372
166 686
166 1284
167 18
167 1602
168 1
168 4
168 64
168 261
168 526
168 664
168 1026
168 1410
169 81
169 202
169 316
169 769
169 899
169 1042
169 1108
170 2
170 534
171 135
171 1072
171 1924
172 517
172 610
172 1398
172 1698
172 1929
173 0
173 205
173 649
173 787
173 1042
173 1831
174 16
174 131
174 261
174 321
174 569
174 649
174 904
175 358
175 776
176 67
176 136
176 393
176 1285
176 1342
176 1544
177 128
177 257
177 272
177 881
178 8
178 266
178 388
178 532
178 648
178 756
178 1872
179 321
179 868
179 881
179 998
179 1361
179 1434
180 0
180 171
180 771
180 830
180 1190
180 1305
180 1497
180 1536
180 1609
180 1794
181 5
181 25
181 97
181 257
181 800
181 1060
181 1348
182 130
182 1044
182 1323
182 1434
182 1536
183 513
183 1511
184 64
184 320
184 344
184 726
184 800
184 960
184 1120
184 1121
184 1154
184 1538
184 1570
184 1600
184 2008
185 594
185 1226
185 1736
186 4
186 45
186 112
186 1024
186 1056
186 1114
186 1608
187 32
187 116
188 2
188 277
189 296
189 512
190 104
191 196
192 18
192 138
192 264
192 346
192 522
192 568
192 618
192 769
192 835
192 1073
192 1175
192 1205
192 1281
192 1413
192 1520
192 1603
192 1622
192 1696
193 0
193 80
193 290
193 588
193 816
193 838
193 1317
193 1589
193 1629
193 1682
193 1697
194 16
194 72
194 100
194 178
194 316
194 364
194 370
194 440
194 648
194 684
194 872
194 1281
194 1378
195 11
195 33
195 65
195 377
195 388
195 512
195 808
195 1048
196 20
196 100
196 271
196 289
196 419
196 564
196 609
196 739
196 780
196 961
196 1112
196 1120
197 0
197 32
197 167
197 274
197 514
197 594
197 1024
197 1062
197 1147
198 53
198 184
198 413
198 569
198 651
198 1169
198 1340
198 1349
198 1800
199 101
199 410
199 1109
199 1304
199 1353
200 9
200 34
200 165
200 523
200 584
200 1372
200 1491
200 1530
200 1638
200 1731
201 19
201 32
201 71
201 389
201 584
201 736
201 1040
201 1346
201 1412
201 1461
201 1570
201 1769
202 416
202 513
203 113
203 288
203 389
203 417
203 780
203 902
203 1297
204 132
204 196
204 417
204 512
204 521
204 774
204 785
204 880
204 1060
205 128
205 436
205 592
205 1041
205 1425
205 1541
205 1921
206 64
206 178
207 35
207 1580
208 74
208 129
208 280
208 350
208 474
208 612
208 682
208 1230
208 1312
208 1598
209 7
210 6
210 37
210 264
210 312
210 320
210 484
210 539
210 800
210 1036
210 1176
210 1188
211 280
211 532
211 677
211 708
211 1805
212 73
212 1291
212 1596
213 20
213 517
213 1328
213 1829
214 226
214 513
214 1738
214 1792
214 1984
215 44
215 114
215 809
215 1097
215 1882
216 300
216 368
216 592
217 161
217 544
217 568
217 1296
218 256
218 578
218 594
219 68
219 516
219 518
219 1386
220 246
220 458
220 527
220 1408
220 1416
221 1024
222 21
224 172
224 360
224 592
224 689
224 854
224 1340
224 1930
225 100
225 203
225 1280
225 1569
225 1624
226 53
226 193
226 256
226 273
226 289
226 922
226 961
226 1125
226 1159
227 257
227 387
227 537
227 1280
227 1299
227 1306
228 1
228 31
228 140
228 170
228 220
228 350
228 513
228 840
228 1798
229 274
229 321
229 641
229 803
229 1170
230 5
230 320
230 512
230 1568
231 49
231 161
232 76
232 629
232 644
232 1025
233 2
233 1602
234 108
234 1096
234 1287
234 1688
235 35
235 140
235 324
235 669
235 787
235 1172
235 1778
236 134
236 136
236 284
236 1582
236 1732
237 1056
238 384
238 573
238 1326
238 1457
240 154
240 904
241 248
241 258
241 261
241 265
241 518
241 690
241 1561
241 1589
241 1817
242 117
242 1052
242 1144
242 1832
242 1936
243 572
243 658
243 1416
244 296
244 349
244 425
244 1032
244 1152
244 1552
244 1615
245 2
245 6
245 288
245 685
246 337
246 428
247 1
248 28
248 520
248 912
248 1026
248 1084
248 1170
249 97
249 157
250 0
250 33
250 452
251 40
252 197
252 267
252 1204
252 1328
252 1626
253 1650
254 514
254 1457
255 10
256 8
256 32
256 33
256 38
256 66
256 76
256 138
256 160
256 224
256 251
256 292
256 322
256 328
256 401
256 460
256 518
256 846
256 967
256 1037
256 1080
256 1129
256 1224
256 1249
256 1477
256 1616
256 2004
257 102
257 129
257 186
257 232
257 363
257 653
257 1043
257 1060
257 1163
257 1184
257 1256
258 19
258 64
258 193
258 241
258 259
258 277
258 312
258 334
258 521
258 615
258 735
258 898
258 1240
258 1385
258 1576
258 1696
259 69
259 132
259 302
259 321
259 480
259 648
259 656
259 1049
259 1059
259 1060
259 1080
259 1158
259 1242
259 1840
260 11
260 18
260 197
260 225
260 235
260 331
260 512
260 517
260 840
260 1076
260 1318
260 1353
260 1492
260 1667
260 1803
260 1809
261 11
261 32
261 104
261 157
261 305
261 516
261 704
261 1086
261 1103
261 1104
261 1425
261 1610
262 148
262 321
262 515
262 680
262 1108
262 1156
262 1587
263 136
263 544
263 640
263 1016
263 1077
263 1168
263 1609
264 0
264 8
264 10
264 17
264 36
264 69
264 128
264 276
264 286
264 320
264 453
264 490
264 512
264 516
264 692
264 707
264 1025
264 1172
264 1199
264 1216
264 1296
264 1312
264 1538
264 1552
264 1616
264 1806
264 2017
265 129
265 184
265 258
265 317
265 652
265 1288
265 1410
266 6
266 12
266 13
266 16
266 44
266 278
266 294
266 353
266 796
266 832
266 909
266 1952
267 134
267 308
267 360
267 836
267 1398
268 3
268 32
268 156
268 546
268 786
268 793
268 1027
268 1553
268 1864
268 1968
269 20
269 257
269 651
269 1055
269 1538
269 1632
269 2016
270 90
270 128
270 358
270 516
270 525
270 1033
270 1039
271 198
271 244
271 438
272 173
272 258
272 402
272 556
272 582
272 776
272 992
272 1024
272 1050
272 1120
272 1168
272 1177
272 1444
272 1604
272 1619
272 1669
273 2
273 202
273 260
273 545
273 550
273 572
273 1036
273 1152
273 1200
273 1224
273 1250
273 1513
273 1631
273 1675
273 1681
274 44
274 178
274 405
274 560
274 577
274 1039
274 1160
275 86
275 196
275 198
275 320
275 388
275 818
275 844
275 1381
275 1768
276 128
276 151
276 462
276 546
276 597
276 638
276 672
276 795
276 1090
276 1538
277 104
277 196
277 324
277 609
277 618
277 1605
277 1667
277 1704
278 640
278 664
278 1032
278 1041
278 1540
278 1644
279 17
279 79
279 98
279 839
279 918
279 1472
279 1793
280 91
280 122
280 128
280 259
280 334
280 524
280 850
280 898
280 1097
280 1219
280 1281
280 1587
280 1797
280 1848
281 38
281 62
281 114
281 482
281 544
281 1026
281 1043
281 1817
281 1992
282 20
282 24
282 260
282 1472
282 1959
283 12
283 787
283 1594
284 85
284 757
284 768
284 1136
284 1298
284 1396
285 95
285 208
285 545
285 636
285 649
285 1034
286 132
286 194
286 1220
287 504
288 41
288 70
288 177
288 192
288 352
288 472
288 512
288 516
288 594
288 596
288 662
288 706
288 1060
288 1071
288 1120
288 1171
288 1348
288 1489
288 1807
288 1822
289 16
289 42
289 67
289 70
289 214
289 720
289 1000
289 1024
289 1187
290 16
290 51
290 70
290 224
290 546
290 929
290 1089
290 1414
290 1536
290 1584
290 1649
291 8
291 50
291 130
291 728
291 768
291 1228
291 1249
291 1551
291 1826
292 100
292 129
292 139
292 153
292 226
292 236
292 243
292 336
292 633
292 784
292 787
292 1090
292 1104
292 1153
292 1560
293 76
293 101
293 120
293 402
293 420
293 644
293 670
294 12
294 26
294 792
294 1632
295 32
295 295
295 1042
295 1322
296 96
296 258
296 313
296 314
296 369
296 1108
296 1188
296 1219
297 64
297 527
297 1088
297 1157
298 76
298 89
298 132
298 466
298 660
298 774
298 1292
299 260
299 272
299 556
299 1382
300 44
300 546
300 686
300 1026
300 1154
300 1155
300 1681
301 134
301 808
302 19
302 1120
302 1131
302 1413
302 1570
303 112
303 325
303 450
303 1028
303 1216
304 70
304 82
304 155
304 272
304 582
304 1094
304 1350
304 1402
304 1539
305 111
305 267
305 390
305 521
305 674
305 810
305 1024
306 143
306 624
306 840
306 1028
306 1204
306 1299
307 16
307 40
307 645
307 1059
308 139
308 157
308 300
308 403
308 443
308 712
308 906
308 1602
308 1946
309 32
309 652
309 1024
309 1921
310 80
310 1288
311 68
311 1845
312 810
313 130
313 289
313 380
313 560
314 36
314 277
314 961
314 1048
314 1328
314 1612
314 1898
315 513
316 232
316 545
316 1097
316 1537
316 1664
316 1762
317 43
317 698
317 1562
318 457
318 675
318 1519
320 93
320 181
320 196
320 489
320 543
320 579
320 612
320 780
320 801
320 939
320 1178
320 1256
320 1284
321 56
321 130
321 210
321 496
321 520
321 912
321 1210
321 1246
322 2
322 4
322 13
322 37
322 89
322 96
322 244
322 401
322 517
322 833
322 1025
322 1536
322 1568
323 20
323 144
323 265
323 384
323 516
323 529
323 547
323 1083
323 1273
323 1546
323 1554
324 68
324 90
324 229
324 280
324 290
324 386
324 531
324 659
324 790
324 1042
324 1746
325 19
325 55
325 1045
325 1167
326 537
326 705
326 1410
327 366
327 513
327 589
327 660
327 1866
327 1957
328 145
328 172
328 312
328 1055
328 1237
328 1462
328 1578
328 1872
329 19
329 66
329 96
329 256
329 464
329 546
329 725
329 1040
329 1050
329 1492
329 1826
329 1923
330 16
330 21
330 64
330 68
330 130
330 200
330 304
330 393
330 417
330 513
330 722
330 900
330 1184
330 1188
330 1284
330 1290
330 1539
331 18
331 86
331 402
331 896
332 604
332 719
332 881
332 1538
333 321
333 332
333 1248
334 192
334 772
334 1068
334 1121
334 1416
334 1864
335 264
335 1028
336 33
336 569
336 669
336 704
336 1068
336 1185
336 1208
336 1221
336 1296
336 1802
336 1899
337 44
337 84
337 121
337 144
337 587
337 1088
337 1177
337 1628
338 72
338 128
338 154
338 274
339 213
339 705
340 36
340 258
340 336
340 388
340 513
340 1040
340 1417
341 1036
341 1572
341 1696
342 16
342 51
342 1936
344 0
344 36
344 78
344 129
344 373
344 1330
344 1423
344 1794
345 13
345 214
345 512
345 1040
345 1234
346 93
346 1321
346 1538
347 192
347 641
347 1153
347 1473
348 12
348 149
348 160
348 1351
348 1544
348 1618
349 44
349 86
349 362
349 1608
349 1796
350 5
351 1677
352 66
352 82
352 132
352 137
352 306
352 608
352 668
352 807
352 1028
352 1161
352 1473
352 1638
352 1678
352 1924
353 338
353 1280
353 1313
354 256
354 414
354 580
354 1157
354 1545
354 1712
354 1740
355 17
355 137
355 776
355 848
355 880
355 1286
356 100
356 113
356 656
356 1097
356 1108
356 1328
357 282
357 318
357 324
357 364
357 834
357 1252
358 180
358 307
358 583
358 1026
358 1029
358 1080
358 1554
359 145
359 1440
360 66
360 200
360 345
360 448
360 850
360 1043
360 1606
360 1767
361 4
361 196
361 1601
362 65
362 545
362 633
362 821
362 1040
362 1160
363 70
363 1556
364 270
364 296
364 488
364 617
364 656
364 1172
364 1229
364 1516
364 1792
365 270
365 1716
366 617
366 834
366 1288
367 113
367 346
367 552
368 66
368 584
368 945
368 1025
368 1930
369 98
369 272
369 324
369 1041
369 1400
369 1564
370 40
370 136
370 516
370 640
370 844
370 1046
370 1797
371 0
371 1121
371 1158
371 1744
372 60
372 1061
372 1216
373 22
373 592
373 1381
373 1588
373 1665
374 384
374 589
374 1486
374 1552
375 46
375 67
375 704
375 801
376 360
376 540
377 545
377 593
377 641
377 978
377 1283
377 1676
378 616
378 776
378 1063
378 1687
378 1688
379 512
379 1024
380 649
380 1350
380 1555
381 74
381 1072
382 1801
382 1992
384 0
384 8
384 34
384 259
384 262
384 287
384 300
384 403
384 528
384 537
384 546
384 778
384 817
384 938
384 1098
384 1312
384 1346
384 1388
384 1601
384 1803
384 1809
384 1892
385 0
385 75
385 100
385 192
385 352
385 536
385 630
385 642
385 661
385 925
385 1088
385 1504
385 1584
386 28
386 144
386 248
386 644
386 1043
386 1073
386 1082
386 1136
386 1280
386 1320
386 1873
387 0
387 70
387 76
387 107
387 160
387 293
387 326
387 644
387 1090
387 1124
388 1
388 14
388 66
388 101
388 265
388 293
388 480
388 579
388 1187
388 1192
388 1285
389 320
389 548
389 724
389 771
389 810
389 848
389 1568
389 1632
389 1696
390 0
390 32
390 208
390 1792
391 518
391 1584
391 1747
392 33
392 62
392 69
392 129
392 136
392 191
392 224
392 392
392 1225
392 1370
392 1825
393 16
393 59
393 66
393 72
393 338
393 613
393 1251
394 88
394 280
394 530
394 972
395 129
395 1848
396 21
396 24
396 64
396 128
396 154
396 163
396 336
396 454
396 578
396 1217
396 1544
396 1546
397 524
397 560
397 715
397 803
397 1108
397 1740
398 1312
399 411
400 24
400 32
400 36
400 49
400 58
400 156
400 528
400 738
400 965
401 140
401 180
401 740
401 1124
401 1696
402 11
402 104
402 116
402 164
402 308
402 1041
402 1356
403 12
403 17
403 22
403 293
403 709
403 1288
403 1551
404 71
404 267
404 599
404 841
404 1060
404 1809
405 1
405 141
405 322
405 642
406 5
406 105
406 449
406 550
406 2016
407 209
407 264
407 384
407 634
408 67
408 160
408 555
408 1379
408 1543
409 65
410 513
411 38
411 496
411 1027
411 1218
411 1286
412 1504
413 136
413 354
414 1181
415 397
415 1060
415 1924
416 1
416 357
416 432
416 448
416 546
416 1044
416 1412
416 1728
416 1984
417 1100
417 1322
418 101
418 706
418 772
418 1214
418 1292
418 1602
418 1935
419 276
419 1092
420 1168
420 1376
420 1624
420 1633
421 210
421 660
422 17
422 346
422 544
422 1040
422 1797
423 228
423 1970
424 649
424 1480
425 1036
425 1541
425 1588
426 20
426 37
426 57
426 128
426 385
426 445
426 1080
426 1107
426 1290
426 1324
426 1986
427 57
427 1219
427 1283
428 178
428 280
428 329
428 770
429 94
429 1795
430 520
430 1084
430 1549
431 417
431 1053
431 1552
432 141
432 265
432 322
432 384
432 481
432 520
433 5
433 69
433 263
433 369
434 41
434 42
434 65
434 70
434 76
434 529
434 1036
434 1106
434 1856
435 16
435 1824
436 6
436 327
436 751
437 161
437 1488
437 1844
438 661
439 1228
440 206
440 264
440 566
440 1026
440 1332
441 301
441 1280
442 161
442 641
442 1666
443 804
444 1290
445 752
446 1728
448 204
448 242
448 254
448 259
448 578
448 609
448 819
448 1098
448 1232
448 1318
448 1355
448 1380
449 4
449 19
449 63
449 128
449 135
449 640
449 1010
449 1034
449 1280
449 1546
449 1586
450 7
450 112
450 140
450 520
450 594
450 666
450 912
450 1168
450 1309
451 52
451 54
451 1130
451 1676
452 128
452 264
452 492
452 528
452 666
452 676
452 810
452 897
453 355
454 0
454 34
454 67
454 396
454 563
454 672
454 1680
455 16
455 536
455 738
455 1029
455 1649
456 108
456 161
456 260
456 737
456 1171
456 1564
456 1920
457 36
457 188
457 232
457 677
457 1308
457 1649
457 1732
458 1
458 113
458 276
458 450
458 530
458 673
458 768
458 1344
459 132
459 964
459 1282
459 1575
460 614
460 725
460 1768
461 291
461 1267
462 144
462 1024
463 1
464 1184
464 1420
464 1426
464 1549
465 164
465 618
465 792
465 1700
465 1792
466 513
466 1054
466 1076
466 1194
466 1296
466 1753
467 845
467 1578
468 25
468 259
468 528
468 1506
469 256
469 452
470 37
471 64
471 1232
472 20
472 146
472 664
472 1081
472 1280
472 1288
472 1924
472 1984
473 72
473 324
473 384
473 741
474 780
474 800
474 837
474 1089
474 1424
475 153
475 806
476 128
476 312
476 908
476 1042
477 1154
478 1161
478 1449
478 1536
480 40
480 142
480 274
480 304
480 684
480 1107
480 1176
480 1312
480 1328
480 1612
481 60
481 269
481 510
481 520
481 921
481 1540
481 1545
481 1725
482 168
482 653
482 771
482 1128
483 328
483 594
484 3
484 520
484 880
484 1031
485 18
485 28
485 192
485 290
485 536
485 1162
486 770
487 302
488 144
488 369
488 769
488 1098
488 1281
488 1384
489 16
489 66
489 69
489 1984
490 536
491 689
492 866
492 1282
494 172
494 1668
494 1953
495 72
495 1056
496 0
496 9
496 64
496 130
496 296
496 683
496 1026
496 1281
497 1024
497 1192
498 24
498 450
498 688
498 1744
499 1280
499 1520
500 387
500 807
500 851
500 1067
500 1585
501 30
502 17
503 552
504 128
504 270
504 1202
505 40
505 66
505 68
505 192
506 385
506 1425
507 1168
508 40
508 84
508 525
508 768
509 200
509 1869
511 72
511 545
512 20
512 22
512 54
512 65
512 73
512 208
512 215
512 386
512 609
512 616
512 735
512 784
512 916
512 1082
512 1097
512 1125
512 1166
512 1240
512 1252
512 1546
512 1568
512 1602
512 1760
512 1933
513 17
513 81
513 148
513 368
513 568
513 569
513 1052
513 1200
513 1302
513 1538
513 1544
513 1832
513 2012
514 11
514 16
514 19
514 60
514 99
514 258
514 520
514 530
514 580
514 662
514 896
514 1056
514 1186
514 1605
514 1616
514 1624
514 1962
515 61
515 72
515 73
515 129
515 155
515 450
515 509
515 571
515 645
515 816
515 1474
515 1547
516 9
516 16
516 38
516 118
516 142
516 160
516 170
516 192
516 329
516 602
516 676
516 769
516 800
516 1024
516 1040
516 1095
516 1178
516 1286
516 1384
516 1428
516 1840
517 48
517 644
517 1090
517 1333
517 1749
517 1804
518 3
518 116
518 146
518 273
518 287
518 373
518 556
518 560
518 785
518 939
518 1046
518 1133
518 1233
518 1322
518 1502
519 0
519 102
519 272
519 352
519 1026
519 1826
520 39
520 72
520 96
520 213
520 353
520 453
520 532
520 584
520 669
520 685
520 784
520 789
520 794
520 897
520 1000
520 1029
520 1126
520 1502
520 1717
520 1732
520 1834
521 0
521 27
521 414
521 552
521 1090
522 2
522 3
522 52
522 240
522 528
522 641
522 789
522 898
522 1028
522 1070
522 1153
522 1212
522 1341
522 1429
522 1568
523 61
523 177
523 233
523 586
523 946
523 1808
524 78
524 214
524 252
524 534
524 685
524 1088
524 1280
524 1352
524 1666
524 1931
525 52
525 128
525 524
525 534
525 656
525 1285
525 1348
525 1624
525 1684
525 1922
526 117
526 177
526 675
526 817
526 1043
526 1179
526 1288
526 1812
527 1603
528 1
528 3
528 16
528 38
528 64
528 113
528 120
528 180
528 195
528 208
528 256
528 288
528 369
528 576
528 777
528 800
528 1053
528 1057
528 1172
528 1239
528 1536
528 1553
528 1570
529 48
529 174
529 194
529 248
529 288
529 442
529 544
529 547
529 705
529 936
529 964
529 1159
529 1414
529 1443
529 1488
530 64
530 112
530 536
530 832
530 835
530 1034
530 1136
530 1174
530 1390
530 1443
530 1800
531 92
531 138
531 148
531 269
531 320
531 728
532 2
532 89
532 570
532 1142
532 1572
533 16
533 264
533 274
533 369
533 784
533 790
533 900
533 1040
533 1093
534 70
534 96
534 200
534 242
534 336
534 353
534 1042
535 16
535 38
535 80
535 409
535 839
535 1058
535 1590
535 1592
536 192
536 278
536 490
536 520
536 789
536 1061
536 1167
536 1315
536 1681
536 1932
537 1
537 25
537 99
537 149
537 168
537 1026
537 1058
537 1083
537 1387
537 1616
538 19
538 34
538 296
538 432
538 604
538 1440
538 1672
539 112
539 1825
540 75
540 228
540 256
540 257
540 294
540 512
540 529
540 1425
540 1554
541 35
541 50
541 64
541 66
541 129
541 281
542 84
542 257
542 344
542 544
542 852
542 1034
543 5
543 68
543 228
543 1576
544 73
544 97
544 264
544 469
544 517
544 586
544 1033
544 1054
544 1162
544 1234
544 1487
544 1605
544 1698
545 3
545 28
545 68
545 164
545 227
545 432
545 1091
545 1525
545 1708
546 59
546 65
546 137
546 479
546 702
546 1026
546 1125
547 62
547 297
547 530
547 582
547 600
547 1690
548 198
548 293
548 544
548 737
548 768
548 810
548 1568
549 328
549 1282
549 1904
550 103
550 192
550 285
550 512
550 645
550 884
550 920
551 9
551 16
551 160
551 396
551 517
551 1176
551 1940
552 128
552 156
552 332
552 379
552 514
552 523
552 912
552 913
552 1044
552 1462
552 1772
553 4
553 228
553 341
553 520
553 1042
553 1736
554 104
554 394
554 1344
555 20
555 92
555 166
555 256
555 624
555 964
555 1129
555 1314
556 98
556 136
556 519
556 769
556 1035
556 1429
556 1671
557 4
557 580
557 644
557 820
557 1248
557 1673
557 1731
558 8
558 134
558 558
558 797
559 64
559 265
559 426
560 80
560 157
560 192
560 276
560 544
560 580
560 661
560 768
560 773
560 1097
560 1441
560 1608
560 1794
561 1295
561 1329
561 1880
562 10
562 121
562 156
562 519
562 704
562 1057
563 0
563 10
563 686
563 771
563 1084
563 1346
564 354
564 1606
564 1704
565 10
565 37
565 789
565 904
565 1383
566 7
566 66
566 192
566 328
566 451
566 1777
567 1
567 64
567 80
567 344
567 987
567 1344
568 96
568 294
568 328
568 770
568 1516
568 1837
568 1944
568 1971
569 332
570 269
570 1076
571 1282
572 82
572 128
572 307
572 648
572 793
572 1868
572 1987
573 66
573 128
573 762
573 1088
573 1420
574 576
574 1040
575 386
576 5
576 9
576 16
576 140
576 400
576 768
576 770
576 1103
576 1550
577 48
577 70
577 132
577 134
577 206
577 288
577 586
577 625
577 808
577 1045
577 1058
577 1152
577 1451
577 1473
577 1700
577 1840
578 24
578 35
578 82
578 227
578 266
578 403
578 416
578 696
578 714
578 1026
578 1032
578 1430
578 1606
578 1629
579 384
579 536
579 756
579 797
579 1346
580 88
580 98
580 129
580 180
580 256
580 278
580 481
580 588
580 1228
581 26
581 78
581 146
581 392
581 552
581 1314
581 1323
581 1408
581 1491
581 1986
582 59
582 256
582 257
582 328
582 365
582 373
582 528
582 531
582 593
582 1056
582 1540
582 1628
582 1712
582 1772
583 34
583 45
583 386
583 585
583 985
583 1322
583 1792
584 272
584 290
584 520
584 1213
584 1217
584 1236
584 1296
584 1440
584 1539
584 1762
585 12
585 260
585 746
585 790
585 836
585 1114
585 1187
586 228
586 360
586 658
587 512
588 552
588 684
588 1032
588 1218
588 1352
588 1599
589 122
589 148
589 787
590 1024
590 1812
590 1821
592 18
592 229
592 1193
592 1491
593 61
593 121
593 589
593 840
593 1036
593 1602
593 1664
593 1696
594 2
594 10
594 174
594 1627
594 1829
595 116
595 128
595 169
595 228
595 420
595 1041
595 1076
595 1152
595 1300
595 1728
596 44
596 278
596 416
596 609
596 905
596 1447
596 1922
597 596
597 954
598 100
598 1357
598 1637
598 1805
599 448
599 1732
599 1860
600 9
600 129
600 288
600 598
600 619
600 649
600 748
600 918
600 1336
600 1541
601 3
601 486
602 392
604 68
604 92
604 93
604 124
604 192
604 771
604 1680
605 388
605 1201
605 1956
606 261
606 563
607 170
607 536
607 568
608 3
608 8
608 101
608 144
608 305
608 523
608 777
608 1143
608 1721
608 1858
609 86
609 269
609 289
609 480
609 528
609 1336
609 1351
609 1429
610 128
610 264
610 1344
610 1551
610 1838
610 1950
611 169
611 256
611 275
611 785
611 905
612 256
612 289
612 580
612 1025
612 1141
612 1204
612 1861
613 34
613 51
613 68
614 23
614 517
614 555
614 1616
615 38
615 66
615 1450
615 1686
616 33
616 343
616 452
616 512
616 640
616 1962
617 73
617 88
617 166
618 1553
619 64
619 320
619 525
619 788
619 1036
619 1050
619 1202
619 1741
620 279
620 536
620 626
620 665
620 680
621 569
621 1409
622 146
622 553
622 1254
622 1608
623 0
623 868
623 1255
623 1606
623 1794
624 28
624 69
624 80
624 265
624 392
624 1024
624 1338
624 1376
625 264
625 1299
625 1536
626 48
626 129
626 274
626 320
626 449
627 30
627 340
627 522
627 1074
627 1348
627 1592
628 74
628 161
628 394
628 568
628 656
629 914
629 963
629 1330
629 1733
631 22
631 467
632 2
632 6
632 529
632 1149
632 1358
632 1554
633 81
633 1157
633 1199
635 292
635 1732
636 29
636 268
637 88
637 1155
637 1833
638 7
638 228
638 1569
638 1852
638 1894
638 1923
639 1208
640 0
640 227
640 280
640 317
640 359
640 442
640 513
640 772
640 774
640 777
640 1038
640 1091
640 1097
640 1171
640 1280
640 1426
640 1472
640 1585
640 1864
640 1995
641 16
641 129
641 144
641 313
641 352
641 411
641 561
641 788
641 818
641 1036
641 1280
641 1858
642 4
642 28
642 648
642 817
642 1122
642 1376
642 1802
643 142
643 346
643 408
643 1504
643 1536
643 1716
644 49
644 71
644 257
644 286
644 325
644 355
644 473
644 531
644 677
644 793
644 1043
644 1120
644 1509
644 1562
644 1709
644 1868
645 26
645 228
645 480
645 1025
645 1163
645 1344
646 129
646 181
646 203
646 225
646 582
646 856
646 1152
646 1608
647 976
647 1260
647 1282
647 1370
648 4
648 50
648 70
648 73
648 147
648 202
648 432
648 513
648 1156
648 1374
648 1730
648 1832
649 1
649 37
649 76
649 260
649 274
649 340
649 518
649 768
649 818
649 1165
649 1821
650 32
650 118
650 1361
650 1366
650 1536
651 0
651 36
651 158
651 1089
651 1140
651 1410
651 1412
651 1988
652 5
652 29
652 1234
652 1601
653 329
653 847
653 1040
653 1456
654 122
654 267
654 1185
654 1359
655 32
656 0
656 52
656 168
656 197
656 258
656 497
656 683
656 1048
656 1137
656 1178
656 1222
656 1255
656 1304
656 1568
657 155
657 522
657 601
657 912
657 1225
658 69
658 77
658 258
658 322
658 419
658 1152
658 1320
658 1941
659 0
659 4
659 56
659 262
659 733
659 1280
659 1293
659 1539
659 1856
660 193
660 244
660 833
660 1586
661 0
661 48
661 68
661 640
662 770
662 1408
662 1444
662 1668
663 805
663 1049
663 1241
664 518
664 565
664 1157
664 1169
665 819
665 2002
666 272
666 320
666 704
667 776
668 928
668 1033
668 1499
668 1905
669 552
669 1281
669 1414
670 36
670 392
670 393
670 1096
670 1665
671 292
671 752
672 82
672 277
672 553
672 608
672 1024
672 1039
672 1440
672 1826
673 195
673 300
673 768
673 1188
673 1508
673 1648
674 384
674 524
674 581
674 1057
674 1828
675 304
675 352
675 800
675 1456
676 24
676 48
676 397
676 573
677 256
677 512
677 555
677 578
677 805
677 1088
677 1233
677 1288
678 137
678 338
678 516
678 899
678 1564
680 213
680 731
680 781
680 816
680 873
680 992
680 1109
680 1156
681 52
681 216
682 464
683 720
683 964
684 70
684 300
684 322
684 513
684 803
684 851
684 1536
685 1408
687 1494
688 24
688 98
689 128
689 160
690 269
690 304
690 1344
690 1468
691 76
691 968
692 96
692 1696
693 100
693 166
693 544
693 1154
694 70
695 272
695 518
695 1314
696 628
696 716
696 1083
696 2024
697 259
697 260
697 584
697 1032
697 1131
698 7
698 104
698 428
699 1792
700 101
700 544
702 1508
703 1745
704 111
704 118
704 151
704 201
704 259
704 293
704 384
704 498
704 896
704 1088
704 1241
704 1292
704 1360
704 1579
705 18
705 64
705 72
705 227
705 262
705 310
705 354
705 776
705 884
705 1058
705 1306
705 1801
706 649
706 936
706 1024
706 1610
706 1696
706 1947
707 518
707 545
707 587
707 658
707 852
707 1152
707 1405
707 1892
708 127
708 384
708 488
708 801
708 1088
709 774
709 1552
709 1556
710 129
710 133
710 164
710 174
710 528
710 1337
711 76
711 226
711 544
711 836
712 34
712 52
712 384
712 834
712 1304
713 122
713 664
713 1152
713 1261
713 1352
713 1697
714 288
714 720
714 1717
715 10
715 54
715 101
715 308
715 1060
716 564
716 1025
716 1378
716 1556
717 676
718 1056
718 1296
719 384
720 611
720 649
720 674
720 1186
720 1192
720 1408
720 1568
721 137
721 816
721 969
721 1034
721 1147
721 1220
722 168
722 368
723 316
723 1299
724 81
724 567
724 1024
725 2
725 921
725 1252
727 786
727 1632
728 17
728 208
728 642
728 1426
729 96
729 1536
730 465
730 537
730 544
731 24
731 338
731 588
731 1389
732 485
732 577
732 1040
733 1426
734 1258
736 39
736 80
736 409
736 525
736 961
736 1286
736 1381
736 1669
736 1859
737 224
737 1034
737 1545
737 1668
738 16
738 262
738 392
738 1550
738 1552
738 1620
740 38
740 1576
741 648
742 145
742 280
744 306
744 866
745 529
745 1229
745 1412
746 60
746 321
746 1736
746 1764
747 432
747 1152
748 1870
749 28
749 194
749 539
750 260
750 286
750 552
751 563
752 4
752 435
753 82
753 120
753 674
753 1615
754 516
754 1793
754 1817
755 32
755 1024
756 44
756 98
756 1268
756 1606
756 1812
757 132
757 522
758 29
758 592
758 1941
759 153
759 769
760 1298
760 1692
761 36
761 259
761 610
761 1702
764 197
764 577
766 246
766 382
767 419
767 1312
767 1410
768 6
768 26
768 83
768 400
768 417
768 427
768 603
768 1041
768 1101
768 1352
768 1488
768 1921
769 0
769 24
769 80
769 88
769 417
769 542
769 974
770 272
770 296
770 469
770 624
770 1045
770 1120
770 1152
770 1168
770 1218
770 1604
771 132
771 419
771 515
771 529
771 1352
772 66
772 128
772 204
772 286
772 535
772 549
772 628
772 707
772 896
772 1184
772 1625
772 1891
773 293
773 396
773 784
773 789
773 1024
773 1301
774 5
774 274
774 399
774 1320
775 2
775 36
775 51
775 384
775 512
775 548
775 1046
776 53
776 160
776 305
776 337
776 392
776 400
776 1024
776 1067
776 1220
777 87
777 136
777 662
777 1958
778 133
778 656
778 952
778 1028
778 1330
779 3
779 214
779 513
779 960
779 1192
779 1332
779 1634
780 8
780 132
780 257
780 322
780 737
780 755
780 1035
780 1154
781 331
781 361
781 528
781 609
781 1824
782 194
782 288
782 556
782 1297
784 66
784 581
784 584
784 1548
784 1925
784 2001
785 132
785 136
785 1046
785 1693
785 1848
786 96
786 312
786 516
786 609
786 641
786 781
786 1092
786 1098
786 1332
787 357
787 385
788 86
788 130
788 165
788 332
788 528
788 595
788 640
788 1441
788 1448
788 1606
788 1912
789 678
789 933
789 1058
789 1159
789 1558
790 162
790 219
790 865
791 129
791 982
791 1584
792 354
792 457
792 524
792 583
792 994
792 2004
793 48
793 258
793 1200
793 1408
794 205
794 1040
794 1066
795 370
795 416
795 936
795 1218
795 1290
795 1448
796 8
796 288
796 676
797 19
797 93
797 97
797 524
798 16
798 450
798 552
798 816
798 866
798 1170
798 1598
799 41
799 448
800 3
800 76
800 201
800 260
800 544
800 576
800 928
800 1042
800 1664
801 12
801 336
801 355
801 414
801 904
801 1084
802 146
802 258
802 1057
802 1335
802 1488
803 1164
803 1281
804 41
804 997
804 1061
804 1176
804 1236
804 1411
805 24
805 44
805 419
805 1033
805 1304
805 1383
806 84
806 418
806 656
806 1610
807 131
807 648
807 840
807 1672
808 144
808 150
808 303
808 1153
808 1408
808 1605
809 772
809 1284
810 16
810 167
810 587
810 1092
811 136
812 136
812 160
812 266
812 570
812 677
812 773
813 494
813 546
813 650
813 1632
813 1986
814 1300
814 1732
814 1837
815 14
815 754
816 72
816 108
816 194
816 604
816 962
816 1472
816 1512
816 1844
817 149
817 413
817 806
817 1045
817 1520
818 40
818 64
818 1679
819 64
819 256
819 324
819 768
819 848
820 131
820 224
820 880
820 1089
821 159
821 277
821 532
821 1204
821 1348
821 1510
822 91
822 550
822 1095
822 1829
824 8
824 195
824 280
824 297
824 1050
824 1280
824 1410
825 204
825 1828
825 1895
826 42
826 77
826 145
826 183
828 1434
829 10
830 25
830 539
831 1312
832 74
832 711
832 989
832 1300
832 1470
832 1552
833 10
833 48
833 66
833 72
833 137
833 142
833 277
833 705
833 1322
833 1575
833 1582
834 182
834 663
834 1692
834 1921
835 36
835 1034
835 1040
835 1044
835 1348
836 18
836 74
836 197
836 481
836 697
836 1174
837 0
837 152
837 395
837 1216
838 24
838 81
838 739
838 796
838 1030
838 1444
839 24
839 67
839 416
839 513
840 51
840 59
840 135
840 374
840 482
840 604
840 612
840 644
840 802
840 1554
840 1578
840 1860
841 64
841 133
841 144
841 196
841 548
841 1048
841 1576
842 35
842 50
842 121
842 1632
842 1796
843 1217
844 33
844 66
844 154
844 535
844 1032
845 290
845 400
845 546
845 1312
846 577
846 1356
847 1152
848 64
848 142
848 233
848 368
848 665
848 1570
849 228
849 289
849 962
849 1039
850 225
850 642
850 1111
850 1292
850 1442
851 46
851 308
852 1031
852 1073
853 9
854 130
854 527
854 1231
855 94
855 130
855 340
855 514
855 1104
855 1558
856 43
856 73
856 170
856 1950
857 424
857 1059
857 1760
858 1264
860 48
860 1049
860 1649
861 7
861 10
861 69
861 1671
862 128
862 609
863 192
863 513
864 16
864 257
864 389
864 1185
864 1244
865 72
865 124
865 323
865 371
865 1219
865 1509
866 80
866 288
866 320
866 576
866 1536
866 1567
866 1698
867 206
868 5
868 393
868 496
868 512
868 516
868 576
868 896
868 908
868 1143
869 400
869 544
870 385
871 1129
872 2
872 65
872 112
872 240
872 538
872 1314
872 1828
873 42
873 209
873 456
873 580
873 680
873 1825
874 1026
874 1680
875 34
876 64
876 798
876 906
876 1036
876 1108
876 1288
877 201
877 1039
877 1065
878 204
878 256
879 1144
879 1248
880 514
880 548
881 16
881 1221
881 1258
882 755
883 770
884 21
884 128
884 294
884 304
884 1376
885 360
885 1025
885 1132
886 1380
887 3
887 1104
887 1589
887 1875
888 277
888 806
888 1268
888 1304
888 1685
889 132
890 65
890 512
890 841
890 1027
890 1141
890 1537
890 1565
891 288
892 544
895 1028
896 1
896 2
896 12
896 40
896 81
896 141
896 145
896 176
896 177
896 200
896 252
896 288
896 305
896 314
896 401
896 532
896 576
896 785
896 800
896 1078
896 1292
896 2034
897 37
897 805
897 1554
898 142
898 202
898 1297
899 8
899 14
899 86
899 169
899 305
899 336
899 517
899 641
899 1096
900 92
900 540
900 655
900 820
900 2017
901 145
901 1148
902 98
902 706
903 560
904 64
904 86
904 259
904 1058
904 1193
904 1549
905 8
905 97
905 308
905 473
905 550
905 1064
905 1505
905 1704
906 4
906 145
906 553
907 525
907 1029
907 1187
907 1352
908 116
908 149
908 164
908 433
908 610
908 1325
909 656
909 1544
909 1944
910 1813
911 1100
912 0
912 46
912 305
912 640
912 738
912 920
912 1344
912 1600
913 129
913 310
913 1057
914 8
914 144
914 210
914 513
914 544
914 598
914 640
914 1056
915 75
915 1539
916 304
916 704
916 1559
916 1760
917 1637
917 1832
918 198
918 429
918 576
919 132
919 528
920 37
920 106
920 128
920 291
920 788
920 828
920 896
920 1536
920 1892
921 536
921 586
921 608
921 1090
921 1792
922 444
922 594
922 1087
922 1416
922 1956
923 37
923 416
923 1466
923 1488
924 318
924 707
924 1696
925 36
925 200
925 528
926 525
927 41
928 72
928 346
928 528
928 561
928 775
928 1266
928 1829
929 65
929 80
929 196
929 274
929 410
929 1056
929 1953
930 10
930 396
930 1111
930 1577
931 422
931 576
931 1104
932 2
932 9
932 282
932 565
932 710
932 1130
933 151
933 206
933 1600
934 1034
934 1104
935 130
935 1614
936 614
936 1415
937 34
937 260
937 1408
938 97
938 146
938 544
938 569
938 904
939 100
940 4
940 129
940 385
942 102
943 1794
943 1938
944 88
944 1094
944 1327
944 1805
945 1292
946 1190
947 1604
949 2
949 801
949 1339
949 1548
950 802
950 1544
951 597
952 577
953 772
954 1312
955 27
955 448
955 1677
956 608
957 520
960 1
960 6
960 40
960 144
960 271
960 280
960 788
960 1146
960 1248
960 1472
960 1571
960 1596
961 0
961 66
961 132
961 364
961 531
961 803
962 681
962 1093
963 1028
963 1060
963 1064
964 65
964 256
964 1026
964 1045
965 692
965 1029
966 386
966 524
966 1235
967 104
967 133
967 322
967 1281
967 1456
968 130
968 151
968 276
968 907
969 162
969 1409
970 28
971 128
972 3
972 1092
972 1115
972 1668
973 138
973 896
974 164
974 784
974 1314
975 88
975 425
975 1084
975 1281
976 660
976 1030
977 2
978 60
978 512
978 1629
979 96
979 612
979 1200
980 12
980 68
980 1069
980 1075
981 496
982 320
983 724
983 1425
984 194
984 257
984 336
984 1036
984 1233
984 1352
988 1059
990 266
992 48
992 1422
993 18
993 32
993 1538
993 1920
994 424
994 512
994 1771
995 1
995 8
995 139
996 20
996 782
996 1684
997 1051
998 1562
998 1977
999 16
999 195
1000 137
1000 1608
1001 918
1001 1028
1002 128
1007 43
1008 14
1008 99
1008 268
1009 257
1010 1195
1011 356
1012 168
1012 448
1013 19
1015 718
1015 1330
1016 128
1016 265
1017 62
1017 160
1018 162
1018 2033
1019 40
1020 766
1021 193
1023 648
1024 21
1024 45
1024 128
1024 145
1024 161
1024 234
1024 264
1024 326
1024 472
1024 540
1024 548
1024 642
1024 648
1024 777
1024 786
1024 913
1024 994
1024 1060
1024 1121
1024 1219
1024 1371
1024 1381
1024 1636
1024 1666
1025 128
1025 146
1025 272
1025 402
1025 512
1025 626
1025 676
1025 736
1025 800
1025 1034
1025 1047
1025 1088
1025 1360
1025 1542
1025 1679
1025 2024
1026 6
1026 9
1026 71
1026 141
1026 256
1026 264
1026 266
1026 272
1026 307
1026 930
1026 1036
1026 1346
1027 132
1027 514
1027 776
1027 1025
1027 1304
1027 1333
1027 1932
1028 8
1028 72
1028 86
1028 154
1028 202
1028 259
1028 270
1028 310
1028 387
1028 402
1028 412
1028 611
1028 645
1028 785
1028 889
1028 971
1028 1025
1028 1035
1028 1041
1028 1282
1028 1324
1028 1340
1028 1750
1029 238
1029 256
1029 1831
1030 24
1030 80
1030 136
1030 166
1030 196
1030 345
1030 525
1030 771
1030 1015
1030 1101
1030 1155
1030 1178
1030 1313
1030 1548
1030 1666
1030 1744
1030 1764
1031 1
1031 32
1031 134
1031 148
1031 418
1031 514
1031 1123
1031 1294
1032 11
1032 34
1032 72
1032 93
1032 112
1032 124
1032 161
1032 162
1032 397
1032 422
1032 522
1032 558
1032 674
1032 777
1032 801
1032 1057
1032 1187
1032 1314
1032 1588
1032 1889
1033 7
1033 40
1033 266
1033 456
1033 513
1033 1028
1033 1290
1033 1304
1034 0
1034 276
1034 296
1034 312
1034 338
1034 733
1034 924
1034 1135
1034 1184
1034 1474
1034 1536
1034 1800
1034 1894
1035 136
1035 1024
1035 1092
1036 34
1036 122
1036 146
1036 348
1036 440
1036 583
1036 588
1036 667
1036 724
1036 776
1036 1025
1036 1040
1036 1042
1036 1158
1036 1579
1036 1842
1037 48
1037 150
1037 518
1037 532
1037 725
1037 1386
1037 1789
1037 1824
1038 4
1038 34
1038 52
1038 385
1038 520
1038 675
1038 1349
1038 1459
1038 1702
1039 960
1039 1616
1040 5
1040 18
1040 69
1040 71
1040 104
1040 273
1040 282
1040 296
1040 308
1040 381
1040 521
1040 581
1040 642
1040 805
1040 815
1040 1059
1040 1186
1040 1204
1040 1799
1040 1807
1040 1931
1041 82
1041 133
1041 353
1041 398
1041 436
1041 457
1041 1188
1041 1412
1041 1822
1042 3
1042 13
1042 96
1042 141
1042 208
1042 260
1042 852
1043 295
1043 512
1043 652
1043 776
1043 1028
1043 1032
1043 1244
1043 1608
1044 0
1044 57
1044 98
1044 130
1044 194
1044 368
1044 569
1044 583
1044 632
1044 641
1044 738
1044 778
1044 1104
1044 1537
1044 1669
1045 450
1046 45
1046 70
1046 143
1046 401
1046 804
1046 1283
1046 1303
1046 1336
1046 1808
1047 2
1047 256
1047 512
1047 904
1047 1200
1048 52
1048 86
1048 119
1048 129
1048 194
1048 233
1048 258
1048 320
1048 452
1048 897
1048 1152
1048 1184
1048 1465
1048 1686
1048 1741
1048 1934
1049 40
1049 320
1049 517
1049 664
1049 1096
1049 1121
1049 1344
1050 1
1050 84
1050 714
1050 1040
1050 1632
1050 1797
1051 6
1051 17
1051 52
1051 160
1051 960
1051 1121
1052 331
1052 501
1052 583
1052 1160
1053 85
1053 326
1053 1163
1053 1419
1053 1425
1054 13
1054 138
1054 723
1054 1816
1055 710
1055 1800
1056 4
1056 12
1056 25
1056 69
1056 73
1056 225
1056 288
1056 402
1056 449
1056 464
1056 593
1056 720
1056 732
1056 1168
1056 1204
1056 1233
1056 1538
1056 1984
1057 0
1057 1
1057 16
1057 388
1057 408
1057 456
1057 513
1057 531
1057 577
1057 656
1057 856
1057 1092
1058 18
1058 320
1058 374
1058 376
1058 395
1058 928
1058 1078
1058 1180
1058 1280
1058 1296
1058 1568
1058 1808
1059 50
1059 520
1059 1090
1059 1704
1060 36
1060 100
1060 113
1060 228
1060 353
1060 517
1060 543
1060 627
1060 806
1060 929
1060 1026
1060 1288
1060 1667
1061 173
1061 416
1061 1024
1061 1040
1061 1156
1061 1456
1062 301
1062 325
1062 531
1062 553
1062 802
1062 1160
1062 1186
1062 1642
1063 4
1063 26
1063 512
1064 144
1064 385
1064 400
1064 578
1064 597
1064 849
1064 1088
1064 1176
1064 1824
1065 225
1065 657
1065 1143
1065 1218
1065 1571
1066 33
1066 314
1066 537
1066 542
1066 1232
1066 1429
1067 177
1067 1238
1067 1363
1067 1412
1068 65
1068 237
1068 451
1068 777
1068 1153
1068 1609
1069 8
1069 115
1070 439
1070 1026
1070 1340
1070 1940
1071 1
1071 272
1071 864
1071 1984
1072 8
1072 19
1072 216
1072 774
1072 785
1072 896
1072 1206
1072 1542
1072 1664
1073 65
1073 128
1073 170
1073 524
1073 1025
1073 1536
1073 1665
1074 38
1074 196
1074 284
1074 798
1074 832
1074 1064
1074 1312
1074 1417
1075 101
1075 353
1075 384
1075 780
1075 1106
1076 0
1076 67
1076 68
1076 267
1076 398
1076 810
1077 80
1077 130
1077 159
1078 262
1078 802
1078 932
1078 1408
1080 210
1080 711
1081 61
1081 128
1081 135
1081 544
1081 1908
1082 34
1082 1360
1083 1219
1084 129
1084 138
1084 144
1084 333
1084 364
1084 513
1084 557
1084 964
1084 1028
1084 1032
1084 1153
1085 260
1086 964
1086 1544
1088 20
1088 44
1088 185
1088 231
1088 241
1088 258
1088 344
1088 512
1088 627
1088 775
1088 1092
1088 1104
1088 1561
1089 24
1089 25
1089 33
1089 100
1089 384
1089 653
1089 1175
1089 1554
1090 8
1090 15
1090 592
1090 600
1090 678
1090 1026
1090 1041
1090 1132
1090 1160
1090 1986
1091 32
1091 80
1091 136
1091 151
1091 192
1091 296
1091 729
1091 1129
1091 1540
1091 1576
1091 1801
1092 49
1092 339
1092 435
1092 520
1092 560
1092 645
1092 704
1092 744
1092 800
1092 1541
1092 1753
1092 1881
1093 81
1093 266
1093 529
1093 580
1094 773
1094 906
1094 1008
1094 1089
1094 1476
1094 1559
1095 0
1095 529
1096 32
1096 35
1096 40
1096 1115
1096 1556
1096 1602
1097 33
1097 227
1097 496
1097 530
1097 1414
1098 37
1098 115
1098 512
1098 641
1098 1544
1098 1850
1098 1932
1099 68
1099 178
1099 529
1099 1101
1099 1846
1100 5
1100 53
1100 136
1100 211
1100 576
1100 824
1100 834
1100 1053
1100 1368
1100 1440
1100 1547
1100 1586
1101 912
1101 1024
1101 1365
1102 387
1102 529
1102 753
1103 226
1103 286
1103 784
1104 64
1104 129
1104 132
1104 422
1104 569
1104 801
1104 1089
1104 1350
1104 1536
1105 530
1105 613
1105 960
1106 160
1106 276
1106 289
1106 415
1106 579
1107 1184
1107 1398
1107 1416
1108 1
1108 9
1108 198
1108 260
1108 648
1108 1126
1109 28
1109 32
1109 72
1109 280
1109 1675
1110 32
1110 175
1111 280
1111 605
1111 937
1112 42
1112 384
1112 542
1112 552
1112 728
1112 776
1112 785
1113 166
1113 184
1113 698
1114 648
1114 807
1114 1643
1115 11
1115 36
1115 276
1116 1
1116 118
1116 182
1116 199
1116 230
1116 1224
1116 1667
1117 139
1117 1160
1117 1163
1117 1448
1118 1200
1118 1673
1118 1684
1119 1
1119 234
1119 448
1119 494
1119 1603
1120 0
1120 109
1120 138
1120 182
1120 204
1120 278
1120 280
1120 344
1120 345
1120 753
1120 901
1120 1378
1120 1920
1121 128
1121 211
1121 421
1121 432
1121 496
1121 562
1121 1472
1121 1516
1121 1605
1122 1
1122 400
1122 829
1122 850
1122 1081
1122 1379
1123 532
1123 902
1124 133
1124 184
1124 208
1125 5
1125 7
1125 358
1125 1049
1126 402
1126 1216
1126 1792
1127 243
1127 576
1128 46
1128 429
1128 643
1128 1065
1128 1161
1128 1934
1129 305
1129 1088
1130 88
1130 268
1130 664
1130 764
1130 1108
1131 8
1131 1730
1132 14
1132 313
1132 526
1132 557
1132 566
1132 1072
1133 48
1133 169
1133 188
1133 315
1133 513
1133 639
1133 1186
1134 528
1134 787
1134 1818
1135 51
1135 1540
1135 1826
1136 14
1136 384
1136 513
1136 590
1136 736
1136 1811
1137 870
1138 72
1138 1322
1138 1577
1139 126
1139 129
1139 260
1139 624
1140 320
1140 354
1140 594
1140 1154
1140 1747
1141 522
1141 1611
1141 1828
1142 18
1142 381
1142 854
1142 1040
1142 1112
1143 4
1143 132
1143 841
1143 1770
1144 21
1144 406
1144 448
1145 282
1146 1
1146 2
1146 721
1148 6
1148 1321
1149 148
1149 214
1150 1545
1151 514
1152 20
1152 67
1152 116
1152 128
1152 149
1152 196
1152 414
1152 768
1152 921
1152 1033
1152 1156
1152 1323
1152 1350
1153 8
1153 98
1153 200
1153 256
1153 257
1153 258
1153 270
1153 464
1153 526
1153 704
1153 815
1153 948
1153 982
1153 1024
1153 1056
1153 1302
1153 1813
1153 1890
1154 67
1154 407
1154 418
1154 561
1154 1130
1154 1232
1154 1332
1154 1364
1154 1608
1155 26
1155 134
1155 144
1155 259
1155 306
1155 322
1155 848
1155 1107
1155 1112
1156 89
1156 93
1156 594
1156 913
1156 1043
1156 2036
1157 64
1157 65
1157 100
1157 133
1157 432
1157 536
1157 866
1157 1158
1157 1326
1157 1941
1158 265
1158 845
1158 1452
1158 1955
1159 132
1159 258
1159 261
1159 708
1159 1344
1160 2
1160 32
1160 256
1160 257
1160 518
1160 524
1160 560
1160 754
1160 785
1160 1092
1160 1158
1160 1372
1160 1547
1160 1566
1160 1611
1160 1877
1161 16
1161 64
1161 139
1161 196
1161 258
1161 343
1161 575
1161 925
1161 1538
1162 134
1162 256
1162 536
1162 768
1162 898
1162 945
1163 817
1164 16
1164 468
1164 590
1164 1060
1164 1516
1164 1632
1164 1974
1165 59
1165 169
1165 564
1165 616
1165 1550
1166 40
1166 64
1166 106
1167 1168
1167 1400
1168 32
1168 74
1168 84
1168 224
1168 362
1168 518
1168 520
1168 532
1168 578
1168 680
1168 711
1168 761
1168 976
1168 1096
1168 1228
1168 1311
1168 1585
1168 1794
1169 64
1169 592
1169 782
1169 926
1169 1105
1169 1272
1169 1446
1169 1488
1170 26
1170 644
1170 1288
1170 1606
1171 22
1171 64
1171 128
1171 176
1171 415
1171 590
1171 779
1171 1320
1171 1954
1172 6
1172 74
1172 181
1172 259
1172 561
1172 800
1172 1029
1172 1031
1172 1074
1172 1636
1174 52
1174 129
1174 419
1174 463
1174 464
1174 577
1174 1317
1174 1577
1174 1633
1175 26
1175 132
1175 1571
1176 259
1176 599
1176 1090
1176 1297
1176 1346
1176 1608
1177 396
1177 779
1177 1096
1177 1226
1178 234
1178 485
1178 1048
1178 1488
1179 185
1179 768
1179 802
1179 905
1179 1029
1179 1092
1180 28
1180 36
1180 512
1180 1050
1180 1409
1181 1540
1182 5
1182 21
1182 1036
1183 192
1184 34
1184 85
1184 169
1184 352
1184 358
1184 1123
1184 1665
1184 1796
1185 96
1185 272
1185 321
1185 832
1185 1112
1186 1344
1186 1419
1187 96
1187 1246
1187 1270
1188 401
1188 512
1188 548
1188 600
1188 610
1188 785
1188 1217
1188 1907
1189 82
1189 905
1189 1124
1189 1305
1189 1472
1190 1774
1191 353
1192 221
1192 466
1192 583
1192 1041
1192 1795
1193 1345
1194 785
1194 903
1194 1008
1194 1450
1195 105
1196 443
1196 481
1196 832
1196 1239
1196 1327
1197 73
1198 32
1200 12
1200 140
1200 536
1201 5
1201 512
1201 516
1201 612
1201 770
1201 996
1202 45
1202 237
1202 273
1202 346
1202 1104
1202 1570
1202 1840
1203 128
1203 944
1203 1410
1204 265
1204 931
1204 1166
1204 1312
1205 449
1205 451
1205 634
1205 808
1205 1440
1205 1614
1205 1844
1206 208
1206 784
1207 198
1207 1892
1208 2
1208 674
1208 713
1208 1379
1209 571
1209 802
1210 14
1210 146
1210 1153
1210 1997
1211 234
1211 1034
1212 73
1212 1113
1212 1448
1213 98
1214 1076
1216 61
1216 64
1216 73
1216 85
1216 108
1216 160
1216 410
1216 1448
1217 259
1217 272
1217 302
1217 324
1217 416
1217 523
1217 541
1217 609
1217 1024
1217 1088
1217 2002
1218 99
1218 192
1218 243
1218 513
1218 1029
1218 1536
1218 1728
1219 13
1219 24
1219 57
1219 76
1219 1219
1220 4
1220 17
1220 32
1220 38
1220 640
1220 692
1220 964
1220 1222
1220 1280
1221 1631
1221 1684
1222 640
1222 901
1222 1152
1223 288
1224 261
1224 305
1224 716
1225 24
1225 38
1225 309
1225 777
1225 808
1225 1100
1226 25
1226 32
1226 288
1226 289
1226 496
1227 128
1227 258
1227 1969
1228 1
1228 73
1229 585
1229 778
1229 904
1230 0
1230 14
1230 355
1230 423
1230 910
1232 70
1232 74
1232 256
1232 1025
1232 1288
1232 1496
1233 192
1233 962
1234 8
1234 128
1234 853
1234 1105
1235 414
1236 258
1236 373
1236 642
1236 1416
1236 1818
1237 194
1237 900
1237 1073
1238 779
1238 790
1238 1538
1239 10
1239 48
1239 1218
1240 256
1240 1372
1240 1377
1240 1666
1241 700
1241 779
1241 1064
1241 1288
1242 1345
1244 524
1244 644
1245 142
1245 522
1246 257
1246 1158
1247 1547
1248 5
1248 161
1248 261
1248 298
1248 498
1248 1490
1249 18
1249 241
1249 1418
1250 22
1250 696
1250 1027
1250 1052
1251 4
1251 18
1251 20
1251 406
1251 873
1251 1537
1252 13
1252 19
1252 78
1252 264
1252 648
1253 195
1253 530
1253 1172
1254 2
1254 35
1254 300
1254 1444
1254 1824
1254 1864
1255 590
1256 32
1256 720
1256 1270
1257 0
1257 2
1257 822
1257 1344
1257 1668
1257 1865
1258 371
1258 562
1258 901
1259 1744
1260 3
1260 537
1260 776
1260 1290
1260 1569
1260 1604
1261 122
1261 1025
1262 1027
1263 1385
1264 449
1264 516
1264 865
1264 1942
1265 1556
1266 922
1266 1129
1267 40
1267 332
1267 544
1267 1546
1268 51
1268 552
1268 1480
1269 340
1270 26
1270 156
1270 512
1271 5
1271 836
1272 5
1272 512
1272 548
1273 21
1273 80
1273 1800
1274 3
1274 96
1274 417
1274 1138
1274 1330
1274 1753
1275 0
1275 170
1275 265
1275 506
1275 1543
1276 78
1276 460
1277 32
1277 527
1279 1233
1279 1558
1280 9
1280 33
1280 424
1280 521
1280 554
1280 641
1280 658
1280 707
1280 1027
1280 1040
1280 1281
1280 1776
1280 1805
1280 1961
1281 36
1281 39
1281 76
1281 212
1281 293
1281 393
1281 516
1281 554
1281 680
1281 900
1281 1284
1281 1867
1282 1024
1282 1078
1282 1409
1282 1482
1282 1552
1283 80
1283 104
1283 424
1283 514
1283 546
1283 608
1283 896
1283 1121
1283 2025
1284 0
1284 195
1284 228
1284 257
1284 261
1284 262
1284 274
1284 348
1284 512
1284 532
1284 544
1284 579
1284 1025
1284 1088
1284 1123
1284 1254
1284 1684
1285 150
1285 224
1285 230
1285 352
1285 354
1285 644
1285 707
1285 842
1285 1156
1285 1256
1285 1730
1286 8
1286 140
1286 195
1286 410
1286 642
1286 1433
1286 1837
1287 81
1287 1125
1287 1132
1287 1309
1288 22
1288 209
1288 494
1288 512
1288 532
1288 594
1288 898
1288 936
1288 1088
1288 1109
1288 1116
1288 1541
1288 1593
1288 1600
1288 1601
1288 1697
1288 1805
1289 9
1289 71
1289 258
1289 288
1289 1116
1290 62
1290 224
1290 260
1290 274
1290 737
1290 1288
1291 3
1291 138
1291 869
1291 1030
1291 1056
1292 73
1292 99
1292 170
1292 234
1292 569
1292 1554
1293 0
1293 49
1293 1729
1294 7
1294 37
1294 74
1294 90
1294 1041
1294 1280
1295 0
1296 2
1296 64
1296 111
1296 395
1296 532
1296 740
1296 788
1296 1030
1296 1484
1296 1538
1297 408
1297 640
1297 1043
1297 1256
1297 1284
1298 96
1298 1026
1298 1037
1298 1604
1299 260
1299 356
1299 1056
1299 1289
1299 1508
1300 19
1300 265
1300 341
1300 544
1300 652
1300 672
1300 844
1300 1245
1301 1080
1301 1160
1301 1180
1301 1666
1301 1718
1302 146
1302 515
1302 852
1302 1254
1303 26
1303 355
1303 1280
1304 21
1304 64
1304 70
1304 109
1304 162
1304 268
1304 549
1304 2019
1305 160
1305 264
1305 1032
1305 1172
1305 1795
1306 613
1306 1121
1306 1328
1307 0
1307 1141
1307 1207
1308 16
1308 146
1309 79
1309 124
1309 256
1309 539
1309 588
1309 696
1309 788
1309 1152
1309 1216
1309 1750
1310 72
1310 352
1310 865
1311 168
1312 100
1312 103
1312 178
1312 530
1312 622
1312 766
1312 805
1312 916
1312 1560
1312 1818
1313 24
1313 882
1313 983
1313 1081
1313 1462
1314 261
1314 274
1314 604
1314 621
1314 906
1314 1360
1314 1586
1315 200
1315 442
1316 11
1316 118
1316 721
1316 778
1316 1033
1316 1091
1318 1
1318 65
1318 579
1318 644
1318 1122
1320 1
1320 32
1320 41
1320 144
1320 176
1320 642
1320 1217
1320 1454
1320 1800
1321 17
1321 77
1321 144
1321 190
1321 1136
1322 83
1322 609
1322 1057
1322 1472
1322 1546
1323 180
1323 522
1324 520
1324 891
1324 1172
1324 1512
1324 1618
1325 169
1325 1061
1325 1192
1325 1265
1325 2002
1326 72
1326 387
1327 232
1327 262
1328 289
1328 328
1328 1076
1328 1092
1328 1388
1329 528
1329 698
1329 1058
1330 608
1330 645
1330 705
1330 933
1330 1704
1331 74
1331 101
1331 754
1331 1288
1331 1573
1332 140
1332 262
1332 388
1332 562
1332 1541
1332 1800
1333 23
1333 859
1333 1178
1336 165
1336 552
1336 1420
1337 50
1337 76
1337 359
1337 716
1337 1601
1338 77
1338 195
1338 855
1338 1033
1338 1076
1339 579
1339 1024
1340 529
1340 1464
1341 10
1341 151
1341 1381
1342 484
1342 548
1343 386
1343 776
1344 21
1344 50
1344 145
1344 168
1344 1024
1344 1208
1344 1284
1344 1416
1344 1555
1344 1586
1345 97
1345 141
1345 217
1345 1026
1345 1142
1345 1603
1346 152
1346 392
1346 646
1346 809
1346 1218
1346 1444
1347 10
1347 221
1347 384
1347 1043
1347 1120
1348 112
1348 141
1348 207
1348 236
1349 0
1349 129
1349 392
1349 642
1349 913
1349 1632
1350 523
1350 1097
1350 1657
1351 564
1351 1063
1351 1860
1351 2016
1352 160
1352 896
1352 1284
1353 946
1353 1707
1354 4
1354 103
1354 454
1354 1272
1354 1348
1355 33
1355 98
1355 152
1355 919
1355 1674
1356 802
1356 1497
1357 0
1357 150
1357 274
1357 362
1357 1792
1358 598
1358 1049
1358 1133
1358 1348
1359 28
1359 998
1359 1041
1360 35
1360 136
1360 840
1360 1058
1361 24
1361 1096
1361 1784
1362 22
1362 32
1362 199
1362 414
1362 418
1362 961
1363 176
1363 193
1363 352
1363 1136
1363 1200
1364 25
1364 134
1364 192
1365 72
1365 99
1365 155
1365 208
1365 748
1366 156
1366 595
1366 601
1367 128
1367 1346
1367 1496
1367 1728
1368 1059
1369 214
1370 131
1370 148
1370 994
1370 1041
1370 1079
1370 1804
1371 4
1371 1192
1372 529
1373 531
1373 1049
1374 712
1375 7
1375 1377
1376 1
1376 18
1376 87
1376 106
1376 234
1376 516
1376 1155
1376 1536
1377 8
1377 67
1377 233
1377 554
1377 644
1377 965
1378 520
1378 800
1378 1138
1378 1328
1378 1956
1379 118
1379 134
1380 1096
1380 1166
1380 1188
1380 1285
1381 128
1381 162
1381 1027
1381 1050
1382 17
1382 82
1382 291
1382 646
1382 673
1383 972
1383 1152
1384 533
1384 1076
1384 1376
1385 369
1385 680
1385 1052
1385 1136
1386 41
1386 131
1386 466
1386 1792
1387 4
1388 12
1388 288
1388 1044
1388 1057
1389 546
1389 592
1389 788
1389 1792
1390 16
1392 16
1392 896
1392 1039
1392 1116
1393 1066
1393 1424
1394 176
1394 660
1394 906
1394 1032
1394 1584
1395 65
1395 1357
1396 29
1396 158
1396 587
1396 1283
1396 1345
1396 1650
1397 1640
1399 776
1399 1680
1400 1294
1400 1802
1401 8
1401 1282
1403 144
1403 339
1404 520
1404 1026
1404 1271
1405 390
1407 1760
1408 6
1408 16
1408 161
1408 232
1408 284
1408 304
1408 352
1408 406
1408 676
1408 1034
1408 1156
1408 1223
1408 1304
1408 1570
1409 169
1409 486
1409 561
1409 1072
1409 1873
1410 10
1410 13
1410 494
1410 513
1410 768
1410 1786
1410 1870
1411 10
1411 49
1411 80
1411 191
1411 704
1411 1668
1412 516
1412 517
1412 598
1412 616
1412 820
1412 1235
1412 1544
1412 1633
1413 167
1413 259
1413 1059
1413 1360
1413 1540
1414 346
1414 354
1414 1106
1414 1817
1414 1897
1415 0
1416 8
1416 32
1416 1041
1416 1472
1416 1652
1416 1850
1417 1122
1418 591
1418 760
1418 976
1419 681
1420 253
1420 517
1420 642
1420 1024
1421 7
1421 276
1421 545
1421 785
1421 848
1421 1033
1421 1620
1422 771
1422 922
1423 192
1423 1292
1424 384
1424 468
1424 1032
1425 38
1425 154
1425 308
1425 365
1425 394
1425 902
1425 1344
1426 288
1426 664
1427 152
1427 532
1427 1063
1428 768
1428 1361
1429 193
1429 231
1429 1068
1429 1538
1430 1612
1430 1800
1431 448
1432 390
1432 544
1432 712
1432 837
1432 1121
1432 1152
1432 1896
1433 133
1433 968
1433 1168
1434 26
1434 359
1434 480
1434 519
1434 532
1434 1834
1435 260
1435 580
1436 9
1436 96
1437 200
1437 225
1438 305
1439 460
1440 14
1440 132
1440 302
1440 393
1440 787
1440 1324
1442 0
1442 717
1442 792
1442 1348
1443 1069
1443 1219
1443 1562
1444 0
1444 49
1444 1184
1445 46
1445 144
1445 257
1445 424
1445 1171
1446 25
1446 40
1446 1028
1447 14
1447 583
1448 200
1448 554
1448 1216
1448 1636
1449 70
1449 804
1450 33
1451 1828
1451 1861
1452 66
1452 1163
1452 1746
1453 0
1453 134
1453 177
1453 453
1454 145
1455 480
1455 487
1456 34
1456 151
1456 196
1456 280
1456 530
1456 1330
1456 1496
1459 108
1459 737
1460 192
1460 293
1460 1544
1461 523
1461 784
1461 1354
1462 1064
1463 1641
1465 338
1465 1536
1466 21
1466 808
1466 1121
1467 401
1467 524
1467 1078
1467 1301
1468 1542
1469 1550
1471 712
1472 36
1472 264
1472 293
1472 526
1472 827
1472 1036
1472 1037
1472 1109
1472 1862
1473 145
1473 655
1473 1556
1474 36
1474 64
1474 521
1474 821
1474 904
1474 1048
1474 1249
1474 1408
1475 48
1475 74
1475 640
1475 1369
1476 68
1476 80
1476 133
1476 274
1476 1536
1477 2
1477 674
1477 1339
1478 154
1478 221
1478 652
1478 964
1478 1032
1478 1865
1479 689
1479 1537
1480 639
1480 1030
1480 1106
1480 1209
1480 1357
1481 194
1481 512
1482 4
1482 1095
1482 1171
1483 576
1484 4
1484 43
1484 264
1484 1068
1485 38
1485 1153
1485 1227
1485 1559
1486 53
1488 185
1488 249
1488 1036
1489 36
1489 436
1489 1138
1490 1024
1491 264
1493 2
1493 400
1493 1510
1493 1636
1494 512
1494 641
1494 1176
1496 20
1497 230
1497 1282
1498 317
1499 1550
1500 2
1500 427
1500 577
1500 739
1501 257
1502 304
1504 1647
1505 568
1506 33
1506 50
1506 768
1506 1383
1507 52
1507 104
1507 132
1507 1037
1507 1235
1508 108
1508 741
1508 864
1508 1044
1508 1316
1508 1434
1508 1544
1509 74
1509 260
1509 267
1509 1538
1510 189
1510 1849
1511 326
1511 592
1511 1112
1512 705
1513 13
1513 1058
1514 332
1514 517
1515 516
1517 447
1518 275
1518 1434
1519 54
1519 550
1520 200
1520 1032
1520 1666
1521 292
1523 788
1524 38
1524 714
1525 512
1526 2
1526 450
1527 320
1528 35
1528 128
1528 1302
1529 66
1529 1240
1529 1345
1530 641
1530 933
1531 81
1531 1056
1531 1057
1534 1
1536 27
1536 44
1536 256
1536 276
1536 344
1536 512
1536 611
1536 852
1536 1152
1536 1171
1536 1890
1537 80
1537 272
1537 844
1537 1808
1538 0
1538 18
1538 664
1538 768
1538 928
1538 931
1538 1082
1538 1221
1538 1357
1539 9
1539 25
1539 198
1539 268
1539 472
1539 1496
1540 310
1540 999
1540 1217
1540 1282
1540 1323
1540 1346
1540 1443
1540 1990
1541 160
1541 392
1541 520
1541 626
1541 1035
1541 1084
1541 1472
1541 1802
1541 1862
1542 32
1542 257
1542 328
1542 354
1542 385
1542 833
1542 1001
1542 1233
1542 1584
1542 1774
1543 16
1543 29
1543 98
1543 414
1543 1664
1544 27
1544 208
1544 465
1544 556
1544 664
1544 967
1544 1034
1544 1152
1544 1320
1544 1566
1545 10
1545 34
1545 44
1545 92
1545 107
1545 470
1545 688
1546 0
1546 20
1546 103
1546 129
1546 275
1546 453
1546 589
1546 1268
1547 26
1547 62
1547 768
1548 312
1548 417
1548 516
1548 561
1548 572
1548 1424
1549 88
1549 274
1550 26
1550 215
1550 235
1550 386
1550 1553
1551 384
1551 1173
1551 1350
1551 1556
1552 272
1552 290
1552 405
1552 582
1552 1062
1552 1260
1552 1424
1552 1520
1552 1886
1552 1920
1553 66
1553 122
1553 216
1553 644
1553 1056
1553 1077
1554 81
1554 192
1554 432
1554 488
1554 776
1554 1067
1554 1156
1554 1586
1554 1874
1555 272
1555 276
1555 514
1555 588
1555 784
1555 1017
1555 1107
1556 65
1556 80
1556 537
1556 1033
1556 1056
1557 146
1557 1364
1557 1732
1558 804
1558 1112
1559 285
1560 64
1560 354
1560 390
1560 514
1560 623
1560 828
1560 1159
1560 1536
1561 144
1561 261
1561 265
1561 899
1561 1224
1561 1432
1562 114
1562 132
1563 33
1563 64
1564 9
1564 43
1564 131
1564 445
1564 1326
1564 1479
1564 1842
1565 8
1565 48
1565 65
1565 273
1565 321
1565 1582
1565 1880
1566 11
1566 16
1566 50
1566 114
1566 289
1566 1300
1568 3
1568 44
1568 84
1568 173
1568 180
1568 377
1568 478
1568 480
1568 672
1568 1033
1568 1555
1568 1792
1569 140
1569 660
1569 1008
1569 1027
1569 1094
1569 1540
1569 1553
1569 1800
1569 1826
1569 1856
1570 145
1570 185
1570 284
1570 769
1570 880
1570 1032
1570 1121
1570 1324
1570 1476
1570 1542
1570 1609
1571 54
1571 1538
1571 1573
1571 1924
1571 1928
1572 44
1572 78
1572 116
1572 288
1572 744
1572 1071
1572 1296
1572 1338
1572 1552
1572 1728
1572 1888
1573 1680
1574 325
1574 578
1574 896
1574 1283
1575 1
1575 1297
1576 92
1576 258
1576 552
1576 1314
1577 57
1577 60
1577 72
1577 288
1577 1008
1577 1606
1578 16
1578 18
1578 1318
1579 20
1579 26
1579 1036
1579 1296
1579 1348
1580 640
1581 452
1581 650
1581 1937
1582 3
1582 768
1582 1041
1582 2032
1583 1042
1584 2
1584 28
1584 128
1584 182
1584 1312
1584 1826
1585 18
1585 137
1585 393
1585 1024
1585 1158
1585 1281
1586 452
1586 577
1586 692
1586 788
1586 1088
1586 1096
1586 1748
1587 649
1587 702
1588 1040
1588 1520
1588 1988
1589 34
1589 513
1590 5
1590 38
1590 77
1590 1123
1591 524
1593 30
1593 145
1593 386
1593 1220
1594 14
1595 688
1596 37
1596 74
1596 2019
1597 1856
1598 1089
1598 1094
1599 23
1600 1
1600 4
1600 132
1600 606
1600 1114
1600 1121
1600 1224
1600 1304
1600 1608
1601 9
1601 100
1601 301
1601 776
1601 864
1601 1896
1602 3
1602 13
1602 97
1602 133
1602 154
1602 1797
1603 230
1603 918
1603 1362
1604 225
1604 409
1604 536
1604 860
1605 0
1605 72
1605 130
1605 232
1606 96
1606 122
1606 321
1606 509
1606 848
1606 1808
1607 115
1607 1122
1607 1409
1608 21
1608 80
1608 137
1608 715
1609 132
1609 840
1609 1572
1609 1609
1610 4
1610 394
1610 744
1611 550
1611 1189
1612 450
1612 1120
1613 19
1613 313
1613 658
1613 1034
1613 1426
1614 265
1614 897
1614 1712
1614 1730
1615 69
1615 262
1616 4
1616 348
1616 353
1616 439
1616 600
1616 776
1616 841
1616 1025
1616 1028
1616 1076
1616 1337
1616 1960
1617 1323
1617 1856
1618 378
1618 1152
1618 1579
1619 1
1619 7
1619 260
1619 406
1619 642
1619 1032
1619 1172
1620 49
1620 61
1620 532
1620 738
1620 1119
1621 0
1621 1158
1621 1813
1622 150
1622 544
1622 1202
1622 1306
1624 931
1625 274
1625 833
1626 5
1627 516
1628 0
1628 396
1628 1730
1629 266
1629 1025
1629 1540
1629 1548
1630 37
1631 518
1632 1049
1632 1153
1632 1282
1632 1316
1633 144
1633 626
1633 1346
1633 1616
1633 1794
1634 449
1634 933
1635 140
1635 624
1635 1809
1636 20
1636 275
1636 347
1636 662
1636 1032
1636 1370
1636 1814
1637 86
1637 513
1637 1066
1637 1217
1638 75
1638 1168
1638 1604
1639 7
1639 65
1639 392
1639 522
1640 771
1640 865
1641 450
1641 1188
1641 1254
1641 1569
1642 1539
1643 2
1644 276
1644 578
1644 1065
1645 58
1645 776
1645 1220
1645 2010
1646 156
1648 136
1649 0
1649 32
1649 82
1649 577
1649 1026
1649 1230
1650 788
1650 1314
1651 103
1651 513
1651 1046
1651 1839
1652 256
1652 1041
1652 1392
1654 1648
1656 67
1656 563
1657 210
1657 516
1657 989
1657 1027
1657 1546
1657 1549
1658 2
1658 547
1659 180
1659 260
1659 1158
1660 1344
1662 43
1662 549
1664 16
1664 76
1664 200
1664 278
1664 772
1664 1825
1665 69
1665 128
1666 106
1666 172
1666 333
1666 1244
1666 1554
1666 1808
1667 539
1667 710
1667 771
1667 1600
1668 51
1668 457
1668 669
1668 1625
1669 96
1669 838
1669 1528
1670 36
1670 145
1671 40
1671 72
1671 1802
1672 38
1672 146
1672 206
1672 254
1672 290
1672 545
1672 781
1672 1044
1672 1702
1673 517
1673 960
1673 1313
1673 1800
1673 1861
1674 14
1674 17
1674 1024
1675 516
1676 44
1676 65
1676 320
1676 584
1676 605
1676 1577
1677 322
1677 1576
1679 560
1680 61
1680 292
1680 304
1680 451
1680 1026
1680 1045
1680 1163
1680 1462
1680 1654
1680 1744
1681 4
1681 236
1681 294
1681 585
1681 592
1681 644
1681 1041
1681 1048
1681 1889
1682 1031
1682 1736
1683 18
1683 40
1684 36
1684 38
1684 1481
1685 34
1685 1172
1686 521
1686 1883
1688 2
1688 49
1688 450
1688 656
1689 400
1689 552
1689 1192
1690 184
1690 1124
1690 1414
1690 1539
1690 1702
1691 108
1691 402
1691 528
1691 801
1692 144
1692 148
1693 20
1693 1152
1693 1354
1695 104
1695 1089
1695 1298
1696 441
1696 576
1696 646
1696 1092
1697 173
1697 651
1698 248
1698 259
1698 753
1699 347
1699 1073
1700 250
1700 301
1700 512
1700 608
1700 1032
1700 1549
1700 1651
1701 204
1701 576
1701 1188
1701 2023
1702 1712
1703 8
1704 400
1704 656
1704 1024
1704 1282
1704 1592
1705 62
1705 88
1705 288
1705 354
1705 1160
1705 1284
1706 34
1706 389
1707 228
1708 56
1708 117
1708 1093
1709 0
1709 1573
1710 184
1710 565
1712 66
1712 496
1712 579
1712 670
1712 878
1712 1024
1712 1418
1712 1834
1713 515
1713 576
1714 271
1714 1418
1714 1570
1715 1025
1715 1257
1716 4
1716 275
1716 774
1717 1844
1718 61
1718 1248
1719 4
1719 344
1719 436
1720 160
1720 1088
1720 1832
1721 292
1721 784
1721 1537
1722 1891
1723 137
1723 661
1724 41
1724 521
1725 344
1727 22
1727 263
1727 560
1728 18
1728 24
1728 32
1728 66
1728 163
1728 816
1728 1009
1729 54
1729 1550
1730 1044
1731 768
1731 1099
1732 1302
1732 1544
1732 1739
1733 3
1733 82
1733 641
1733 1048
1734 137
1734 466
1734 788
1734 1072
1734 1380
1735 817
1735 1156
1735 1574
1736 28
1736 48
1736 196
1736 290
1736 629
1736 1880
1737 2
1738 8
1738 68
1738 672
1738 1329
1739 563
1740 320
1741 596
1741 1024
1741 1825
1742 198
1743 277
1744 1049
1744 1328
1744 2032
1745 22
1745 289
1745 1627
1746 20
1746 177
1746 802
1746 1109
1746 1572
1747 644
1747 781
1748 518
1748 1077
1749 659
1750 1041
1751 325
1751 538
1754 52
1754 224
1754 513
1754 585
1754 1093
1755 813
1756 834
1757 33
1759 1280
1760 602
1760 1167
1760 1508
1760 1809
1761 8
1761 20
1761 338
1761 427
1761 611
1761 976
1761 1056
1762 468
1763 1729
1764 16
1764 141
1764 1233
1764 1476
1765 277
1765 712
1765 1284
1766 17
1766 131
1766 593
1766 1832
1768 926
1768 1312
1769 801
1770 1059
1771 59
1771 569
1771 940
1771 1048
1772 1368
1773 81
1774 225
1774 483
1776 153
1776 915
1776 1608
1777 592
1777 962
1777 1048
1778 197
1778 681
1778 1402
1778 1891
1779 308
1780 5
1780 1036
1780 1701
1781 1114
1782 160
1782 400
1782 689
1783 674
1784 138
1784 472
1784 1063
1785 65
1785 882
1785 1184
1785 1349
1786 0
1786 23
1786 961
1786 1028
1786 1571
1787 417
1791 368
1792 82
1792 410
1792 458
1792 552
1792 882
1792 934
1792 1157
1792 1218
1792 1328
1793 1358
1794 0
1794 8
1794 169
1794 278
1794 492
1794 1499
1794 1538
1794 1744
1795 106
1795 142
1795 256
1795 522
1795 793
1795 1057
1795 1425
1796 145
1796 528
1796 580
1796 673
1796 820
1796 1170
1797 80
1797 216
1797 265
1797 411
1797 578
1797 1291
1797 1462
1798 32
1798 65
1798 451
1798 584
1798 1110
1798 1544
1799 134
1799 292
1799 768
1800 472
1800 1040
1800 1170
1801 69
1801 196
1801 388
1801 930
1801 1366
1801 1664
1801 1668
1802 1286
1804 64
1804 65
1804 1342
1806 1680
1807 816
1807 1072
1808 128
1808 391
1808 584
1808 1106
1808 1222
1808 1349
1808 1560
1808 1674
1809 176
1809 367
1809 1090
1809 1480
1809 1933
1810 192
1810 301
1810 1045
1810 1141
1810 1161
1811 776
1812 0
1812 41
1812 48
1812 131
1812 771
1812 1054
1812 1209
1812 1838
1813 10
1813 37
1813 45
1813 50
1813 396
1813 592
1813 786
1814 0
1814 514
1814 1035
1814 1058
1814 1280
1815 960
1815 1536
1816 256
1816 659
1816 834
1816 968
1816 1056
1816 1060
1816 1472
1817 4
1817 176
1817 816
1817 1059
1817 1627
1818 1128
1818 1554
1819 1107
1819 1215
1819 1619
1820 10
1820 12
1820 1688
1821 17
1821 32
1821 1631
1822 709
1822 1444
1822 1676
1824 52
1824 130
1824 480
1824 576
1824 681
1824 1035
1824 1089
1824 1397
1826 36
1826 256
1826 432
1826 789
1827 576
1827 785
1827 1045
1827 1286
1828 2
1828 17
1828 449
1828 1089
1828 1682
1829 146
1830 348
1830 1544
1831 0
1831 648
1831 832
1832 390
1835 529
1835 952
1836 768
1836 1042
1836 1728
1837 194
1837 208
1837 288
1838 44
1838 172
1838 276
1838 416
1838 656
1840 138
1840 308
1840 402
1840 1577
1841 1074
1842 72
1842 738
1842 899
1843 844
1844 25
1844 36
1844 801
1844 1027
1844 1336
1847 150
1848 0
1848 81
1848 134
1848 904
1849 800
1849 992
1852 408
1852 1332
1853 291
1853 306
1853 1302
1853 1922
1853 1932
1854 142
1856 64
1856 77
1856 134
1856 682
1856 856
1856 1058
1856 1185
1856 1482
1857 236
1857 658
1857 1188
1857 1305
1858 41
1858 88
1858 151
1858 896
1858 1100
1859 69
1859 269
1859 289
1859 564
1859 1261
1859 1460
1860 452
1860 649
1860 841
1860 1618
1860 1816
1861 196
1861 627
1862 141
1862 148
1863 837
1864 0
1864 17
1864 137
1864 155
1864 1054
1864 1061
1865 174
1865 519
1865 896
1865 1158
1865 1165
1865 1589
1866 257
1866 512
1866 549
1866 1295
1866 1489
1867 68
1867 97
1867 918
1868 388
1868 1941
1869 420
1869 1400
1870 2
1870 324
1870 791
1870 840
1871 1681
1872 352
1872 520
1872 647
1873 688
1873 1670
1873 1744
1874 1827
1874 1896
1875 48
1875 1645
1876 0
1876 96
1876 414
1876 654
1876 747
1876 1226
1876 1592
1877 720
1878 134
1878 1430
1879 204
1879 256
1880 513
1880 1288
1880 1418
1881 1026
1881 1088
1882 1409
1883 520
1883 1952
1884 715
1885 0
1885 356
1887 272
1887 899
1887 1069
1888 1402
1888 1558
1888 1920
1889 558
1890 1
1890 320
1890 321
1890 1024
1891 905
1891 1317
1892 482
1892 852
1892 1032
1892 1184
1893 77
1893 1812
1894 1348
1895 1069
1895 1542
1896 1154
1898 6
1898 76
1899 34
1899 97
1899 741
1899 1296
1899 1413
1900 489
1900 832
1902 12
1904 1038
1904 1193
1904 1436
1905 64
1905 97
1906 210
1906 1248
1907 130
1908 16
1908 1618
1909 1337
1911 67
1911 134
1911 1056
1911 1192
1912 1729
1913 284
1915 256
1916 156
1917 848
1918 32
1919 1285
1919 1638
1920 4
1920 8
1920 565
1920 1218
1921 80
1921 146
1921 305
1921 1984
1922 16
1922 30
1922 257
1922 1245
1923 257
1923 1056
1923 1549
1924 803
1924 1410
1924 1553
1925 0
1925 138
1925 558
1925 1576
1926 203
1926 260
1926 1421
1927 386
1927 672
1928 168
1928 276
1928 463
1928 597
1928 1132
1928 1157
1929 100
1929 1825
1930 266
1931 34
1931 1286
1932 771
1932 779
1932 1035
1933 780
1933 1292
1935 328
1935 724
1936 64
1936 1033
1937 130
1937 871
1937 1560
1938 43
1938 281
1938 594
1938 1040
1940 0
1940 72
1940 768
1940 1152
1941 9
1941 130
1941 1090
1941 1347
1942 15
1942 1572
1943 560
1943 792
1943 1106
1944 32
1944 34
1944 512
1944 1569
1946 45
1946 1322
1947 1024
1948 960
1948 1160
1948 1353
1949 1843
1950 1061
1952 1164
1952 1201
1952 1666
1952 1799
1953 5
1953 144
1954 5
1954 433
1954 900
1956 257
1956 1076
1957 530
1958 1716
1959 345
1959 387
1959 1585
1960 513
1960 526
1961 1153
1961 1934
1962 4
1962 540
1964 795
1964 1483
1965 160
1965 275
1966 1908
1968 36
1968 389
1968 547
1968 661
1969 20
1969 78
1969 86
1970 256
1971 366
1971 502
1972 528
1972 836
1973 1312
1975 513
1976 114
1977 1434
1978 21
1978 1432
1979 2
1979 222
1980 686
1980 1036
1981 71
1981 160
1981 904
1982 102
1984 1684
1985 5
1985 16
1985 32
1985 90
1985 122
1985 359
1985 1290
1986 40
1986 77
1986 161
1986 648
1987 262
1987 1448
1988 26
1988 209
1988 320
1988 552
1989 55
1990 945
1991 210
1991 272
1992 8
1992 30
1992 324
1992 1110
1992 1411
1994 1057
1996 304
1996 436
1996 1156
1997 223
1998 424
1998 1036
1999 146
1999 1288
1999 1366
2000 14
2000 143
2000 1217
2000 1280
2000 1664
2001 385
2001 408
2002 1158
2002 1345
2004 1320
2005 64
2005 108
2005 1064
2006 736
2006 2033
2007 165
2008 20
2008 899
2008 1064
2008 1549
2009 1653
2010 57
2010 835
2010 1985
2011 1316
2012 67
2013 211
2015 528
2017 80
2017 1026
2018 645
2020 10
2020 40
2021 468
2021 807
2021 1078
2022 1364
2024 256
2024 402
2024 417
2024 737
2026 0
2027 97
2028 76
2029 847
2030 568
2031 1676
2032 93
2032 1201
2033 4
2035 1026
2038 693
2041 192
2044 1392
