# Synthetic Kronecker Graph 
# Edges are directed 
0 6
0 34
0 36
0 47
0 50
0 64
0 96
0 101
0 104
0 114
0 128
0 160
0 206
0 216
0 217
0 260
0 281
0 369
0 386
0 411
0 436
1 3
1 4
1 16
1 27
1 56
1 114
1 152
1 178
1 192
1 256
1 272
1 281
1 320
1 343
1 492
2 10
2 24
2 160
2 204
2 288
3 33
3 34
3 48
3 123
3 147
3 256
4 32
4 51
4 121
4 257
4 266
4 338
4 385
4 480
5 4
5 6
5 8
5 80
5 89
5 282
5 331
5 466
6 8
6 24
6 73
6 102
6 160
7 11
7 42
7 128
7 192
7 336
8 0
8 137
8 138
8 164
8 180
8 225
8 271
8 289
8 329
8 390
8 393
8 410
9 12
9 33
9 81
9 113
9 188
9 207
9 384
9 394
9 424
10 4
10 14
10 96
10 112
10 161
10 164
10 208
11 0
11 52
11 90
11 106
11 168
11 256
11 357
11 392
12 8
12 41
12 88
12 152
12 165
12 210
12 305
12 308
12 354
12 386
12 396
12 410
12 476
13 145
13 160
13 258
14 20
14 36
14 125
14 241
14 292
15 309
15 320
15 430
16 0
16 2
16 4
16 8
16 13
16 16
16 18
16 32
16 71
16 144
16 148
16 160
16 279
16 280
16 409
17 133
17 138
17 257
17 274
18 0
18 62
18 96
18 101
18 168
18 192
18 198
18 256
18 258
18 292
18 321
18 339
18 385
19 0
19 3
19 10
19 12
19 161
19 280
19 320
20 2
20 66
20 133
20 424
20 467
21 25
21 35
21 56
21 64
21 148
21 152
21 417
22 23
22 50
22 67
22 192
22 257
22 278
22 328
23 25
23 96
23 288
23 309
24 23
24 137
24 268
24 362
25 49
25 268
25 272
25 312
25 325
25 413
26 18
26 25
26 32
26 96
26 450
28 0
28 14
28 171
28 288
28 384
28 416
29 67
29 96
29 256
29 340
30 0
30 8
30 135
30 137
30 278
30 402
31 97
31 128
31 164
31 260
31 448
32 0
32 1
32 45
32 51
32 69
32 71
32 98
32 130
32 192
32 260
32 264
32 397
32 401
32 474
33 13
33 37
33 73
33 134
33 273
33 281
33 305
33 490
34 17
34 32
34 33
34 70
34 96
34 168
34 197
34 261
34 352
34 402
34 437
34 480
35 0
35 14
35 64
35 72
36 72
36 300
36 353
36 360
36 464
37 41
37 133
37 313
38 98
38 105
38 148
38 304
38 320
38 337
38 372
39 3
39 168
40 1
40 25
40 28
40 32
40 68
40 96
40 172
40 209
40 231
40 260
40 324
41 16
41 40
41 220
41 258
41 496
41 498
42 20
42 256
42 258
42 288
42 427
43 0
43 241
43 252
44 18
44 129
44 232
44 278
44 400
45 25
45 260
46 10
46 69
46 243
46 326
46 348
46 400
46 449
46 457
48 3
48 42
48 68
48 128
48 196
48 268
48 279
48 396
48 400
49 48
49 136
50 16
50 42
50 52
50 104
50 120
50 121
50 269
50 320
50 395
50 412
51 64
51 132
51 181
51 208
51 336
52 0
52 46
52 146
52 421
53 48
53 84
54 29
54 313
54 320
54 363
54 425
55 26
56 0
56 12
56 65
56 160
56 166
57 18
57 355
58 98
58 139
58 165
60 1
60 492
61 6
61 67
61 134
61 256
61 320
62 16
62 38
62 160
63 150
63 331
63 340
64 40
64 44
64 75
64 96
64 130
64 137
64 225
64 406
64 467
65 0
65 12
65 16
65 66
65 132
65 140
65 233
65 260
65 327
65 328
65 454
66 64
66 104
66 250
66 300
67 14
67 20
67 144
67 216
67 256
67 266
67 424
67 452
68 8
68 18
68 24
68 36
68 58
68 102
68 130
68 136
68 192
68 195
68 232
68 326
68 385
68 387
69 0
69 15
69 42
69 264
69 289
69 430
69 437
70 17
70 50
70 97
70 193
70 257
70 306
70 375
70 475
71 15
71 184
71 258
71 298
71 304
71 347
72 0
72 1
72 50
72 102
72 245
72 267
72 276
72 346
73 80
73 96
73 385
74 1
74 59
74 264
74 272
74 288
74 327
74 336
75 18
75 50
75 65
75 192
76 12
76 75
76 477
77 50
77 58
77 256
77 279
77 328
79 238
79 423
80 3
80 37
80 195
80 226
80 261
80 272
80 406
80 466
81 4
81 17
81 133
81 146
81 184
82 38
83 81
83 264
84 48
84 140
84 176
84 323
85 0
85 141
86 96
86 288
87 45
87 80
87 177
88 64
88 67
88 81
88 367
88 409
89 34
89 160
89 320
90 224
90 384
90 396
91 184
91 256
92 31
92 45
92 61
92 454
92 500
93 8
93 52
93 56
93 96
93 177
94 13
95 90
95 118
96 82
96 256
96 284
96 301
96 329
96 386
96 436
97 0
97 100
97 129
97 263
97 357
98 320
99 5
99 47
99 70
99 128
99 256
99 284
100 40
100 54
100 80
100 106
100 343
101 144
102 2
102 258
102 386
102 400
103 0
103 68
104 4
104 20
104 45
105 49
106 12
106 21
106 37
106 387
106 392
107 132
107 214
107 224
108 3
108 176
108 196
108 216
109 220
110 0
110 7
110 136
110 369
111 190
112 2
112 14
112 20
112 48
112 114
112 136
112 282
112 329
112 404
113 4
113 136
113 322
114 1
114 195
114 276
114 296
115 0
115 87
115 197
116 392
117 256
117 328
118 164
118 280
118 330
118 356
119 147
119 362
120 2
120 100
120 146
120 264
121 139
122 1
122 14
122 32
123 368
124 32
124 66
124 259
125 308
126 7
127 201
127 208
127 357
128 2
128 13
128 16
128 20
128 22
128 27
128 40
128 64
128 116
128 128
128 195
128 268
128 272
128 460
128 469
129 0
129 37
129 40
129 70
129 89
129 96
129 160
129 194
129 224
129 272
129 300
129 352
129 416
130 1
130 3
130 34
130 144
130 176
130 211
130 332
130 402
131 2
131 76
131 208
132 0
132 2
132 18
132 148
132 194
132 207
132 282
132 304
132 432
132 449
133 264
133 302
133 315
133 368
133 386
134 18
134 42
134 104
134 256
134 321
134 322
134 484
135 3
135 37
135 164
135 259
135 277
136 36
136 43
136 52
136 87
136 112
136 260
136 274
136 452
137 30
137 56
137 63
137 192
137 258
137 277
138 4
138 20
138 272
138 333
139 40
139 65
139 96
140 12
140 49
140 290
141 10
141 260
142 8
142 22
142 38
142 112
142 160
142 277
142 393
142 433
142 453
143 44
143 76
144 24
144 34
144 40
144 60
144 76
144 117
144 319
144 371
145 4
145 108
145 195
145 266
146 7
146 65
146 161
147 70
147 258
148 27
148 148
148 178
148 262
148 301
148 338
149 25
149 33
149 130
149 315
150 288
150 322
150 326
150 328
152 11
152 66
152 304
152 314
152 326
152 425
153 8
153 13
153 198
153 444
154 0
154 80
154 98
154 209
154 259
157 20
157 46
157 85
158 33
159 23
160 15
160 17
160 43
160 66
160 71
160 98
160 138
160 144
160 194
160 197
160 274
160 503
161 4
161 16
161 31
161 146
161 288
162 0
162 2
162 5
162 94
162 129
162 165
162 288
162 321
162 406
162 424
163 280
163 328
164 88
164 120
164 305
165 0
165 33
165 52
165 54
165 114
165 128
165 272
165 340
165 412
166 21
166 258
167 4
167 42
167 73
167 212
167 283
167 326
168 20
168 48
168 278
168 281
168 325
169 32
169 264
169 322
170 256
170 310
170 391
171 99
171 182
171 460
172 11
172 14
172 75
172 203
172 257
172 357
173 52
173 280
174 42
175 24
175 33
175 146
176 33
176 140
176 156
176 258
176 268
177 12
177 129
177 422
178 109
178 192
179 0
179 365
180 4
180 67
180 292
181 76
181 80
181 129
182 100
183 48
183 411
184 2
184 89
184 227
184 267
184 301
184 384
185 36
185 121
186 10
186 50
186 113
186 128
188 115
192 3
192 16
192 21
192 48
192 65
192 72
192 110
192 215
192 272
192 353
193 44
193 56
193 69
193 224
193 256
194 12
194 24
194 36
194 80
194 81
194 128
194 237
194 265
194 270
194 292
194 360
194 373
195 77
195 256
195 405
196 32
196 65
196 130
196 276
196 321
197 24
197 50
197 73
197 505
198 24
198 32
198 144
198 496
200 3
200 157
200 168
200 257
200 332
200 434
201 28
201 36
201 136
201 172
201 308
201 388
201 457
201 466
201 486
203 94
203 135
204 12
204 180
204 273
204 305
204 308
207 205
208 58
208 304
208 432
208 454
208 474
209 21
209 52
210 91
210 296
210 331
211 7
211 80
211 290
211 332
212 10
212 17
212 165
212 283
212 288
214 4
214 169
215 134
216 304
217 44
217 81
217 194
218 140
218 212
220 16
220 24
221 0
221 8
222 299
224 30
224 81
224 164
224 202
224 367
225 86
225 132
225 296
226 68
226 404
227 30
227 128
227 173
227 277
227 328
228 9
228 37
228 63
228 74
228 261
228 281
229 96
229 305
229 323
229 326
229 482
230 256
230 320
230 394
231 3
232 5
232 40
232 46
232 352
233 176
234 322
236 1
236 13
236 320
237 72
238 13
240 312
240 459
241 392
242 343
243 32
243 405
244 0
245 20
246 140
247 280
248 154
248 166
248 415
249 283
251 198
251 392
256 8
256 11
256 15
256 18
256 24
256 32
256 50
256 52
256 222
256 273
256 290
256 337
256 360
256 361
256 384
256 403
256 404
257 1
257 3
257 28
257 51
257 103
257 136
257 275
257 457
258 2
258 32
258 116
258 135
258 145
258 176
258 281
258 307
258 316
258 347
258 384
259 2
259 43
259 84
259 192
259 238
259 352
259 400
260 49
260 79
260 82
260 162
260 343
260 387
260 488
261 152
261 155
261 213
261 260
261 306
261 349
262 27
262 37
262 153
262 401
262 411
263 33
263 176
264 192
264 247
264 254
264 321
264 355
265 77
265 165
265 290
265 334
266 4
266 16
266 27
266 40
266 260
266 322
267 2
267 33
267 289
268 68
268 128
268 140
268 192
268 296
268 334
268 401
268 416
269 9
269 72
269 130
269 142
269 274
269 328
270 70
270 112
270 130
270 336
270 433
271 166
271 298
272 9
272 16
272 28
272 83
272 90
272 98
272 123
272 135
272 229
272 346
273 32
273 40
273 67
273 68
273 72
273 262
273 304
273 320
274 84
274 160
274 392
275 1
275 8
275 27
275 88
275 168
275 186
276 129
276 162
276 167
276 305
276 315
276 338
276 432
277 258
278 12
278 24
278 56
278 229
278 230
278 259
278 320
279 8
279 25
279 113
279 162
279 326
280 42
280 244
280 439
281 12
281 65
281 177
282 1
282 128
282 215
284 97
284 304
286 35
286 129
286 260
286 510
287 356
287 448
288 138
288 145
288 221
288 315
289 1
289 131
289 274
289 410
290 16
290 112
290 182
290 249
290 276
291 63
291 272
291 365
292 0
292 20
292 74
292 136
292 248
292 256
292 313
293 145
293 276
293 356
293 484
294 36
294 70
294 80
294 97
294 397
295 128
295 165
295 356
296 80
296 143
296 225
296 247
296 402
297 128
297 138
297 300
298 326
299 32
299 198
299 311
300 64
300 132
300 211
301 11
301 37
301 244
301 282
301 292
302 99
303 386
304 1
304 3
304 8
304 80
304 144
304 210
304 220
304 224
304 228
304 456
304 469
305 20
305 163
305 496
306 73
306 104
306 128
306 369
307 23
307 194
307 452
308 64
310 196
310 233
311 134
311 276
311 292
313 15
313 442
314 32
314 258
314 410
315 228
316 130
316 134
316 164
316 452
317 50
317 241
318 47
318 256
318 406
320 16
320 137
320 152
320 232
320 298
320 307
320 415
321 36
321 38
321 42
321 129
321 179
321 257
321 346
322 18
322 27
322 50
322 100
322 141
322 320
322 337
322 340
323 20
323 70
323 100
323 109
324 128
324 274
324 321
324 333
324 404
324 464
325 100
325 132
325 177
325 184
325 258
326 0
326 33
326 48
326 56
326 278
328 4
328 129
328 134
328 188
328 193
328 288
328 398
328 482
329 76
329 256
329 296
330 435
331 193
332 32
332 38
332 136
332 160
332 261
332 330
332 424
333 384
334 2
334 32
334 128
334 173
334 224
334 248
336 36
336 44
336 82
336 116
336 135
336 281
336 429
337 39
337 68
337 144
337 160
337 168
337 336
338 0
338 421
339 14
339 36
339 257
340 0
340 98
340 140
340 359
341 290
342 32
342 422
343 70
343 104
344 11
344 171
344 322
344 404
345 19
345 100
345 122
345 124
346 17
346 122
347 49
348 36
348 148
349 32
351 272
351 352
351 360
352 29
352 32
352 128
352 137
352 433
352 474
353 9
353 26
353 84
354 64
354 280
355 18
355 412
356 4
356 42
356 81
356 132
356 353
357 0
357 16
357 325
358 96
358 163
359 7
359 80
359 499
360 0
360 49
360 320
362 64
362 65
362 187
362 282
363 192
364 18
364 88
364 118
365 16
365 89
366 153
368 138
368 180
368 274
369 21
369 32
369 69
369 158
369 322
369 329
370 5
370 76
370 235
370 456
371 0
371 32
372 0
372 88
372 123
373 340
373 420
374 390
375 125
375 288
376 9
376 48
376 180
376 236
381 429
384 56
384 80
384 96
384 132
384 196
384 259
384 267
384 321
384 377
384 461
385 4
385 98
385 193
385 212
386 0
386 64
386 274
386 356
386 420
387 3
387 4
387 288
387 456
387 492
388 8
388 17
388 18
388 35
388 72
388 107
388 203
388 277
389 10
389 264
389 398
390 13
390 144
390 257
391 72
391 408
392 224
392 225
392 256
392 428
393 1
393 353
394 49
394 123
394 258
394 264
394 308
394 360
394 386
394 456
395 24
395 50
395 195
396 20
396 340
397 162
397 164
397 249
397 333
398 0
398 112
398 340
399 1
399 25
399 205
400 8
400 61
400 62
400 117
400 272
400 436
401 140
402 0
402 163
402 227
402 324
402 400
403 129
404 3
404 137
404 385
405 18
405 40
405 160
405 230
405 264
406 5
407 6
408 44
409 6
409 66
410 43
410 113
410 261
411 9
412 83
412 148
412 249
412 272
412 289
412 301
413 142
413 291
414 14
414 64
416 0
416 34
416 89
416 130
416 140
416 256
416 264
416 291
416 432
417 32
417 65
417 114
417 131
417 282
417 324
418 35
418 322
419 1
419 40
420 26
420 330
420 420
421 18
421 88
421 144
421 196
422 6
422 14
424 161
424 202
424 232
425 9
425 11
425 36
425 136
426 11
426 16
427 429
428 16
428 87
428 129
428 189
428 368
428 387
429 68
429 164
429 173
429 392
430 125
430 316
431 164
432 25
432 138
432 305
433 177
433 199
433 322
434 18
434 52
434 184
434 361
434 385
435 6
438 57
438 186
438 322
439 320
440 24
441 10
441 19
441 66
442 36
442 86
442 256
443 102
444 401
445 72
445 282
446 160
448 13
448 24
448 256
448 273
448 278
448 296
448 303
449 194
450 69
450 92
450 195
450 205
450 249
451 177
452 4
452 30
452 170
452 192
452 247
453 52
453 193
453 218
453 317
453 331
454 18
454 32
454 66
454 160
454 176
454 386
455 33
456 198
457 263
458 5
458 11
458 144
458 357
459 66
459 137
460 35
460 283
461 21
461 65
461 75
462 129
462 305
463 292
464 264
466 29
466 93
468 67
470 305
472 89
472 264
472 289
474 204
475 130
477 8
477 44
480 31
480 71
480 82
480 135
480 456
481 18
481 88
482 339
483 1
483 265
484 64
484 72
484 256
484 290
486 258
488 88
488 144
489 148
489 418
490 498
491 0
491 20
492 0
492 64
492 169
493 136
494 128
494 214
495 337
497 202
497 233
498 0
498 256
498 329
500 2
500 14
500 56
500 164
501 40
503 462
504 386
505 20
506 44
509 42
