# Synthetic Kronecker Graph 
# Edges are directed 
0 1
0 18
0 23
0 32
0 43
0 96
0 128
0 144
0 148
0 229
0 274
0 291
0 321
0 384
0 400
0 416
0 517
0 552
0 593
0 643
0 719
0 722
0 890
0 918
0 919
0 1046
0 1068
0 1105
0 1185
0 1216
0 1217
0 1250
0 1373
0 1442
0 1480
0 1507
0 1605
0 1636
0 1685
0 1714
0 1796
0 1992
1 0
1 37
1 40
1 97
1 138
1 265
1 266
1 282
1 296
1 324
1 384
1 386
1 460
1 653
1 680
1 799
1 801
1 822
1 936
1 1025
1 1097
1 1220
1 1280
1 1304
1 1420
1 1692
1 1715
1 1809
1 1970
2 60
2 66
2 101
2 156
2 164
2 210
2 264
2 297
2 324
2 330
2 560
2 594
2 653
2 764
2 881
2 925
2 1168
2 1246
2 1260
2 1340
2 1354
2 1356
2 1440
2 1506
2 1735
2 1813
2 1818
3 18
3 24
3 105
3 114
3 131
3 150
3 260
3 304
3 324
3 516
3 598
3 677
3 1099
3 1124
3 1155
3 1224
3 1792
3 1801
4 43
4 58
4 101
4 106
4 129
4 163
4 342
4 629
4 669
4 768
4 854
4 898
4 913
4 921
4 986
4 1024
4 1108
4 1116
4 1185
4 1230
4 1338
4 1440
4 1984
5 64
5 136
5 229
5 385
5 538
5 640
5 642
5 700
5 900
5 960
5 1013
5 1559
5 1656
6 2
6 4
6 136
6 163
6 369
6 528
6 547
6 656
6 704
6 793
6 820
6 921
6 1122
6 1155
6 1281
6 1424
6 1568
6 1798
7 21
7 25
7 340
7 385
7 547
7 648
7 793
7 899
7 1284
7 1542
8 0
8 2
8 9
8 32
8 52
8 58
8 65
8 101
8 137
8 273
8 370
8 489
8 513
8 537
8 631
8 822
8 856
8 1043
8 1048
8 1058
8 1181
8 1208
8 1225
8 1274
8 1280
8 1284
8 1346
8 1588
8 1682
9 26
9 43
9 88
9 112
9 145
9 194
9 261
9 262
9 397
9 401
9 442
9 549
9 1016
9 1040
9 1042
9 1064
9 1090
9 1184
9 1290
10 2
10 38
10 68
10 154
10 381
10 453
10 524
10 525
10 561
10 693
10 1159
10 1308
10 1449
10 1635
11 16
11 17
11 80
11 273
11 410
11 506
11 771
11 937
11 1048
11 1298
11 1306
11 1472
11 1563
12 8
12 10
12 48
12 79
12 144
12 178
12 202
12 208
12 298
12 432
12 664
12 704
12 1008
12 1067
12 1080
12 1160
12 1185
12 1291
12 1345
13 70
13 88
13 128
13 132
13 256
13 280
13 476
13 512
13 528
13 568
13 929
13 983
13 1556
13 1673
13 1928
14 3
14 166
14 181
14 593
14 641
14 704
14 1072
14 1168
14 1232
14 1254
14 1409
14 1858
14 1891
15 3
15 80
15 98
15 244
15 257
15 273
15 1034
15 1538
15 1697
15 1712
16 0
16 2
16 8
16 11
16 13
16 28
16 38
16 39
16 52
16 66
16 87
16 90
16 369
16 513
16 520
16 657
16 772
16 848
16 928
16 1289
16 1323
16 1936
16 1953
16 1956
17 8
17 275
17 500
17 515
17 521
17 525
17 579
17 580
17 774
17 833
17 898
17 990
17 1026
17 1048
17 1072
17 1168
17 1328
17 1473
17 1728
17 1729
17 1792
18 90
18 176
18 183
18 193
18 431
18 544
18 592
18 716
18 975
18 1195
18 1409
18 1548
18 1552
18 1674
18 1785
18 1920
19 192
19 512
19 576
19 584
19 1088
19 1155
19 1219
19 1332
19 1456
19 1704
20 16
20 70
20 160
20 164
20 258
20 352
20 547
20 928
20 936
20 1056
20 1105
20 1296
20 1613
20 1696
20 1776
21 130
21 262
21 265
21 384
21 514
21 516
21 882
21 1632
21 1689
22 84
22 121
22 136
22 251
22 690
22 825
22 1112
22 1281
22 1538
23 0
23 416
23 554
23 1040
23 1044
23 1282
23 1576
23 1648
24 40
24 64
24 88
24 242
24 283
24 547
24 599
24 768
24 1327
24 1665
24 1760
25 82
25 266
25 290
25 300
25 529
25 531
25 645
25 1084
25 1111
25 1792
25 1988
26 336
26 536
26 614
26 645
26 1047
26 1051
26 1060
26 1101
26 1156
26 1282
26 1680
27 212
27 916
27 1336
28 14
28 17
28 130
28 224
28 327
28 424
28 576
28 641
28 764
28 937
28 1050
28 1282
28 1732
28 1956
29 24
29 200
29 437
29 679
29 1088
30 40
30 337
30 528
30 600
30 665
30 1378
30 1682
30 1740
31 283
31 529
31 808
31 1068
31 1138
31 1153
32 4
32 8
32 24
32 42
32 50
32 74
32 81
32 129
32 132
32 144
32 306
32 390
32 541
32 543
32 592
32 634
32 694
32 818
32 1040
32 1096
32 1174
32 1205
32 1228
32 1669
32 1735
33 41
33 106
33 152
33 386
33 396
33 601
33 1202
33 1521
34 4
34 58
34 133
34 447
34 556
34 590
34 745
34 1024
34 1296
34 1639
34 1648
34 1740
34 1744
34 1952
34 1953
35 58
35 76
35 568
35 586
35 788
35 1106
35 1152
35 1157
35 1428
35 1473
35 1850
36 0
36 1
36 49
36 82
36 90
36 256
36 262
36 266
36 332
36 610
36 614
36 704
36 850
36 1044
36 1048
36 1152
36 1457
36 1643
36 1666
36 1674
36 1834
37 6
37 16
37 36
37 237
37 289
37 512
37 1070
37 1258
37 1301
37 1827
38 136
38 276
38 387
38 448
38 531
38 550
38 1001
38 1028
38 1092
38 1124
39 32
39 96
39 182
39 368
39 590
39 603
39 1099
39 1237
40 33
40 210
40 523
40 544
40 552
40 642
40 1049
40 1152
40 1314
40 1410
40 1836
41 18
41 96
41 760
41 816
41 819
41 1241
41 1319
41 1545
42 72
42 76
42 93
42 265
42 519
42 546
42 608
42 651
42 848
42 1081
42 1091
42 1178
42 1196
42 1222
42 1299
42 1336
42 1793
43 4
43 72
43 277
43 324
43 883
43 1160
43 1346
44 133
44 181
44 305
44 402
44 440
44 577
44 808
44 1101
44 1324
44 1456
44 1458
44 1810
44 1872
45 2
45 280
45 641
45 1293
45 1508
45 1746
46 0
46 18
46 164
46 192
46 264
46 576
46 872
46 932
47 201
47 256
47 259
47 658
48 16
48 119
48 196
48 296
48 551
48 599
48 704
48 725
48 771
48 1032
48 1056
48 1673
48 1697
49 33
49 162
49 339
49 544
49 608
49 691
49 912
49 1158
49 1792
50 17
50 32
50 38
50 384
50 456
50 552
50 652
50 1032
50 1057
50 1088
50 1303
50 1690
51 1
51 35
51 97
51 553
51 773
51 1150
51 1308
51 1353
51 1418
52 40
52 194
52 536
52 1027
52 1555
53 132
53 234
53 581
53 806
53 829
53 896
53 1240
53 1400
53 1540
53 1582
53 1840
54 12
54 17
54 97
54 520
54 596
54 1050
54 1088
54 1637
54 1940
55 166
55 288
55 848
55 856
56 48
56 332
56 416
56 548
56 768
56 781
56 1327
56 1568
57 47
57 73
57 84
57 202
57 292
57 582
57 1048
58 108
58 128
58 391
58 1036
58 1683
59 219
59 1025
59 1606
60 521
60 769
60 832
60 844
60 1064
60 1077
60 1440
60 1633
61 2
61 27
61 134
61 251
61 520
61 844
61 1394
61 1435
61 1711
61 1819
62 192
62 549
62 902
62 1178
62 1552
62 1608
63 34
63 516
63 1153
64 7
64 70
64 128
64 235
64 266
64 289
64 309
64 326
64 328
64 404
64 512
64 774
64 781
64 866
64 1040
64 1045
64 1088
64 1144
64 1299
64 1331
64 1333
64 1626
65 2
65 35
65 55
65 198
65 262
65 352
65 512
65 532
65 663
65 879
65 1092
65 1154
65 1332
65 1345
65 1474
65 1618
65 1782
66 0
66 53
66 66
66 76
66 193
66 250
66 304
66 434
66 706
66 737
66 1054
66 1592
66 1664
67 129
67 201
67 219
67 384
67 737
67 1028
67 1080
68 8
68 9
68 20
68 36
68 41
68 105
68 113
68 116
68 146
68 194
68 216
68 561
68 828
68 893
68 1025
68 1103
68 1173
68 1268
68 1285
68 1336
68 1352
68 1461
68 1521
68 1572
68 1796
68 1932
69 0
69 24
69 58
69 68
69 128
69 178
69 256
69 357
69 390
69 979
69 1028
69 1097
69 1152
69 1570
70 26
70 48
70 54
70 84
70 512
70 536
70 680
70 737
70 785
70 1050
70 1425
70 1506
70 1833
71 36
71 129
71 186
71 264
71 276
71 450
71 757
71 1026
71 1578
71 1589
72 38
72 76
72 196
72 212
72 260
72 276
72 306
72 384
72 577
72 768
72 904
72 1042
72 1076
72 1184
72 1600
72 1824
73 0
73 2
73 6
73 34
73 68
73 266
73 576
73 611
73 1132
73 1282
73 1572
73 1959
74 134
74 224
74 288
74 327
74 504
74 1458
74 1796
75 10
75 145
75 528
75 1096
76 26
76 168
76 200
76 322
76 1379
76 1584
76 1640
76 2025
77 33
77 436
77 592
77 1027
77 1164
77 1441
78 402
78 787
78 953
78 964
78 1159
78 1441
78 1947
79 2
79 58
79 546
79 592
79 1041
79 1856
80 32
80 133
80 385
80 458
80 498
80 557
80 640
80 679
80 710
80 881
80 1639
80 1972
81 272
81 548
81 568
81 757
81 778
81 846
81 920
81 1036
81 1122
81 1124
81 1538
81 1752
82 86
82 172
82 552
82 782
82 1210
82 1282
83 4
83 15
83 32
83 101
83 416
83 898
83 1044
83 1058
83 1362
83 1410
84 0
84 196
84 336
84 393
84 462
84 478
84 843
84 1636
84 1680
85 9
85 904
85 1158
85 1202
86 291
86 384
86 521
86 595
86 1208
86 1558
86 1608
87 341
87 394
87 1824
88 68
88 260
88 278
88 548
88 838
88 992
88 1028
88 1046
88 1057
88 1135
88 1570
89 240
89 417
89 549
89 1044
89 1233
90 33
90 556
90 1088
90 1289
90 1416
90 1612
90 1865
91 35
91 194
91 626
91 1776
92 34
92 196
92 395
92 1057
92 1089
93 0
93 87
93 385
93 723
93 904
93 1280
93 1286
94 3
94 133
94 1733
94 1820
96 82
96 97
96 114
96 128
96 192
96 204
96 362
96 379
96 452
96 681
96 685
96 716
96 759
96 1024
96 1028
96 1072
96 1100
96 1208
96 1378
96 1801
97 97
97 355
97 784
97 1049
97 1490
98 76
98 130
98 259
98 272
98 773
98 921
98 939
98 1030
98 1220
98 1580
99 13
99 274
99 520
99 1200
99 1447
99 1588
100 60
100 143
100 541
100 546
100 680
100 961
100 1040
100 1243
100 1547
100 1735
101 48
101 112
101 536
101 962
101 1284
102 4
102 33
102 35
102 171
102 222
102 1132
102 1433
102 2025
103 17
103 34
103 44
103 268
103 534
103 809
103 1728
104 0
104 210
104 525
104 535
104 538
104 541
104 608
104 772
104 1253
104 1320
104 1937
105 36
105 646
105 714
105 1184
105 1602
106 13
106 14
106 154
106 1028
106 1427
106 1585
106 1722
107 290
107 362
107 640
107 1090
107 1296
107 1542
108 372
108 704
108 805
108 1027
108 1073
108 1269
108 1409
108 1550
108 1688
109 32
109 448
109 786
110 1090
110 1130
110 1285
110 1888
111 107
111 534
111 1245
111 1604
112 123
112 504
112 577
112 648
112 1349
112 1728
113 183
113 292
113 1026
113 1108
113 1408
114 344
114 490
114 588
114 1026
114 1032
114 1061
114 1091
114 1152
114 1373
114 1381
114 1395
115 450
115 1025
115 1152
115 1194
115 1661
116 260
116 1452
116 1792
117 290
117 708
117 1049
117 1813
118 308
119 137
119 256
119 259
119 404
119 448
119 577
119 579
119 631
119 1130
120 74
120 262
120 322
120 874
120 1189
120 1538
121 0
121 40
121 728
121 1596
121 1994
122 24
122 42
122 68
122 320
122 624
122 826
122 1025
122 1092
122 1817
123 292
123 418
123 491
123 1155
123 1538
123 1568
124 32
124 56
124 192
124 384
124 546
124 793
125 257
125 264
125 742
126 514
126 785
126 848
126 1288
126 1642
128 0
128 1
128 129
128 139
128 194
128 200
128 264
128 324
128 342
128 355
128 400
128 449
128 468
128 498
128 1034
128 1042
128 1075
128 1381
128 1568
128 1680
129 0
129 139
129 144
129 161
129 517
129 584
129 614
129 705
129 773
129 1042
129 1240
129 1608
130 2
130 25
130 71
130 110
130 160
130 256
130 298
130 321
130 332
130 532
130 941
130 1121
130 1200
130 1243
130 1312
130 1591
130 1792
130 1931
131 0
131 2
131 9
131 14
131 37
131 41
131 64
131 778
131 784
131 1583
131 1604
131 1817
131 1968
132 64
132 65
132 114
132 424
132 552
132 562
132 770
132 1025
132 1026
132 1063
132 1285
132 1318
132 1417
132 1460
132 1856
133 13
133 114
133 264
133 328
133 516
133 578
133 625
133 1080
133 1285
133 1442
133 1460
133 1848
133 1938
134 180
134 788
134 992
134 1096
134 1652
135 29
135 68
135 132
135 452
135 684
135 921
135 1114
135 1287
135 1577
136 0
136 5
136 9
136 156
136 164
136 194
136 197
136 210
136 264
136 289
136 452
136 648
136 677
136 1033
136 1036
136 1052
136 1354
136 1456
136 1536
136 1542
136 1552
136 1905
137 0
137 48
137 64
137 168
137 223
137 296
137 432
137 640
137 705
137 1030
137 1460
137 1563
137 1628
138 1
138 21
138 34
138 44
138 231
138 256
138 404
138 582
138 600
138 648
139 28
139 728
139 1045
139 1323
139 1352
139 1864
140 4
140 25
140 86
140 145
140 148
140 399
140 517
140 562
140 900
140 1028
140 1034
140 1046
140 1070
140 1348
141 16
141 148
141 354
141 980
141 1024
141 1305
141 1542
141 1545
141 1667
142 35
142 160
142 286
142 391
142 533
142 592
142 657
142 819
142 834
142 936
142 1069
142 1300
142 1547
143 105
143 189
143 285
143 1308
143 1860
144 10
144 24
144 38
144 68
144 186
144 221
144 276
144 320
144 326
144 425
144 521
144 752
144 925
144 1060
144 1097
144 1386
144 1428
144 1693
144 1833
144 1857
145 33
145 36
145 37
145 141
145 216
145 357
145 673
145 816
145 1024
145 1046
145 1296
145 1422
146 12
146 24
146 33
146 400
146 614
146 886
146 1388
147 1034
147 1235
147 1393
147 1601
147 1641
148 202
148 288
148 423
148 455
148 589
148 1505
148 1624
149 29
149 56
149 136
149 258
149 608
149 1029
149 1096
149 1621
150 34
150 1161
150 1201
150 1224
150 1448
150 1656
151 70
151 78
151 360
151 572
152 3
152 274
152 295
152 514
152 529
152 768
152 955
152 1167
152 1244
152 1412
152 1680
153 23
153 65
153 312
153 788
153 1184
153 1294
153 1476
153 1609
154 1
154 32
154 39
154 64
154 164
154 864
154 1199
154 1230
154 1312
154 1768
155 8
155 98
155 293
155 609
155 1024
155 1116
155 1818
156 26
156 295
156 306
156 532
156 883
156 1027
156 1074
156 1226
156 1794
156 1808
157 36
157 50
157 323
157 656
158 64
158 146
158 1540
158 1705
159 22
159 144
159 289
159 386
159 452
160 1
160 8
160 32
160 96
160 146
160 258
160 269
160 271
160 323
160 521
160 612
160 626
160 753
160 769
160 803
160 936
160 985
160 1024
160 1032
160 1088
160 1112
160 1441
160 1472
160 1474
160 1674
160 1712
161 73
161 84
161 136
161 269
161 734
161 960
161 1078
161 1348
161 1544
161 1870
162 0
162 16
162 19
162 98
162 155
162 160
162 553
162 853
162 898
162 1352
162 1859
163 784
163 786
163 859
163 898
163 1152
163 1229
164 2
164 16
164 22
164 80
164 194
164 266
164 291
164 516
164 1024
164 1032
164 1045
164 1056
164 1219
164 1253
164 1338
164 1643
164 1696
165 50
165 273
165 1036
165 1920
166 0
166 1
166 129
166 1091
166 1176
166 1280
167 5
167 153
167 266
167 338
167 514
167 1061
167 1571
168 0
168 16
168 171
168 260
168 354
168 452
168 524
168 544
168 960
168 965
168 1100
168 1296
168 1308
168 1588
169 82
169 272
169 304
169 1048
169 1104
169 1220
169 1301
169 1680
169 1694
170 0
170 16
170 44
170 146
170 337
170 356
170 631
170 707
170 1040
170 1287
170 1457
170 1820
171 132
171 304
171 645
172 266
172 448
172 656
172 788
172 1127
172 1247
172 1427
172 1942
173 10
173 128
173 348
173 632
173 1226
174 1280
174 1574
174 1863
174 1993
175 32
175 1791
176 3
176 20
176 258
176 674
176 771
176 1030
176 1180
176 1344
176 1380
176 1492
176 1664
176 2020
177 24
177 78
177 110
177 128
177 129
177 543
177 1052
177 1163
178 136
178 332
178 448
178 1538
178 1864
179 24
179 1152
179 1664
180 533
180 577
180 653
180 772
180 1366
180 1805
180 1904
181 177
181 771
181 1714
182 281
182 282
182 294
182 984
183 27
183 272
183 328
183 560
183 1090
184 7
184 13
184 76
184 320
184 437
184 614
184 695
184 1341
185 269
185 616
186 20
186 321
186 859
187 432
187 628
188 136
188 515
188 832
189 1647
190 1174
190 1544
191 602
191 1024
192 0
192 18
192 65
192 257
192 327
192 362
192 389
192 490
192 536
192 539
192 904
192 928
192 1059
192 1064
192 1084
192 1475
192 1546
192 1928
192 2009
193 0
193 7
193 74
193 166
193 272
193 548
193 588
193 1125
193 1316
193 1480
193 1569
193 1712
193 1792
193 1862
194 9
194 50
194 82
194 137
194 159
194 167
194 269
194 323
194 409
194 587
194 604
194 769
194 790
194 970
194 1024
194 1107
194 1224
194 1377
194 1698
195 177
195 195
195 264
195 386
195 417
195 1056
195 1280
195 1803
196 138
196 526
196 537
196 813
196 816
196 872
196 1090
196 1363
196 1417
196 1808
196 1882
197 1136
197 1556
197 1804
198 18
198 32
198 49
198 275
198 361
198 413
198 522
198 548
198 594
198 942
198 1885
199 260
200 0
200 531
200 580
200 696
200 704
200 803
200 1570
200 1954
201 34
201 84
201 119
201 288
201 385
201 416
201 1048
201 1379
201 1986
202 16
202 74
202 170
202 225
202 257
202 448
202 588
202 962
202 1152
202 1155
202 1620
203 9
203 233
203 1409
204 112
204 632
204 771
204 1058
205 27
205 1536
205 1542
206 2
206 512
206 1080
206 1473
206 1865
207 129
207 789
207 913
208 0
208 7
208 20
208 29
208 129
208 213
208 373
208 572
208 573
208 880
208 1074
208 1161
208 1408
208 1552
208 1952
209 24
209 121
209 644
209 705
209 1033
209 1208
209 1280
209 1319
209 1749
209 1833
210 6
210 13
210 331
210 1377
210 1443
210 1634
211 48
211 192
211 514
211 1401
211 1473
212 48
212 1027
212 1604
212 1624
213 162
213 572
213 768
213 992
213 1008
213 1030
213 1032
213 1410
213 1548
214 41
214 415
214 780
214 996
214 1198
214 1736
215 100
215 631
215 1584
216 1
216 33
216 256
216 262
216 521
216 1618
217 362
217 656
217 1055
217 1154
217 1320
217 1336
218 13
218 100
218 326
218 552
218 1233
218 1552
218 1809
220 0
220 133
220 196
220 272
220 551
220 897
220 1284
221 1348
222 80
222 247
222 260
222 1106
223 370
223 1410
224 8
224 139
224 259
224 271
224 532
224 770
224 997
224 1104
224 1634
225 0
225 64
225 512
225 540
225 544
225 1795
225 2004
226 16
226 269
226 336
226 818
226 1189
226 1307
226 1313
227 72
227 661
227 1159
227 1396
227 1841
228 107
228 390
228 1202
228 1614
229 52
229 1830
230 50
230 80
230 300
230 880
230 1160
230 1920
230 1941
231 0
231 22
231 67
231 276
231 545
231 1150
232 28
232 229
232 581
232 727
232 896
232 1077
232 1424
232 2004
233 273
233 596
233 1022
233 1102
233 1582
233 1627
234 129
234 227
234 645
234 653
234 658
234 1070
235 5
236 4
236 34
236 215
236 1552
237 16
237 259
237 579
237 1066
237 1224
238 30
238 576
238 625
238 642
238 1296
240 133
240 516
240 803
240 1104
240 1164
241 18
241 594
241 800
241 1418
241 1829
242 64
242 239
242 545
242 696
242 918
242 1048
242 1752
243 256
243 257
243 540
243 1152
243 1642
244 96
244 129
244 517
244 798
245 32
245 668
245 1622
246 109
246 1108
246 1614
247 1152
247 1430
248 1792
249 262
249 668
249 1034
249 1213
250 428
250 1088
250 1385
250 2013
251 139
251 256
251 512
251 1156
252 897
252 1065
253 124
253 835
255 200
255 272
256 4
256 12
256 30
256 45
256 152
256 532
256 540
256 652
256 961
256 1091
256 1169
256 1217
256 1225
256 1280
256 1383
256 1442
256 1676
257 6
257 10
257 32
257 46
257 91
257 96
257 143
257 204
257 224
257 526
257 528
257 536
257 666
257 849
257 1025
257 1029
257 1034
257 1064
257 1161
257 1312
257 1316
257 1671
257 1846
258 18
258 32
258 40
258 44
258 53
258 128
258 412
258 492
258 514
258 516
258 593
258 772
258 775
258 823
258 1027
258 1058
258 1065
258 1089
258 1475
258 1536
258 1539
258 1552
258 1560
258 1620
259 17
259 258
259 294
259 385
259 691
259 1027
259 1381
259 1561
259 1601
259 1776
260 244
260 275
260 385
260 691
260 692
260 1076
260 1104
260 1105
260 1152
260 1182
260 1345
260 1537
260 1594
260 1672
260 1697
261 54
261 135
261 169
261 256
261 307
261 570
261 902
261 1250
261 1280
261 1536
261 1698
261 1736
262 16
262 338
262 395
262 641
262 1154
262 1912
263 10
263 113
263 546
263 1028
263 1030
263 1058
264 25
264 64
264 71
264 128
264 192
264 201
264 258
264 272
264 341
264 517
264 592
264 619
264 771
264 970
264 1133
264 1144
264 1170
264 1296
265 4
265 39
265 128
265 138
265 145
265 536
265 542
265 1025
265 1036
265 1200
265 1281
265 1425
265 1624
265 1984
266 35
266 96
266 400
266 572
266 884
266 1044
266 1089
266 1168
266 1216
266 1697
267 368
267 834
267 1073
267 1255
268 0
268 7
268 385
268 515
268 593
268 748
268 1276
269 81
269 531
269 656
269 1144
270 88
270 144
270 812
270 1040
270 1641
271 0
271 66
271 212
271 425
271 540
272 71
272 74
272 84
272 85
272 160
272 177
272 292
272 525
272 1029
272 1579
272 1673
272 1986
273 40
273 48
273 100
273 320
273 431
273 518
273 536
273 1088
273 1440
273 1570
274 119
274 166
274 529
274 677
274 680
274 772
274 866
274 1042
274 1056
274 1090
274 1928
275 33
275 106
275 162
275 260
275 376
275 1414
275 1581
276 200
276 256
276 514
276 673
276 1059
276 1144
276 1216
276 1316
276 1666
277 38
277 75
277 345
277 348
277 640
277 820
277 1172
278 5
278 32
278 35
278 95
278 169
278 284
278 353
278 388
278 410
278 612
278 672
278 820
278 1272
278 1536
279 67
279 603
279 1921
280 13
280 66
280 90
280 524
280 547
280 1026
280 1031
280 1072
280 1128
280 1380
280 1416
280 1545
280 1672
280 1984
281 149
281 256
281 574
281 590
281 730
281 736
281 1028
281 1210
282 21
282 160
282 227
282 404
282 410
282 1122
282 1156
282 1351
282 1537
282 1681
282 1797
283 800
283 1024
283 1096
283 1556
284 136
284 324
285 19
285 358
285 531
285 641
285 1040
285 1095
285 1121
285 1625
286 400
286 744
286 1985
287 561
288 24
288 60
288 193
288 320
288 392
288 520
288 524
288 560
288 643
288 656
288 705
288 1036
288 1040
288 1051
288 1292
288 1472
288 1475
288 1812
288 1864
288 1880
288 1887
289 44
289 113
289 603
289 671
289 721
289 741
289 1220
289 1266
289 1347
289 1952
289 1968
290 5
290 8
290 21
290 65
290 88
290 156
290 211
290 320
290 388
290 523
290 600
290 636
290 896
290 928
290 1103
290 1157
291 512
291 778
291 1120
291 1173
291 1564
291 1704
292 6
292 137
292 183
292 204
292 218
292 256
292 270
292 613
292 1043
292 1089
292 1361
292 1836
293 11
293 103
293 258
293 298
293 334
293 398
293 779
293 1030
293 1032
293 1503
294 329
294 436
294 568
294 889
294 1029
294 1466
295 24
295 276
295 556
295 1610
296 3
296 84
296 100
296 134
296 530
296 916
296 1352
296 1586
296 1610
297 52
297 160
297 486
297 640
297 725
297 816
297 1557
297 1610
298 24
298 68
298 156
298 478
298 513
298 795
298 1029
298 1185
298 1536
298 1548
298 1601
300 36
300 100
300 147
300 195
300 673
300 792
300 1168
301 32
301 424
301 779
301 832
302 3
302 720
302 1024
302 1088
303 522
304 34
304 162
304 193
304 257
304 353
304 493
304 577
304 610
304 622
304 827
304 832
304 1360
305 128
305 172
305 224
305 1536
306 268
306 492
306 535
306 551
306 648
306 712
306 769
306 805
306 1161
306 1421
306 1602
306 1624
306 1830
306 1937
307 385
307 1593
308 72
308 259
308 612
308 1093
309 19
309 895
309 961
309 1288
310 66
310 619
310 1160
310 1664
311 359
312 4
312 342
312 359
312 642
312 672
312 897
312 1106
312 1226
312 1469
313 75
313 89
313 561
313 1856
314 4
314 138
314 456
314 1234
315 16
315 36
315 960
315 1297
318 0
318 876
318 1901
319 1186
319 1427
319 1936
320 22
320 60
320 70
320 390
320 464
320 1040
320 1082
320 1117
320 1144
320 1160
320 1300
320 1472
321 0
321 22
321 48
321 100
321 266
321 305
321 836
321 1083
321 1156
321 1163
321 1264
321 1568
321 1703
322 101
322 138
322 270
322 444
322 642
322 709
322 804
322 1024
322 1042
322 1122
322 1297
322 1393
322 1418
322 1544
322 1679
323 168
323 298
323 520
323 640
323 666
323 1921
323 1990
324 14
324 20
324 49
324 142
324 262
324 295
324 388
324 632
324 712
324 948
324 1040
324 1057
324 1066
324 1156
324 1424
324 1988
325 2
325 4
325 84
325 104
325 113
325 136
325 314
325 388
325 1040
325 1114
326 4
326 146
326 521
326 596
326 1268
327 545
327 1057
327 1070
328 8
328 67
328 135
328 280
328 427
328 601
328 798
328 834
328 1024
328 1027
328 1248
328 1425
328 2000
329 115
329 161
329 775
329 1312
329 1698
329 1762
330 33
330 144
330 1047
330 1580
331 13
331 390
331 672
331 1220
331 1572
332 16
332 273
332 1024
332 1841
333 61
333 204
333 336
333 349
333 934
333 1539
333 1572
334 90
334 644
335 224
335 400
335 560
335 1441
335 1718
336 22
336 33
336 48
336 578
336 900
336 922
336 1162
336 1282
336 1520
336 1624
336 1676
336 1753
336 1928
337 149
337 232
337 350
337 1253
337 1552
337 1938
338 2
338 8
338 312
338 521
338 1276
338 1360
338 1536
339 385
339 408
339 430
339 1040
339 1633
340 4
340 23
340 130
340 186
340 788
340 867
340 1177
340 1266
341 37
341 1088
341 1096
342 30
342 239
342 640
342 772
342 1216
343 125
343 285
343 1204
344 43
344 181
344 327
344 618
344 1468
344 1559
345 16
345 131
345 259
345 611
345 854
345 1202
346 4
346 572
346 1218
347 236
347 689
348 0
348 109
348 138
348 453
348 1028
348 1600
348 1689
349 3
349 350
349 422
349 569
349 1008
350 10
350 140
350 648
350 716
350 896
350 1540
352 9
352 64
352 90
352 141
352 464
352 789
352 1030
352 1090
352 1553
352 1569
352 1728
353 512
353 1539
353 1681
353 1728
354 124
354 145
354 146
354 180
354 520
354 537
354 665
354 696
354 1056
354 1537
354 1776
355 8
355 161
355 162
355 336
355 576
355 1304
356 4
356 34
356 96
356 132
356 1176
356 1489
356 1809
356 1813
357 726
357 1031
357 1196
357 1602
357 1628
357 1808
358 768
358 968
358 1188
360 4
360 315
360 474
360 824
360 1000
360 1284
361 256
361 279
361 534
361 1040
361 1044
361 1825
362 232
362 296
362 302
362 1081
363 68
363 148
363 512
363 561
363 1038
364 9
364 36
364 216
364 312
364 1024
364 1029
365 72
365 1155
366 1
366 561
367 536
367 957
367 1994
368 32
368 132
368 136
368 291
368 356
368 393
368 432
368 1041
368 1152
368 1284
368 1296
369 385
369 924
369 1064
370 1155
370 1408
371 265
371 520
371 544
371 1736
372 1
372 1554
373 372
373 552
374 32
374 77
374 2000
376 4
376 190
376 1026
376 2022
377 16
377 44
377 64
377 129
377 200
377 515
377 774
377 1191
378 174
378 1409
378 1545
379 5
379 1052
379 1154
379 1997
380 3
380 12
380 1570
380 1888
381 113
381 1764
382 1165
384 21
384 129
384 201
384 224
384 239
384 282
384 290
384 322
384 420
384 876
384 930
384 967
384 1153
384 1313
384 1315
384 1555
384 1569
385 37
385 74
385 84
385 88
385 218
385 718
385 801
385 992
385 1056
385 1076
385 1569
385 1694
386 12
386 536
386 1033
386 1174
386 1506
386 1555
386 1821
386 1822
386 1840
387 66
387 111
387 148
387 464
387 1072
387 1216
388 11
388 32
388 100
388 1104
388 1172
388 1297
388 1441
388 1765
389 76
389 204
389 448
389 1123
390 2
390 76
390 324
390 1850
391 1190
391 1458
392 4
392 67
392 104
392 131
392 176
392 264
392 334
392 347
392 1049
392 1054
392 1122
392 1764
393 1
393 77
393 528
393 680
394 10
394 134
394 184
394 240
394 294
394 784
395 64
395 256
395 516
395 720
395 1126
395 1220
395 1811
396 2
396 64
396 188
396 274
396 776
396 814
396 1046
396 1152
396 1211
397 132
397 450
397 520
397 1046
397 1388
398 165
398 584
398 1376
399 516
400 34
400 386
400 598
400 1027
400 1189
400 1930
400 1954
401 20
401 448
401 1024
401 1035
401 1216
401 1548
402 313
402 360
402 638
402 659
402 1024
402 1037
402 1571
402 1781
403 1556
403 1580
404 42
404 65
404 167
404 308
404 556
404 1040
405 52
405 66
405 553
405 1312
406 1232
407 76
407 325
408 0
408 121
408 268
408 537
408 1048
408 1105
408 1230
409 16
409 161
409 683
409 704
409 721
409 919
409 948
409 1326
409 1420
410 1673
411 7
411 260
411 519
411 1085
411 1284
412 37
412 50
412 291
412 886
412 1032
413 209
413 1248
413 1345
414 294
414 1346
415 514
415 563
416 170
416 360
416 547
416 870
416 891
416 1060
416 1673
416 1876
417 4
417 14
417 120
417 384
417 769
417 1033
417 1154
417 1698
418 195
418 472
418 517
418 1024
418 2002
419 552
419 583
419 652
420 588
420 1090
420 1673
420 1736
420 1756
421 18
421 129
421 520
421 1059
421 1108
421 1294
421 1438
421 1699
422 2
422 8
422 520
422 1156
422 1316
424 6
424 17
424 192
424 1352
424 1756
424 1952
425 49
425 132
425 165
425 769
425 1072
425 1549
425 1900
426 262
426 596
426 670
426 1277
426 1536
426 1545
427 258
427 512
428 147
428 656
428 1370
429 576
429 1209
430 1635
432 24
432 874
432 960
432 979
432 1424
432 1576
432 1883
433 401
433 1368
434 11
434 512
434 513
434 1358
435 262
435 274
435 516
436 12
436 515
436 1026
436 1109
436 1316
436 1568
437 32
437 401
437 1474
438 0
438 145
438 1537
439 424
439 608
440 731
440 1216
441 1056
441 1122
442 160
442 262
442 442
442 1056
442 1092
442 1426
442 1541
442 1571
443 561
444 5
444 542
445 56
445 506
445 709
445 778
446 330
446 1029
447 1200
447 1616
448 1
448 131
448 238
448 272
448 585
448 609
448 705
448 868
448 1043
448 1424
449 531
449 576
449 888
449 1060
449 1164
449 1984
450 280
450 676
450 1039
450 1066
450 1184
450 1681
450 1804
451 56
451 468
451 518
451 1176
451 1357
451 1670
451 1732
452 205
452 736
452 788
452 1153
452 1670
453 772
453 1449
454 6
454 1671
454 1984
455 555
455 1066
455 1292
456 145
456 449
456 512
456 526
456 1032
456 1570
456 1712
457 18
457 738
457 816
457 867
458 37
458 275
458 392
458 513
459 11
459 259
459 442
459 963
459 1211
459 1376
460 272
460 464
460 521
460 1029
461 23
461 82
461 164
461 276
461 1234
461 1461
461 1992
462 52
462 280
462 486
462 1172
462 1761
463 1062
463 1312
464 16
464 552
464 680
464 786
465 923
465 1033
465 1093
465 1955
466 18
466 464
466 1581
467 810
467 874
467 1105
467 2001
468 39
468 200
468 468
468 498
468 1025
468 1336
468 1348
469 13
469 1084
469 1096
469 1120
470 346
470 1492
470 1538
471 171
471 268
471 513
472 2
472 428
472 461
472 743
473 20
473 41
473 569
473 614
473 834
473 1104
474 12
474 130
474 228
474 527
474 544
474 774
474 1128
475 47
476 19
476 225
476 1412
476 1422
476 1674
477 138
477 273
478 624
479 1152
480 48
480 320
480 586
480 968
480 998
480 1025
480 1184
481 314
481 416
481 725
481 1606
482 194
482 634
482 644
482 1572
483 1345
483 1549
483 1651
484 179
484 292
484 722
484 832
484 1090
484 1163
484 1305
485 68
485 161
485 554
485 988
486 424
486 1573
486 1681
487 64
487 561
488 50
488 448
488 780
489 650
489 1280
490 2
490 25
490 194
490 1792
491 0
491 29
492 61
492 1292
493 0
493 50
494 0
496 179
496 288
496 664
497 1738
498 38
498 50
498 957
498 1152
499 444
500 26
500 402
500 528
500 533
500 729
500 1056
501 588
504 0
504 1968
505 258
505 1068
506 1424
507 1222
508 1332
510 244
512 0
512 28
512 36
512 41
512 144
512 177
512 248
512 276
512 295
512 341
512 516
512 613
512 656
512 1027
512 1049
512 1145
512 1152
512 1554
512 1920
512 1960
513 13
513 21
513 24
513 32
513 95
513 131
513 218
513 282
513 482
513 521
513 555
513 581
513 855
513 1105
513 1235
513 1326
513 1890
514 4
514 230
514 272
514 340
514 548
514 549
514 569
514 712
514 714
514 724
514 775
514 1057
514 1313
514 1397
514 1616
514 1673
514 2034
515 41
515 177
515 282
515 515
515 833
515 1540
515 1824
516 2
516 112
516 129
516 160
516 344
516 531
516 1076
516 1088
516 1205
516 1285
516 1305
516 1577
516 1621
516 1872
517 224
517 832
517 896
517 946
517 977
517 1444
517 1544
517 1622
518 87
518 148
518 203
518 403
518 556
518 579
518 642
518 771
518 1061
518 1096
518 1160
519 128
519 167
519 904
519 1160
519 1324
519 1712
519 1926
520 272
520 305
520 327
520 330
520 389
520 448
520 512
520 560
520 649
520 785
520 787
520 1545
520 1680
520 1830
521 64
521 70
521 72
521 227
521 272
521 314
521 400
521 514
521 546
521 1557
521 1614
521 1996
522 100
522 256
522 412
522 515
522 632
522 708
522 722
522 1101
522 1166
522 1285
522 1698
522 1793
523 0
523 57
523 133
523 162
523 608
523 1066
523 1116
524 0
524 33
524 66
524 96
524 136
524 293
524 338
524 456
524 576
524 1092
524 1697
525 74
525 240
525 384
525 417
525 594
525 766
525 986
525 1057
525 1473
525 1546
525 1704
526 396
526 532
526 1409
526 1869
527 8
527 16
527 224
527 740
527 1061
528 0
528 24
528 98
528 161
528 208
528 311
528 397
528 663
528 739
528 945
528 1048
528 2032
529 161
529 228
529 292
529 320
529 328
529 329
529 388
529 397
529 418
529 420
529 521
529 709
529 1132
529 1254
529 1353
529 1884
530 70
530 96
530 131
530 289
530 320
530 362
530 521
530 688
530 768
530 792
530 964
530 1025
530 1097
530 1099
530 1207
530 1365
530 1378
530 1582
531 98
531 338
531 908
531 1024
531 1026
531 1036
531 1152
531 1341
532 32
532 54
532 132
532 144
532 422
532 1000
532 1122
532 1453
533 16
533 149
533 154
533 184
533 544
533 960
533 1066
533 1380
533 1607
533 1792
534 130
534 445
534 592
534 1094
534 1174
534 1353
535 64
535 384
535 717
535 1472
536 16
536 24
536 204
536 225
536 260
536 278
536 553
536 865
536 1078
536 1081
536 1159
536 1188
536 1296
536 1358
537 128
537 228
537 292
537 1308
537 1477
537 1936
538 216
538 385
538 544
538 905
538 928
538 1026
538 1168
538 1177
538 1700
539 81
539 368
539 1028
539 1736
540 192
540 616
540 1185
540 1295
541 274
541 294
541 1259
541 1280
541 1803
542 64
542 65
542 105
542 1049
543 160
543 519
544 6
544 37
544 164
544 221
544 261
544 390
544 578
544 713
544 1035
544 1052
544 1148
544 1420
544 1562
544 1673
545 258
545 264
545 280
545 290
545 521
545 795
545 1076
545 1208
545 1218
545 1305
545 1360
546 16
546 17
546 80
546 93
546 313
546 547
547 130
547 1587
547 1809
547 1812
547 1936
547 1972
548 24
548 100
548 144
548 150
548 160
548 258
548 320
548 546
548 672
548 1089
548 1226
548 1256
548 1624
548 1665
549 44
549 257
549 412
549 1032
549 1072
549 1216
549 1768
550 0
550 15
550 246
550 263
550 280
550 290
550 399
550 541
550 931
550 1343
551 396
551 770
551 1964
552 52
552 72
552 140
552 237
552 288
552 292
552 322
552 706
552 1123
552 1137
552 1200
552 1509
552 1697
553 110
553 573
553 1042
553 1104
553 1541
553 1552
553 1636
553 1690
554 34
554 169
554 1170
554 1856
556 40
556 302
556 384
556 1093
557 664
558 1223
559 422
559 527
559 1088
560 17
560 264
560 272
560 301
560 312
560 452
560 770
560 962
560 1025
560 1033
560 1043
560 1044
560 1048
560 1056
561 19
561 132
561 267
561 514
561 689
561 771
561 833
561 1024
561 1480
561 1607
561 1793
562 4
562 8
562 18
562 166
562 193
562 257
562 522
562 547
562 1062
562 1240
562 1279
563 17
563 1064
563 1216
563 1392
563 1537
564 4
564 16
564 29
564 209
564 262
564 546
564 801
564 807
564 808
564 1344
564 1433
564 1720
566 70
566 1016
566 1082
566 1636
567 130
567 259
568 33
568 52
568 400
568 1432
569 22
569 256
569 513
569 1144
570 256
570 296
570 316
570 516
570 578
572 9
572 529
572 566
572 1137
572 1286
572 1544
575 12
575 138
576 112
576 130
576 148
576 157
576 192
576 194
576 325
576 545
576 553
576 1112
576 1296
576 1318
576 1441
576 1451
576 1616
576 1730
576 1807
577 16
577 92
577 148
577 176
577 320
577 321
577 525
577 704
577 1098
577 1294
577 1316
577 1448
578 2
578 12
578 88
578 196
578 321
578 403
578 482
578 537
578 635
578 640
578 1187
578 1296
578 1482
578 1699
579 102
579 306
579 513
579 698
579 896
579 904
579 1030
579 1315
580 25
580 265
580 303
580 330
580 676
580 788
580 865
580 1217
580 1331
580 1345
580 1712
581 36
581 64
581 153
581 680
581 869
581 1040
581 1080
581 1152
581 1173
581 1698
582 8
582 1280
582 1549
582 1893
583 165
583 1042
583 1440
584 0
584 768
584 836
584 1016
584 1317
584 1416
584 1689
585 6
585 210
585 659
585 838
585 928
585 1101
585 1121
585 1936
586 9
586 344
586 1040
586 1720
587 50
587 129
587 280
587 568
587 932
587 1192
587 1297
588 8
588 132
588 278
588 344
588 1542
588 1990
589 9
589 177
589 312
589 611
589 769
589 1096
590 97
590 162
590 212
590 258
590 533
590 584
590 1034
591 228
591 1146
591 1281
591 1706
592 16
592 22
592 49
592 144
592 257
592 688
592 768
592 1044
592 1145
592 1244
592 1280
592 1316
592 1589
593 126
593 192
594 16
594 61
594 194
594 947
594 1682
595 36
595 65
595 400
595 554
595 866
595 1128
595 1965
596 64
596 133
596 166
596 465
596 468
596 512
596 1059
596 1686
596 1739
596 1846
596 1852
597 30
597 64
597 247
597 676
597 1045
597 1076
598 237
598 513
598 731
598 776
598 803
598 1334
599 18
600 34
600 146
600 189
600 256
600 516
600 1099
600 1168
600 1198
600 1425
600 1608
600 1722
600 1794
600 1828
601 0
601 658
601 802
601 1561
602 162
602 913
603 164
603 808
603 2040
604 57
604 1714
605 640
605 1520
606 65
606 257
606 397
606 576
606 661
606 789
607 6
607 1061
607 1928
608 133
608 144
608 156
608 172
608 341
608 346
608 651
608 709
608 721
608 865
608 924
608 1281
608 1315
608 1615
608 1676
609 9
609 128
609 397
609 740
609 777
609 1032
609 1192
609 1413
610 230
610 289
610 716
610 800
610 1048
610 1250
611 1058
611 1154
612 104
612 194
612 272
612 395
612 1719
613 23
613 27
613 50
613 80
613 265
613 1024
613 1034
614 1350
614 1600
614 1675
614 1856
615 4
615 1074
615 1616
616 3
616 17
616 73
616 294
616 401
616 787
616 842
616 1331
617 48
617 56
617 199
617 513
617 769
618 0
618 9
618 194
618 254
619 1225
620 12
620 476
620 555
621 98
621 516
621 1067
621 1368
622 213
622 790
623 1565
624 4
624 121
624 176
624 526
624 1174
624 1224
624 1421
625 4
625 99
625 274
625 492
625 522
625 883
625 897
626 16
626 512
626 640
626 1028
627 1166
628 74
628 194
628 386
628 424
628 800
628 866
628 1501
629 664
629 757
630 0
630 2
630 39
630 97
630 516
632 6
632 20
632 326
632 832
632 1222
632 1796
633 11
633 19
633 98
633 1123
635 82
635 401
636 70
636 93
636 276
639 66
639 130
640 11
640 70
640 102
640 138
640 193
640 418
640 646
640 706
640 1024
640 1145
640 1173
640 1554
640 1763
641 1
641 58
641 128
641 196
641 520
641 577
641 826
641 1040
641 1138
641 1332
641 1863
642 3
642 41
642 49
642 304
642 538
642 594
642 1083
642 1153
642 1295
642 1433
643 92
643 821
643 1155
643 1291
644 138
644 154
644 274
644 562
644 864
644 1033
644 1256
644 1349
644 1412
644 1738
645 169
645 205
645 1049
646 12
646 32
646 40
646 384
646 403
646 517
646 838
646 880
646 1050
646 1216
646 1369
646 1568
646 1587
647 168
647 442
647 1553
647 1564
647 1573
648 272
648 292
648 332
648 515
648 1216
648 1304
648 1685
649 34
649 51
649 611
649 836
650 202
650 705
650 1049
650 1087
650 1344
650 1428
651 437
651 524
651 578
651 1154
652 1160
653 26
653 138
653 705
653 1393
653 1491
653 1612
653 1741
653 1932
654 1668
655 16
655 172
656 7
656 144
656 276
656 561
657 64
657 129
657 1641
658 9
658 48
658 153
658 197
658 384
658 386
658 794
658 1588
658 1747
659 158
659 256
660 66
660 96
660 165
660 456
660 789
660 1665
660 1839
661 72
661 340
661 1491
662 20
662 23
662 25
662 309
662 520
662 1184
663 102
663 336
663 580
663 1034
663 1544
664 15
664 16
664 21
664 206
664 521
664 1099
664 1632
664 1792
665 199
665 571
665 1253
665 1350
665 1540
666 4
666 21
666 65
666 1384
667 257
667 289
667 387
667 589
667 600
668 9
668 32
668 50
668 181
668 336
668 769
668 929
668 1168
668 1507
668 1543
669 1480
670 350
671 202
671 660
671 1216
671 1702
672 194
672 676
672 815
672 1057
672 1088
672 1141
672 1436
672 1536
672 1824
673 4
673 293
673 780
673 1028
673 1088
673 1143
673 1476
673 1660
674 4
674 131
674 204
674 906
674 1136
674 1611
674 1820
674 1826
674 1921
675 240
675 633
675 648
676 1
676 33
676 224
676 673
676 1065
676 1568
677 232
677 360
678 48
678 288
678 717
678 1097
678 1536
678 1756
679 66
680 1042
680 1428
681 364
682 571
682 1034
682 1556
682 1634
683 400
683 616
683 1060
683 1234
683 1682
684 194
684 272
684 449
684 798
684 1024
684 1045
685 16
685 290
685 450
685 1748
687 164
688 83
688 513
688 530
688 669
688 1888
689 524
689 1575
690 20
690 116
690 594
690 771
690 825
690 1026
691 327
692 67
692 68
692 89
692 274
692 326
692 346
692 1441
693 283
693 544
693 712
693 1036
693 1058
693 1696
694 738
694 1124
694 1176
694 1672
695 53
696 327
696 1186
697 416
698 1226
698 1280
699 534
699 642
700 10
700 40
700 64
700 227
701 35
701 826
701 1370
702 112
702 480
703 403
703 1348
703 1881
704 16
704 44
704 140
704 536
704 609
704 806
704 929
704 1040
704 1900
705 274
705 1027
705 1666
705 1819
706 476
706 539
707 15
707 240
707 272
707 1062
707 1212
707 1403
708 45
708 257
708 1031
709 1137
709 1232
710 570
710 1198
710 1297
710 1808
710 1879
711 393
711 588
711 768
712 74
712 158
712 166
712 524
712 666
712 1101
712 1156
712 1168
712 1176
712 1426
712 1792
712 1818
713 554
713 931
714 146
714 556
714 1153
715 12
715 1098
716 384
716 521
716 577
716 675
716 1028
716 1042
716 1074
716 1234
716 1319
717 1456
718 164
719 80
719 545
720 97
720 191
720 386
720 418
720 535
720 1872
721 55
721 384
721 430
721 520
721 784
721 1064
722 18
722 35
722 446
722 518
723 1057
724 188
724 627
724 1292
725 0
725 132
725 386
726 0
726 12
726 23
728 528
730 50
730 528
730 833
730 1464
731 309
732 6
732 97
732 617
733 897
734 203
735 516
736 1
736 69
736 96
736 97
736 105
736 132
736 314
736 646
736 1282
736 1430
736 1561
737 646
737 904
737 1224
737 1589
738 130
738 352
738 834
738 1034
738 1084
738 1134
738 1826
739 0
739 598
739 1076
740 512
740 716
740 1025
740 1168
740 1912
741 385
742 64
742 149
742 1443
743 1552
744 14
744 240
745 265
745 288
745 664
745 1553
746 65
746 1079
747 176
747 524
748 27
748 1220
750 0
751 21
752 48
752 82
752 592
752 643
753 1
753 57
753 120
753 148
753 389
753 1420
754 1800
755 96
755 148
755 1560
756 12
756 162
756 270
756 1098
756 1240
757 544
757 1024
758 833
758 864
759 8
760 81
760 162
760 408
760 1177
761 400
762 391
762 1069
765 438
766 1796
767 1376
768 4
768 13
768 1048
768 1086
768 1099
768 1186
768 1332
768 1738
768 1976
769 12
769 82
769 181
769 182
769 484
769 656
769 805
769 972
769 1334
769 1456
769 1550
769 1632
770 0
770 2
770 22
770 32
770 202
770 1088
770 1089
770 1090
770 1193
770 1221
770 1678
771 128
771 259
771 272
771 1280
772 66
772 68
772 200
772 305
772 806
772 1036
772 1732
773 0
773 1
773 770
773 1184
774 0
774 26
774 42
774 81
774 272
774 274
774 322
774 349
774 624
774 691
774 813
774 824
774 1408
774 1414
775 16
775 18
775 68
775 97
775 192
775 614
775 1536
776 10
776 129
776 135
776 242
776 393
776 568
776 1348
776 1369
776 1488
777 39
777 132
777 291
777 418
777 628
777 1152
777 1232
777 1363
777 1571
777 1601
777 1888
778 134
778 173
778 1044
779 4
779 85
779 661
779 1292
780 89
780 112
780 520
780 583
780 677
780 692
780 1040
780 1284
781 138
781 321
781 351
781 420
781 936
781 1041
781 1121
781 1152
781 1696
781 1896
782 657
782 1320
783 4
783 192
784 34
784 112
784 128
784 176
784 290
784 648
784 1084
784 1090
784 1281
784 1796
785 17
785 37
785 620
785 784
785 986
785 1033
785 1110
785 1420
786 60
786 293
786 466
786 518
786 570
786 649
787 8
787 32
787 195
787 1042
787 1061
788 160
788 206
788 852
788 1344
788 1414
788 1617
789 1
789 37
789 440
789 1178
789 1329
790 24
790 96
790 163
790 1045
790 1174
791 1036
791 1268
792 0
792 168
792 392
792 652
792 657
792 1028
792 1292
793 739
793 1887
794 9
794 21
794 64
795 152
795 292
795 416
795 801
795 1122
796 566
796 1298
797 101
797 1750
798 8
798 261
800 25
800 32
800 64
800 121
800 130
800 260
800 340
800 614
800 1054
801 0
801 25
801 115
801 206
801 265
801 386
801 482
801 1432
802 5
802 149
802 416
802 917
802 1088
802 1312
802 1580
803 48
803 315
803 327
803 448
803 834
803 1346
803 1728
803 1803
804 214
804 267
804 512
804 732
804 1104
804 1648
805 358
805 537
805 602
805 1280
805 1472
806 34
806 777
806 1025
806 1297
807 5
807 273
807 556
807 614
807 1036
807 1359
807 1412
808 98
808 382
808 1060
808 1154
808 1604
809 82
809 130
809 284
809 733
809 1088
810 13
810 16
810 73
810 96
810 150
810 184
810 265
810 1728
811 9
811 156
811 856
811 1564
813 192
813 996
813 1164
813 1617
813 2024
814 253
814 802
814 1316
815 292
815 657
816 23
816 194
816 533
816 723
816 1288
816 1616
817 1169
818 28
818 112
818 515
818 522
818 1754
820 137
820 760
820 1120
820 1264
820 1290
821 261
821 646
821 844
821 1298
822 67
822 930
823 646
824 1548
825 157
825 285
825 1024
825 1803
826 1153
827 133
828 42
828 115
828 614
828 1288
828 1840
829 8
829 414
829 1367
830 241
832 0
832 69
832 104
832 224
832 467
832 896
832 1024
832 1065
832 1239
832 1416
832 1616
833 86
834 211
834 318
834 449
834 560
834 782
834 1162
834 1644
834 1866
835 2
835 125
835 258
835 275
835 413
835 516
835 1024
835 1025
835 1164
835 1644
836 26
836 68
836 98
836 113
836 200
836 428
836 648
836 932
836 1290
837 36
837 86
837 88
837 371
837 712
837 1091
837 1444
837 1738
838 38
838 140
838 488
838 704
838 1028
838 1632
839 608
839 1028
839 1165
840 32
840 33
840 160
840 656
840 960
840 1945
841 292
841 1058
842 517
842 688
842 1069
842 1538
844 148
844 579
844 626
845 148
845 193
845 634
845 1094
845 1473
846 10
846 64
846 624
846 1027
847 1054
848 32
848 271
848 452
848 528
848 932
849 137
849 287
849 1299
849 1706
850 4
850 9
850 62
850 68
850 164
850 512
850 1554
851 58
851 707
852 20
852 63
852 640
852 926
853 607
853 1570
854 0
854 100
854 262
854 472
854 774
854 1536
855 26
855 270
855 404
856 74
856 98
856 208
856 1457
857 424
858 32
858 152
858 258
858 328
859 48
859 50
859 1576
860 3
860 13
860 956
860 1688
861 26
862 67
862 395
862 1033
863 9
864 7
864 16
864 20
864 160
864 192
864 528
864 619
864 770
864 986
864 1033
864 1282
864 1324
865 182
865 1284
866 18
866 549
866 645
866 1536
866 1985
867 110
867 512
867 1778
868 254
868 528
868 546
868 867
868 1541
868 1664
869 19
869 770
869 1188
869 1281
871 24
871 1069
871 1580
872 192
872 515
873 135
874 26
874 1560
875 817
876 1035
877 64
877 256
877 336
877 1201
878 1160
878 1320
878 1793
879 512
880 69
880 237
880 265
881 656
881 1569
882 129
882 352
882 1606
883 1471
884 260
884 552
884 1085
885 1848
886 142
886 1697
888 532
888 648
888 659
888 1760
889 80
889 258
890 156
890 264
890 490
890 1170
891 1024
892 0
892 1330
892 1611
895 135
895 197
895 787
896 0
896 1
896 16
896 259
896 323
896 400
896 516
896 624
896 673
896 1024
896 1164
896 1282
896 1316
896 1648
896 1697
896 1920
897 20
897 164
897 188
897 331
897 555
897 674
897 770
897 822
897 1482
898 65
898 164
898 291
898 412
898 561
898 912
898 1027
898 1107
899 53
899 836
899 1397
899 1467
899 1794
900 0
900 201
900 336
900 537
900 611
900 786
900 1572
900 1868
901 6
901 19
901 896
901 1225
901 1627
902 13
902 816
902 1039
902 1041
902 1073
902 1607
903 585
903 1036
904 30
904 400
904 464
904 1032
904 1038
904 1160
904 1281
904 1827
905 66
905 1026
905 1332
906 257
906 517
907 527
907 690
908 67
908 402
908 550
908 613
909 337
909 1612
910 230
910 273
910 521
910 1540
911 257
911 832
911 972
912 152
912 1104
912 1448
912 1571
912 1574
913 470
913 799
913 1350
914 262
914 1033
914 1146
914 1216
914 1221
915 35
915 288
915 1485
916 48
916 173
916 212
916 471
916 705
917 43
917 262
917 850
917 1664
918 197
918 366
919 192
919 1665
920 32
920 237
921 6
921 199
921 663
921 1120
922 56
922 298
923 228
924 47
925 728
925 792
925 1681
926 10
926 269
928 48
928 170
928 256
928 779
928 1216
928 1538
928 1555
928 1569
928 1629
928 1641
928 1910
929 161
929 646
929 900
929 1142
930 104
930 432
930 537
930 1029
931 40
931 91
932 2
932 752
932 1152
932 1300
932 1968
933 1595
935 216
935 417
936 725
936 1024
937 16
937 276
937 580
937 832
938 506
938 627
938 1326
938 1545
939 16
939 578
939 592
939 1441
940 4
940 97
942 128
942 200
942 651
942 808
942 1602
944 70
944 360
944 1034
944 1106
944 1585
944 1824
945 50
945 128
945 293
945 392
945 1107
946 278
947 394
947 1688
948 264
948 796
948 801
949 74
949 104
949 512
949 1011
949 1412
950 1281
952 64
952 96
952 513
952 1079
952 1419
953 1556
954 1508
955 427
956 277
956 1155
956 1237
957 39
957 146
959 195
959 1057
960 3
960 430
960 1176
960 1408
960 1424
960 1800
961 7
961 52
961 526
961 554
961 652
961 810
961 1137
962 50
962 515
962 785
963 67
963 384
963 659
963 738
964 6
964 424
964 567
964 1026
964 1315
965 484
965 1604
966 20
966 513
966 1354
967 128
967 1429
967 1608
968 44
968 245
968 598
968 1056
968 1104
969 132
969 772
970 66
971 156
971 281
971 625
972 701
973 286
975 512
975 1054
975 1552
976 1106
976 1287
976 1321
977 100
977 667
977 854
977 1043
977 1569
978 332
978 608
978 1032
978 1589
979 181
979 275
979 1172
980 1153
980 1282
980 1989
981 32
982 1520
983 193
984 530
984 610
984 768
984 1667
985 1192
986 49
988 4
988 28
988 1024
988 1025
988 1207
989 34
989 1442
992 705
992 713
992 802
992 1314
993 108
993 273
993 416
993 651
993 1025
995 842
996 20
996 269
996 1202
996 1222
996 1600
997 268
997 272
999 1170
1000 428
1000 775
1001 1050
1002 614
1002 1460
1003 512
1004 258
1004 552
1005 685
1007 1875
1008 1024
1008 1416
1010 533
1010 545
1011 493
1011 513
1012 700
1013 472
1015 1738
1016 130
1016 1108
1018 116
1018 1408
1020 33
1020 1089
1022 395
1022 913
1022 1117
1022 1542
1023 560
1024 38
1024 41
1024 48
1024 137
1024 256
1024 285
1024 300
1024 350
1024 402
1024 404
1024 512
1024 633
1024 650
1024 680
1024 816
1024 1040
1024 1073
1024 1163
1024 1607
1025 62
1025 160
1025 178
1025 288
1025 304
1025 356
1025 386
1025 469
1025 535
1025 564
1025 677
1025 706
1025 914
1025 1072
1025 1157
1025 1168
1025 1270
1025 1554
1025 1561
1026 33
1026 53
1026 70
1026 76
1026 132
1026 141
1026 220
1026 242
1026 260
1026 293
1026 316
1026 351
1026 352
1026 357
1026 646
1026 900
1026 1050
1026 1055
1026 1200
1026 1224
1026 1226
1026 1228
1026 1555
1026 1612
1026 1624
1026 1800
1027 17
1027 38
1027 48
1027 108
1027 144
1027 168
1027 402
1027 418
1027 648
1027 848
1027 1206
1027 1433
1027 1585
1028 64
1028 80
1028 82
1028 101
1028 128
1028 168
1028 285
1028 288
1028 293
1028 314
1028 554
1028 642
1028 861
1028 1033
1028 1040
1028 1188
1028 1293
1028 1577
1028 1618
1028 1666
1028 1809
1028 1826
1029 18
1029 153
1029 188
1029 212
1029 334
1029 612
1029 616
1029 715
1029 779
1029 1360
1029 1472
1029 1633
1029 1664
1030 4
1030 48
1030 165
1030 202
1030 257
1030 408
1030 769
1030 784
1030 902
1030 1036
1030 1316
1030 1569
1031 344
1031 650
1031 776
1031 932
1031 1074
1031 1166
1031 1797
1032 0
1032 11
1032 16
1032 54
1032 89
1032 149
1032 545
1032 622
1032 639
1032 649
1032 944
1032 1120
1032 1169
1032 1406
1032 1472
1032 1550
1032 1581
1033 17
1033 68
1033 157
1033 432
1033 1045
1033 1231
1033 1266
1033 1568
1033 1630
1034 0
1034 10
1034 17
1034 196
1034 222
1034 257
1034 592
1034 641
1034 834
1034 936
1035 48
1035 330
1035 585
1035 1048
1036 134
1036 220
1036 240
1036 609
1036 685
1036 782
1036 890
1037 10
1037 464
1037 659
1037 1035
1037 1743
1037 1879
1037 1950
1038 208
1038 578
1038 709
1038 1536
1039 34
1039 146
1039 1056
1039 1302
1039 1593
1040 14
1040 37
1040 64
1040 111
1040 282
1040 557
1040 577
1040 620
1040 747
1040 790
1040 808
1040 1033
1040 1112
1040 1184
1040 1265
1040 1293
1040 1322
1040 1572
1040 1599
1040 1730
1040 2008
1041 8
1041 47
1041 48
1041 64
1041 88
1041 116
1041 242
1041 269
1041 388
1041 514
1041 610
1041 704
1041 1093
1041 1495
1041 1556
1041 1597
1041 1732
1042 0
1042 6
1042 84
1042 235
1042 264
1042 713
1042 1345
1042 1555
1042 1796
1043 6
1043 19
1043 32
1043 105
1043 193
1043 325
1043 659
1043 1396
1044 52
1044 279
1044 522
1044 552
1044 553
1044 896
1044 1172
1044 1225
1044 1285
1044 1358
1044 1420
1044 1440
1044 1572
1045 16
1045 48
1045 113
1045 288
1045 1188
1046 96
1046 539
1046 550
1046 792
1046 1258
1046 1663
1046 2033
1047 200
1047 400
1047 1544
1048 5
1048 32
1048 192
1048 552
1048 568
1048 667
1048 769
1048 816
1048 915
1048 1028
1048 1057
1048 1344
1048 1549
1049 8
1049 27
1049 97
1049 205
1049 217
1049 224
1049 352
1050 65
1050 118
1050 132
1050 308
1050 871
1050 1105
1050 1433
1050 1616
1050 1665
1051 80
1051 305
1051 432
1051 1152
1051 1154
1051 1874
1052 0
1052 408
1052 712
1052 1024
1052 1043
1052 1440
1053 17
1053 46
1053 262
1053 604
1053 739
1053 1544
1054 160
1054 560
1054 1284
1055 0
1055 261
1055 657
1056 0
1056 2
1056 9
1056 17
1056 34
1056 133
1056 157
1056 217
1056 265
1056 340
1056 480
1056 527
1056 748
1056 816
1056 1080
1056 1088
1056 1113
1056 1154
1056 1296
1056 1557
1056 1618
1056 1714
1056 1812
1056 1865
1057 224
1057 322
1057 512
1057 853
1057 1318
1057 1353
1057 1480
1057 1858
1057 1947
1058 225
1058 392
1058 449
1058 526
1058 578
1058 626
1058 1064
1058 1246
1058 1302
1058 1437
1058 1688
1059 4
1059 35
1059 61
1059 145
1059 260
1059 368
1059 476
1059 581
1059 1072
1060 0
1060 40
1060 42
1060 208
1060 267
1060 521
1060 770
1060 801
1060 1408
1060 1554
1060 1608
1061 540
1061 720
1061 768
1061 1668
1062 21
1062 164
1062 300
1062 518
1062 615
1062 688
1062 786
1062 1092
1062 1604
1062 1609
1063 114
1063 193
1063 664
1063 909
1063 1340
1064 48
1064 96
1064 195
1064 331
1064 512
1064 909
1064 1184
1064 1412
1064 1442
1064 1577
1064 1582
1064 1891
1065 301
1065 556
1065 1045
1065 1216
1065 1589
1065 1616
1065 1760
1066 579
1066 743
1066 898
1066 1056
1066 1069
1067 104
1067 136
1067 206
1068 96
1068 228
1068 257
1068 265
1068 269
1068 778
1068 930
1068 1152
1068 1455
1069 290
1069 346
1069 593
1069 768
1069 776
1069 876
1069 1097
1070 65
1070 420
1070 1027
1070 1346
1070 1680
1071 857
1072 0
1072 138
1072 153
1072 171
1072 196
1072 198
1072 272
1072 632
1072 800
1072 1067
1072 1096
1072 1314
1072 1634
1073 4
1073 188
1073 270
1073 288
1073 448
1073 514
1073 527
1073 1072
1073 1250
1073 1877
1074 1030
1074 1160
1074 1199
1074 1457
1074 1795
1075 26
1075 66
1075 512
1075 1025
1076 38
1076 1052
1076 1193
1077 273
1077 288
1077 528
1078 444
1078 1091
1078 1097
1078 1200
1078 1536
1079 603
1079 644
1080 5
1080 77
1080 134
1080 705
1080 708
1081 48
1081 1508
1081 1891
1082 27
1082 34
1082 300
1082 434
1082 1024
1082 1294
1083 516
1084 336
1084 1006
1084 1600
1085 60
1085 292
1086 11
1086 386
1086 1095
1086 1546
1088 8
1088 20
1088 35
1088 96
1088 109
1088 136
1088 202
1088 328
1088 432
1088 516
1088 682
1088 746
1088 776
1088 792
1088 1036
1088 1155
1088 1419
1088 1859
1089 6
1089 44
1089 140
1089 148
1089 194
1089 256
1089 529
1089 800
1089 1148
1089 1168
1089 1204
1089 1411
1089 1423
1089 1536
1089 1668
1089 1856
1090 2
1090 9
1090 131
1090 391
1090 408
1090 528
1090 532
1090 1073
1091 17
1091 19
1091 133
1091 369
1091 886
1092 1
1092 240
1092 294
1092 330
1092 379
1092 896
1092 1025
1092 1044
1093 10
1093 41
1093 166
1093 480
1093 813
1093 1155
1093 1614
1093 1689
1094 8
1094 48
1094 96
1094 118
1094 256
1094 292
1094 601
1094 612
1094 833
1094 1170
1094 1436
1094 1940
1095 32
1095 288
1095 514
1095 1363
1095 1437
1096 64
1096 110
1096 150
1096 161
1096 291
1096 437
1096 556
1096 737
1096 993
1096 1280
1096 1632
1096 1634
1097 164
1097 294
1097 1183
1098 80
1098 168
1098 386
1098 534
1098 603
1098 1175
1098 1889
1099 576
1099 588
1099 1986
1100 149
1100 168
1100 525
1100 902
1100 1360
1101 11
1101 84
1101 177
1101 307
1101 400
1101 807
1101 963
1101 1298
1101 1535
1101 1596
1102 257
1102 409
1102 936
1102 1470
1102 1693
1103 42
1103 999
1103 1136
1103 1556
1104 53
1104 57
1104 101
1104 433
1104 513
1104 519
1104 1300
1104 1408
1104 1614
1105 40
1105 917
1105 1115
1105 1206
1105 1649
1105 1971
1106 128
1106 136
1106 272
1106 423
1106 437
1106 664
1106 701
1106 792
1106 836
1106 946
1106 1032
1106 1034
1106 1324
1106 1860
1107 578
1107 1096
1107 1156
1107 1218
1107 1396
1107 1990
1108 901
1108 1921
1109 234
1109 1593
1109 1827
1110 64
1110 646
1110 968
1110 1668
1111 18
1111 224
1111 325
1111 1182
1112 63
1112 768
1112 776
1112 880
1112 1032
1112 1457
1112 1538
1112 1570
1113 159
1113 401
1113 836
1113 900
1113 1241
1114 77
1114 85
1114 257
1114 299
1115 245
1115 1048
1115 1669
1116 1420
1117 34
1117 140
1117 260
1117 915
1117 1282
1118 227
1118 583
1119 145
1120 14
1120 55
1120 74
1120 260
1120 304
1120 381
1120 777
1120 838
1120 1367
1120 1554
1120 1681
1120 1796
1121 1
1121 10
1121 73
1121 197
1121 310
1121 516
1121 868
1121 1104
1121 1288
1121 1308
1121 1696
1122 314
1122 416
1122 657
1122 733
1122 786
1122 840
1122 1040
1122 1187
1122 1319
1122 1616
1123 9
1123 17
1123 116
1123 578
1123 832
1124 98
1124 1040
1124 1297
1125 60
1125 128
1125 262
1125 272
1125 322
1125 474
1125 627
1125 858
1125 1025
1125 1349
1126 11
1126 257
1126 274
1126 433
1126 930
1126 1163
1126 1249
1126 1696
1127 918
1128 2
1128 33
1128 114
1128 193
1128 328
1128 379
1128 416
1128 512
1128 519
1128 613
1129 22
1129 141
1129 517
1129 661
1129 768
1130 115
1130 260
1130 654
1130 846
1130 974
1131 1
1131 32
1131 597
1131 899
1131 933
1132 2
1132 136
1132 858
1133 44
1133 739
1133 800
1133 850
1133 1041
1134 18
1134 66
1134 949
1134 1539
1135 9
1136 73
1136 163
1136 544
1136 812
1136 1281
1136 1298
1137 97
1137 524
1137 589
1137 1664
1138 365
1138 912
1138 1717
1139 44
1139 123
1139 216
1139 336
1139 837
1140 465
1140 706
1140 896
1140 999
1140 1234
1141 144
1141 616
1141 648
1141 1312
1142 384
1142 396
1142 668
1142 1106
1142 1782
1143 1254
1143 1256
1144 78
1144 320
1144 833
1144 1048
1144 1300
1144 1825
1145 28
1145 1113
1145 1306
1146 56
1146 258
1146 576
1146 962
1146 1041
1147 1
1147 1618
1148 5
1148 1088
1150 30
1150 1173
1151 519
1152 8
1152 17
1152 41
1152 102
1152 212
1152 257
1152 307
1152 354
1152 356
1152 594
1152 644
1152 882
1152 946
1152 1286
1152 1636
1153 0
1153 101
1153 104
1153 333
1153 339
1153 566
1153 583
1153 640
1153 758
1153 896
1153 1073
1153 1300
1153 1452
1153 1571
1153 1575
1153 1632
1153 1906
1154 10
1154 117
1154 1128
1154 1188
1154 1932
1155 85
1155 197
1155 204
1155 580
1155 644
1155 652
1155 812
1155 974
1155 1024
1155 1059
1156 21
1156 38
1156 240
1156 284
1156 312
1156 390
1156 532
1156 710
1156 772
1156 1290
1156 1346
1157 53
1157 72
1157 153
1157 360
1157 651
1157 807
1157 1042
1157 1794
1158 76
1158 600
1158 681
1158 1550
1159 8
1159 23
1159 121
1159 517
1159 1826
1160 0
1160 3
1160 102
1160 354
1160 775
1160 845
1160 1106
1160 1169
1160 1284
1160 1778
1160 1780
1160 1941
1161 389
1161 644
1161 880
1161 1153
1161 1545
1161 1559
1162 321
1162 370
1162 562
1162 683
1162 724
1162 1123
1162 1188
1162 1968
1163 18
1163 67
1163 70
1163 337
1163 594
1163 904
1163 1412
1163 1608
1164 0
1164 163
1164 181
1164 1060
1164 1672
1165 640
1165 1044
1166 0
1166 522
1166 604
1166 606
1166 1041
1167 337
1168 32
1168 92
1168 280
1168 472
1168 558
1168 1024
1168 1109
1168 1133
1168 1296
1168 1312
1168 1418
1168 1433
1169 3
1169 4
1169 32
1169 83
1169 97
1169 715
1169 844
1169 1672
1169 1741
1170 13
1170 36
1170 528
1171 0
1171 76
1171 264
1171 546
1171 612
1171 1152
1171 1170
1171 1832
1172 624
1172 646
1172 674
1172 1125
1172 1187
1172 1288
1172 1689
1173 96
1173 1028
1173 1570
1174 117
1175 20
1175 328
1176 132
1176 356
1176 560
1176 684
1176 846
1177 178
1177 660
1177 1025
1177 1504
1178 95
1178 96
1178 263
1178 516
1178 784
1179 16
1179 69
1179 71
1179 85
1179 432
1179 512
1179 1088
1179 1261
1180 34
1180 1684
1180 1732
1180 1826
1181 72
1181 364
1181 528
1181 612
1181 711
1181 900
1182 290
1182 392
1182 1026
1183 257
1184 53
1184 106
1184 538
1184 549
1184 1125
1184 1713
1185 65
1185 88
1185 661
1185 695
1185 1582
1186 1
1186 5
1186 17
1186 31
1186 84
1186 144
1186 268
1186 393
1186 529
1186 1795
1187 146
1187 1312
1187 1577
1187 1786
1188 4
1188 5
1188 18
1188 21
1188 82
1188 264
1188 549
1188 589
1188 1041
1188 1303
1189 32
1189 34
1189 80
1189 176
1189 201
1189 681
1189 1192
1190 536
1191 208
1192 144
1192 880
1192 890
1192 1120
1192 1588
1192 1984
1193 281
1193 309
1193 801
1193 872
1193 1164
1193 1540
1193 1576
1194 217
1194 640
1194 666
1194 1344
1194 1443
1195 1408
1196 4
1196 226
1196 453
1196 468
1196 670
1197 379
1197 1209
1197 1570
1198 8
1198 28
1198 129
1198 313
1198 328
1198 521
1198 576
1198 1030
1198 1640
1198 1722
1199 277
1200 8
1200 42
1200 198
1200 324
1200 528
1200 802
1200 1034
1201 291
1201 1056
1202 513
1202 541
1202 863
1202 933
1202 1048
1202 1456
1202 1540
1203 97
1203 668
1204 128
1204 528
1204 544
1204 600
1204 1728
1205 515
1205 936
1205 1046
1205 1076
1205 1870
1206 724
1206 841
1207 408
1207 643
1207 1202
1208 17
1208 129
1208 207
1208 336
1208 770
1208 1094
1208 1345
1209 300
1209 400
1210 46
1211 100
1211 332
1211 576
1212 1044
1212 1104
1213 5
1213 1813
1214 32
1214 144
1215 36
1215 193
1215 1122
1216 14
1216 36
1216 241
1216 517
1216 550
1216 616
1216 1309
1217 98
1217 261
1217 1584
1218 24
1218 208
1218 580
1218 605
1218 889
1218 1332
1219 128
1219 147
1219 842
1220 296
1220 522
1220 906
1220 1061
1220 1578
1221 1
1221 266
1221 1071
1221 1092
1222 1
1222 66
1223 9
1223 48
1223 904
1223 1184
1224 16
1224 89
1224 336
1224 346
1224 1048
1225 80
1225 628
1225 1730
1225 1733
1226 18
1226 152
1226 362
1226 524
1226 596
1226 814
1227 142
1227 294
1227 384
1227 1060
1227 1582
1228 36
1228 109
1228 307
1228 308
1228 393
1228 619
1228 916
1228 1041
1228 1044
1229 1582
1230 73
1230 257
1230 284
1231 81
1232 43
1232 71
1233 84
1233 128
1233 258
1233 1317
1234 14
1234 48
1234 227
1234 1152
1234 1269
1234 1669
1235 57
1235 388
1235 428
1235 588
1235 1060
1235 1353
1236 1
1236 71
1236 135
1236 178
1236 515
1236 600
1236 1034
1236 1057
1236 1570
1237 68
1237 276
1237 705
1237 1281
1238 68
1238 78
1238 88
1238 470
1238 849
1238 1028
1238 1114
1239 520
1239 1024
1240 72
1240 236
1240 1286
1241 100
1241 145
1241 198
1241 324
1241 1095
1242 278
1242 1152
1242 1286
1243 1012
1243 1062
1243 1548
1244 296
1244 552
1245 578
1245 1028
1246 52
1246 522
1248 125
1248 133
1248 520
1248 785
1248 1288
1248 1460
1249 281
1249 438
1249 560
1249 1044
1249 1617
1249 1728
1250 66
1250 1890
1251 133
1251 291
1251 1060
1252 65
1252 98
1252 160
1252 353
1252 537
1253 561
1253 1426
1254 192
1254 263
1254 401
1254 1099
1255 233
1256 36
1256 148
1256 1316
1256 1541
1257 723
1257 1176
1258 80
1258 264
1259 600
1259 712
1260 57
1261 270
1261 577
1261 770
1262 79
1262 934
1263 33
1263 49
1263 512
1263 880
1263 1524
1264 7
1264 90
1264 641
1264 777
1264 1046
1264 1432
1265 32
1265 1909
1266 16
1266 338
1266 416
1268 24
1268 399
1270 130
1270 584
1270 1608
1271 326
1272 312
1272 609
1272 825
1272 1421
1272 1842
1274 326
1275 36
1275 212
1275 1546
1275 1664
1276 322
1277 96
1277 769
1278 11
1278 65
1279 661
1279 937
1280 13
1280 16
1280 36
1280 42
1280 46
1280 72
1280 144
1280 327
1280 354
1280 449
1280 456
1280 466
1280 532
1280 545
1280 609
1280 610
1280 633
1280 655
1280 675
1280 1094
1280 1248
1280 1568
1280 1604
1280 1862
1281 139
1281 354
1281 405
1281 537
1281 672
1281 773
1281 780
1281 787
1281 870
1281 1793
1282 1
1282 528
1282 570
1282 635
1282 1158
1283 0
1283 35
1283 85
1283 136
1283 531
1283 654
1284 19
1284 40
1284 133
1284 149
1284 152
1284 200
1284 419
1284 593
1284 957
1284 1274
1285 116
1285 208
1285 324
1285 818
1286 0
1286 20
1286 34
1286 226
1286 322
1286 441
1286 645
1286 720
1286 1123
1286 1173
1287 8
1287 572
1287 1060
1287 1164
1287 1362
1288 65
1288 146
1288 196
1288 244
1288 263
1288 320
1288 460
1288 528
1288 570
1288 624
1288 693
1288 1040
1288 1159
1288 1186
1288 1675
1288 1830
1289 242
1289 736
1289 1030
1289 1766
1289 1832
1290 51
1290 339
1290 1282
1290 1792
1291 144
1291 436
1292 576
1292 881
1292 896
1292 1988
1293 80
1293 90
1293 134
1293 256
1293 1188
1294 29
1294 304
1294 1024
1294 1592
1294 1602
1294 1636
1295 2
1295 40
1295 599
1295 1073
1295 1227
1296 544
1296 664
1296 780
1296 1044
1296 1136
1296 1224
1296 1356
1296 1440
1296 1577
1296 1601
1297 201
1297 531
1297 646
1297 1037
1298 65
1298 167
1298 580
1298 832
1298 1093
1298 1281
1299 4
1299 206
1299 340
1300 4
1300 200
1300 353
1300 412
1300 518
1300 580
1300 1155
1300 1952
1301 134
1301 266
1302 132
1302 517
1302 711
1302 1590
1303 753
1303 867
1303 1176
1303 1555
1304 1
1304 27
1304 32
1304 144
1304 256
1304 708
1304 739
1304 1172
1304 1365
1304 1616
1305 105
1305 187
1305 225
1305 444
1305 514
1306 84
1306 176
1306 714
1306 1032
1307 334
1308 92
1308 181
1308 613
1308 640
1308 1105
1308 1230
1308 1313
1309 2
1309 7
1309 1346
1309 1411
1310 216
1310 1574
1311 469
1311 912
1312 8
1312 13
1312 86
1312 134
1312 272
1312 563
1312 672
1312 686
1312 1066
1312 1209
1312 1536
1312 1545
1312 1612
1313 3
1313 36
1313 704
1313 786
1313 1072
1313 1089
1313 1284
1314 164
1314 242
1314 272
1314 293
1314 601
1314 641
1314 1024
1314 1038
1314 1345
1314 1648
1314 1733
1315 21
1315 193
1315 1155
1315 1345
1316 64
1316 209
1316 242
1316 342
1316 546
1316 1091
1316 1149
1316 1153
1316 1288
1316 1766
1317 25
1317 135
1317 212
1317 548
1317 552
1317 1176
1318 33
1318 202
1318 619
1318 1063
1319 69
1319 826
1319 1024
1320 8
1320 31
1320 37
1320 225
1320 582
1320 1033
1320 1157
1320 1678
1321 112
1321 294
1321 399
1321 552
1321 1028
1321 1256
1321 1289
1322 178
1322 192
1322 388
1322 528
1322 549
1322 737
1322 1253
1323 22
1323 284
1323 324
1323 1040
1324 57
1324 334
1324 608
1324 921
1324 960
1325 1104
1326 5
1326 170
1326 240
1326 281
1326 1352
1327 225
1327 932
1327 1030
1328 1954
1329 285
1329 296
1329 550
1330 5
1330 7
1330 10
1330 130
1330 346
1330 411
1330 772
1330 1729
1331 185
1331 356
1331 642
1331 713
1332 661
1333 2
1333 4
1333 32
1333 277
1333 1097
1333 1802
1334 538
1334 1792
1335 1252
1336 0
1336 1
1336 384
1336 521
1336 618
1336 1060
1336 1871
1337 24
1337 160
1337 514
1337 1797
1338 1032
1338 1134
1339 332
1340 1188
1340 1346
1341 1299
1342 29
1342 360
1343 1065
1344 3
1344 72
1344 129
1344 184
1344 192
1344 408
1344 706
1344 1025
1344 1056
1344 1093
1344 1314
1344 2034
1345 0
1345 38
1345 512
1345 576
1345 1032
1345 1331
1345 1552
1346 8
1346 184
1346 243
1346 515
1346 670
1346 1127
1346 1351
1347 0
1347 128
1347 1544
1348 12
1348 39
1348 41
1348 293
1348 328
1348 528
1348 545
1348 1032
1348 1033
1348 1088
1348 1208
1348 1448
1348 1629
1348 1948
1349 272
1349 1106
1349 1220
1350 113
1350 173
1351 112
1351 1045
1351 1236
1352 83
1352 213
1352 611
1352 1048
1352 1308
1353 832
1353 1721
1354 262
1354 804
1355 8
1355 136
1355 256
1355 1345
1356 32
1356 87
1356 209
1356 498
1357 18
1357 71
1357 160
1357 258
1357 723
1358 142
1358 259
1358 354
1358 1171
1358 1313
1358 1792
1358 1844
1359 674
1360 4
1360 70
1360 455
1360 467
1360 1336
1362 20
1362 514
1362 1414
1362 1625
1364 3
1364 132
1364 176
1364 433
1364 539
1364 552
1364 1536
1365 78
1365 168
1365 214
1365 495
1365 520
1365 838
1366 423
1366 658
1366 1801
1367 800
1368 8
1368 20
1368 558
1368 579
1368 707
1368 1036
1368 1154
1369 225
1369 1696
1370 1090
1370 1320
1371 262
1371 444
1371 635
1371 660
1371 1104
1372 529
1372 1388
1373 11
1373 160
1373 576
1374 1668
1375 100
1375 128
1375 932
1375 1027
1376 85
1376 92
1376 141
1376 900
1376 961
1376 1024
1376 1035
1376 1333
1376 1592
1376 1601
1377 8
1377 100
1377 524
1377 539
1377 1229
1378 17
1378 99
1378 108
1378 626
1379 20
1379 490
1379 720
1379 800
1379 1034
1380 136
1380 476
1380 612
1380 1028
1380 1065
1381 1024
1381 1252
1381 1675
1382 8
1382 1040
1383 87
1383 672
1383 676
1383 1171
1384 141
1384 170
1384 1291
1385 128
1385 226
1385 565
1385 584
1386 48
1386 55
1386 160
1386 165
1386 532
1386 773
1386 961
1387 710
1388 65
1388 1123
1389 134
1389 592
1391 154
1392 32
1392 128
1392 805
1392 832
1392 1153
1393 44
1393 206
1393 592
1393 641
1393 714
1394 1042
1395 520
1395 1861
1396 133
1396 492
1397 1772
1398 80
1398 526
1398 580
1400 69
1400 964
1400 1085
1400 1284
1400 1973
1401 0
1401 12
1401 78
1401 327
1401 904
1402 32
1402 347
1402 583
1404 257
1406 38
1408 19
1408 88
1408 115
1408 130
1408 400
1408 616
1408 768
1408 1120
1409 27
1409 78
1409 140
1409 560
1409 1036
1409 1563
1410 7
1410 48
1410 64
1410 385
1410 582
1410 1155
1410 1224
1410 1298
1410 2030
1411 16
1411 74
1411 825
1411 1094
1412 20
1412 610
1412 772
1412 1153
1413 6
1413 18
1413 139
1413 168
1413 460
1413 531
1413 688
1413 1298
1413 1498
1414 0
1414 12
1414 536
1414 1316
1414 1729
1415 0
1415 112
1415 463
1415 1033
1415 1311
1416 36
1416 170
1416 257
1416 262
1416 546
1416 1196
1416 1760
1417 624
1417 855
1417 969
1417 1080
1418 0
1418 80
1419 515
1419 586
1420 452
1420 1762
1420 1795
1421 25
1421 165
1422 144
1422 1056
1423 200
1423 521
1424 35
1424 36
1424 292
1424 333
1424 461
1424 1025
1424 1159
1424 1572
1424 1856
1425 69
1425 156
1425 580
1425 608
1426 135
1426 1104
1426 1216
1426 1412
1427 12
1427 256
1427 546
1428 88
1428 138
1428 527
1428 663
1428 800
1428 1104
1428 1409
1428 1473
1428 1562
1429 32
1430 793
1430 873
1431 674
1431 1024
1432 13
1432 293
1432 470
1432 1074
1432 1536
1432 2026
1433 41
1433 73
1433 256
1433 805
1434 264
1434 280
1434 1124
1434 1352
1434 1376
1435 48
1435 287
1435 1031
1435 1664
1436 32
1436 97
1436 1483
1436 1536
1437 1313
1438 1632
1439 256
1439 1024
1440 32
1440 72
1440 222
1440 1042
1440 1460
1440 1924
1441 672
1442 36
1442 1336
1442 1840
1443 216
1443 390
1443 576
1444 8
1444 9
1444 508
1444 1806
1445 167
1445 1816
1445 2000
1446 327
1446 692
1447 4
1447 130
1448 54
1448 204
1448 259
1448 513
1448 584
1448 656
1448 1046
1448 1330
1448 1539
1449 72
1449 192
1449 430
1449 1058
1449 1157
1449 2040
1450 2032
1452 343
1453 613
1453 915
1454 262
1454 283
1454 516
1454 522
1454 547
1454 890
1455 100
1455 146
1456 90
1456 927
1456 1039
1456 1069
1456 1187
1456 1440
1457 201
1457 265
1457 871
1457 914
1458 97
1458 263
1458 320
1458 1828
1459 1605
1460 1281
1461 13
1461 398
1462 392
1462 1585
1463 409
1463 789
1464 12
1464 1281
1464 1575
1464 1821
1467 258
1468 1042
1468 1065
1470 147
1472 132
1472 299
1472 1546
1472 1986
1473 375
1473 640
1473 988
1473 1051
1473 1062
1473 1667
1473 1765
1474 640
1474 700
1475 1
1475 138
1475 260
1475 265
1475 849
1476 4
1476 7
1476 78
1476 664
1477 296
1478 129
1478 192
1478 329
1478 787
1479 34
1479 87
1479 944
1480 195
1480 457
1480 1408
1481 528
1481 1228
1482 17
1482 525
1482 1184
1483 33
1483 86
1483 530
1483 538
1484 18
1484 48
1484 576
1484 592
1484 727
1485 260
1485 692
1486 481
1486 701
1486 804
1486 1566
1486 1826
1488 89
1488 376
1488 554
1488 724
1489 517
1489 1654
1489 1928
1490 1834
1492 808
1492 1863
1493 1024
1494 256
1494 360
1494 1595
1495 11
1495 75
1495 1024
1496 9
1496 203
1496 322
1496 352
1496 580
1496 1096
1496 1241
1499 576
1500 0
1500 21
1500 1042
1500 1479
1501 1058
1502 1344
1504 94
1504 168
1504 513
1504 714
1504 769
1505 2
1505 46
1505 1035
1506 290
1506 523
1506 1092
1506 1109
1507 354
1507 1192
1508 68
1508 1384
1509 64
1509 920
1510 129
1510 148
1510 334
1510 1545
1511 330
1511 560
1512 197
1512 256
1512 302
1512 1545
1512 1686
1512 1864
1513 1121
1514 0
1514 376
1514 463
1514 677
1514 1026
1515 2
1515 1064
1515 1154
1516 243
1516 332
1516 1814
1517 722
1518 162
1518 1872
1520 144
1520 195
1520 386
1520 802
1520 1428
1521 128
1522 2
1522 85
1522 514
1522 522
1522 1357
1523 652
1524 1544
1525 52
1525 268
1525 366
1527 1313
1528 80
1528 704
1529 96
1532 517
1533 48
1533 113
1534 512
1535 1868
1536 28
1536 151
1536 291
1536 321
1536 386
1536 514
1536 593
1536 786
1536 1128
1536 1142
1536 1296
1536 1800
1537 44
1537 270
1537 418
1537 805
1537 1456
1538 27
1538 330
1538 356
1538 395
1538 514
1538 532
1538 577
1538 1340
1538 1346
1538 1921
1539 276
1539 292
1539 490
1539 526
1539 1096
1539 1768
1540 2
1540 256
1540 397
1540 1508
1540 1528
1540 1749
1541 0
1541 394
1541 637
1541 1152
1541 1666
1541 1672
1541 1781
1541 1874
1542 80
1542 167
1542 243
1542 325
1542 512
1542 513
1542 523
1542 928
1542 1234
1542 1480
1543 432
1543 1672
1543 1730
1544 69
1544 128
1544 138
1544 141
1544 236
1544 264
1544 322
1544 521
1544 850
1544 1073
1544 1753
1545 391
1545 1427
1546 133
1546 224
1546 452
1546 1564
1546 1744
1547 66
1547 771
1547 1030
1547 1888
1548 289
1548 1032
1549 550
1550 260
1550 1538
1551 49
1551 128
1551 978
1552 0
1552 14
1552 97
1552 144
1552 542
1552 643
1552 1122
1552 1152
1552 1287
1552 1890
1553 0
1553 160
1553 217
1553 357
1553 449
1553 512
1553 644
1553 1368
1553 1394
1554 78
1554 96
1554 134
1554 196
1554 518
1555 66
1555 257
1555 675
1555 700
1556 647
1556 1034
1556 1043
1556 1162
1556 1553
1556 1565
1557 11
1557 525
1557 1064
1558 6
1558 334
1558 517
1558 965
1558 1226
1559 153
1559 688
1560 82
1560 257
1560 698
1560 1094
1561 0
1561 1800
1561 1849
1562 8
1562 58
1562 257
1562 337
1562 456
1562 676
1563 324
1563 534
1563 553
1563 792
1563 1268
1564 46
1564 56
1564 112
1564 289
1564 452
1564 536
1564 778
1564 857
1564 1090
1564 1298
1564 1312
1564 1536
1565 362
1565 1029
1565 1098
1565 1737
1566 140
1566 641
1566 834
1567 87
1567 262
1567 320
1567 1058
1568 40
1568 53
1568 132
1568 166
1568 268
1568 321
1568 550
1568 643
1568 1088
1568 1240
1568 1308
1568 1314
1568 1330
1568 1507
1568 1571
1568 1700
1569 592
1569 1057
1569 1295
1569 1606
1570 48
1570 148
1570 290
1570 560
1570 901
1570 948
1570 1038
1570 1059
1571 688
1572 8
1572 102
1572 576
1572 1050
1572 1108
1572 1285
1572 1484
1572 1609
1572 1675
1573 538
1573 597
1574 512
1575 8
1575 160
1575 203
1575 880
1575 1281
1575 1828
1576 275
1576 395
1576 522
1576 531
1576 843
1576 1104
1576 1333
1576 1792
1577 24
1577 132
1577 691
1577 1043
1577 1182
1577 1316
1577 1422
1577 1472
1578 289
1578 625
1578 680
1579 0
1579 268
1579 1024
1579 1544
1580 526
1580 729
1580 939
1580 1122
1580 1538
1581 670
1581 838
1581 1334
1582 536
1582 1029
1582 1040
1583 151
1583 289
1584 12
1584 994
1584 1147
1585 416
1585 803
1585 1330
1585 1532
1585 1666
1586 804
1586 833
1586 1334
1586 1672
1587 324
1587 981
1588 272
1588 480
1588 1028
1588 1152
1589 228
1589 881
1589 1804
1590 169
1590 204
1590 529
1590 1078
1590 1300
1591 207
1591 400
1592 104
1592 453
1593 1058
1594 110
1594 1028
1594 1110
1595 12
1596 396
1596 562
1596 586
1596 1136
1597 106
1597 1524
1597 1755
1597 1840
1598 800
1598 1024
1598 1424
1599 35
1599 554
1599 576
1599 1864
1600 0
1600 24
1600 84
1600 287
1600 1029
1600 1044
1600 1192
1601 52
1601 68
1601 784
1601 1108
1601 1142
1601 1184
1601 1294
1601 1315
1601 1893
1602 1
1602 68
1602 196
1602 334
1602 397
1602 456
1602 1136
1603 270
1603 741
1603 1032
1603 1056
1603 1063
1603 1080
1604 136
1604 359
1604 386
1604 785
1604 1120
1604 1248
1604 1856
1605 196
1605 270
1606 64
1606 144
1606 320
1606 340
1606 1306
1606 1672
1607 44
1607 128
1607 288
1608 64
1608 126
1608 257
1608 384
1608 769
1608 1025
1608 1169
1609 316
1609 386
1609 635
1610 48
1610 157
1610 272
1610 1028
1611 1
1611 69
1611 142
1611 1024
1611 1334
1611 1478
1611 1680
1611 1880
1612 44
1612 160
1612 1100
1612 1147
1612 1316
1613 10
1613 130
1614 5
1614 651
1614 768
1614 1616
1615 4
1615 136
1616 404
1616 525
1616 612
1616 645
1616 929
1616 1059
1616 1712
1617 8
1617 272
1617 512
1617 515
1617 642
1617 1034
1617 1180
1617 1216
1618 0
1618 24
1618 157
1618 1280
1619 904
1620 641
1620 1305
1621 386
1621 392
1621 868
1622 305
1622 1504
1624 184
1624 224
1624 256
1624 334
1624 1316
1625 224
1625 776
1626 20
1626 331
1626 513
1626 768
1626 769
1626 1034
1626 1167
1627 5
1628 43
1628 102
1628 1838
1629 496
1629 584
1630 674
1631 1184
1632 152
1632 556
1632 586
1632 608
1632 800
1632 1056
1632 1361
1632 1793
1633 39
1633 266
1633 1024
1633 1121
1634 165
1634 1190
1634 1288
1634 1800
1635 107
1635 512
1635 1089
1635 1895
1636 2
1636 336
1636 394
1636 934
1637 85
1637 1164
1637 1346
1638 173
1638 194
1640 19
1640 184
1640 260
1640 825
1640 1850
1641 576
1641 706
1641 1058
1641 1282
1642 1171
1642 1310
1643 712
1644 516
1644 528
1644 672
1645 563
1646 5
1646 436
1646 674
1647 1692
1648 266
1648 289
1648 1088
1648 1616
1648 1740
1648 1922
1649 1035
1649 1873
1650 522
1650 1072
1652 392
1652 403
1652 563
1652 1570
1652 1856
1654 64
1654 405
1656 304
1656 420
1656 964
1656 1344
1657 1062
1658 4
1658 481
1659 202
1659 769
1660 128
1660 542
1660 1058
1660 1088
1660 1941
1661 136
1663 544
1663 1103
1664 10
1664 64
1664 74
1664 75
1664 352
1664 688
1664 852
1664 1064
1664 1176
1664 1412
1664 1419
1664 1552
1664 1556
1664 1640
1665 148
1665 207
1665 305
1665 1030
1665 1730
1666 64
1666 262
1666 1925
1667 112
1667 1928
1668 260
1668 544
1668 1170
1668 1171
1668 1296
1668 1554
1669 4
1669 22
1669 64
1669 523
1669 1394
1670 273
1670 565
1670 908
1670 996
1670 1046
1670 1544
1670 1676
1671 340
1672 0
1672 24
1672 35
1672 389
1672 608
1672 775
1672 1025
1672 1185
1672 1217
1672 1248
1673 0
1673 84
1673 257
1673 1818
1674 37
1674 115
1674 641
1674 899
1674 1011
1674 1035
1674 1536
1675 200
1675 257
1675 527
1675 832
1675 1099
1676 259
1676 268
1676 389
1676 864
1677 64
1677 1554
1678 32
1678 858
1679 368
1679 408
1679 1173
1680 19
1680 136
1680 154
1680 155
1680 224
1680 240
1680 273
1680 964
1680 1063
1680 1433
1680 1580
1681 1
1681 1092
1682 2
1682 32
1682 42
1682 64
1682 112
1682 537
1682 652
1682 1364
1682 1865
1683 356
1684 7
1684 83
1684 1090
1684 1161
1685 156
1685 408
1686 517
1687 68
1687 796
1687 1146
1688 461
1688 1107
1688 1974
1689 5
1689 898
1690 80
1690 1294
1690 1358
1692 616
1692 1205
1694 280
1694 833
1695 1152
1695 1677
1696 96
1696 361
1696 388
1696 1144
1696 1393
1697 4
1697 202
1697 304
1697 547
1697 600
1697 723
1697 1040
1697 1568
1697 1683
1698 338
1698 776
1698 1217
1698 1539
1699 212
1699 216
1699 386
1699 531
1699 1029
1699 1421
1700 32
1700 34
1700 532
1700 642
1700 1029
1700 1252
1700 1569
1701 8
1701 528
1702 106
1702 320
1702 546
1702 1042
1703 1292
1704 10
1704 193
1704 305
1704 854
1704 911
1704 1072
1704 1154
1705 100
1705 103
1705 594
1705 1540
1705 1612
1706 512
1706 544
1707 387
1707 546
1707 1076
1708 888
1708 1108
1708 1124
1709 258
1709 885
1710 23
1710 274
1710 576
1710 1288
1711 307
1712 22
1712 89
1712 1116
1712 1984
1713 24
1713 384
1713 520
1713 1121
1713 1604
1714 463
1714 735
1714 789
1715 4
1715 709
1715 1192
1716 971
1716 1894
1718 134
1718 644
1718 765
1720 27
1721 64
1721 744
1724 1595
1725 1336
1728 0
1728 1
1728 49
1728 88
1728 666
1728 837
1728 1562
1729 96
1729 498
1729 1030
1730 49
1730 584
1731 44
1731 52
1731 1032
1732 0
1732 276
1732 278
1732 476
1732 488
1732 564
1732 740
1733 154
1733 836
1733 1320
1733 1453
1734 342
1734 538
1735 536
1735 644
1736 9
1736 213
1736 258
1737 428
1738 56
1738 176
1738 265
1738 1188
1739 192
1739 564
1739 1328
1740 0
1740 142
1740 1929
1741 386
1741 1560
1742 775
1742 1542
1744 64
1744 357
1744 518
1744 633
1744 1044
1744 1884
1745 533
1745 646
1745 897
1745 1039
1746 789
1748 18
1748 140
1748 320
1748 388
1748 1217
1752 1809
1752 1920
1755 129
1755 357
1755 1538
1758 9
1759 596
1760 83
1760 395
1760 514
1760 516
1760 737
1760 786
1761 2
1761 320
1761 920
1761 1379
1762 128
1763 2
1763 436
1764 71
1764 97
1764 1024
1764 1344
1764 1890
1766 69
1766 312
1766 456
1766 923
1766 1152
1769 513
1769 1031
1770 138
1770 321
1772 545
1772 1302
1774 1812
1776 887
1776 1545
1777 256
1777 1305
1778 708
1778 1716
1780 217
1780 1071
1781 512
1781 1255
1783 88
1783 275
1783 533
1784 50
1784 435
1784 577
1784 1094
1785 558
1785 1554
1786 426
1790 930
1791 716
1792 34
1792 37
1792 264
1792 508
1792 729
1792 1102
1792 1201
1792 1298
1792 1639
1792 1676
1793 4
1793 6
1793 30
1793 34
1793 48
1793 108
1793 130
1793 206
1793 608
1793 1025
1793 1056
1794 181
1794 644
1794 1508
1794 1708
1794 1965
1795 17
1795 148
1795 541
1796 20
1796 24
1796 33
1796 97
1796 1280
1796 1343
1796 1613
1797 1280
1797 1905
1798 16
1798 98
1798 594
1798 651
1798 840
1798 1736
1799 85
1799 145
1799 602
1799 1026
1800 576
1800 657
1800 882
1800 1033
1800 1041
1800 1244
1801 548
1801 915
1801 1284
1801 1929
1802 2
1802 24
1802 1536
1803 71
1803 167
1803 356
1804 24
1804 768
1804 1088
1805 136
1806 4
1806 97
1806 178
1806 1026
1807 1481
1808 64
1808 336
1808 512
1808 557
1808 851
1809 52
1809 65
1809 320
1809 1118
1809 1289
1810 1092
1810 1540
1811 321
1811 436
1811 546
1811 736
1812 81
1812 170
1812 368
1812 1539
1813 1139
1813 1824
1814 94
1814 144
1814 192
1814 264
1814 1536
1815 210
1815 1152
1816 40
1816 68
1816 101
1816 129
1816 278
1816 561
1816 849
1817 0
1817 3
1818 48
1818 97
1819 43
1821 260
1821 373
1821 380
1821 556
1821 1231
1822 345
1822 398
1823 136
1823 960
1824 256
1824 458
1824 864
1824 1632
1825 168
1825 337
1825 1044
1825 1353
1825 1578
1826 269
1826 436
1826 1254
1826 1708
1827 130
1827 513
1827 1083
1827 1352
1827 1616
1827 1697
1828 280
1828 547
1828 660
1828 724
1828 1568
1828 1679
1829 133
1829 336
1829 404
1829 1036
1829 1504
1830 22
1830 33
1830 1665
1831 41
1832 92
1832 129
1832 421
1832 784
1832 1602
1833 89
1833 1249
1834 456
1834 718
1834 1586
1836 0
1836 580
1836 776
1836 1410
1837 573
1838 483
1839 129
1839 152
1840 10
1840 61
1840 322
1840 582
1840 649
1840 1544
1841 2
1841 90
1842 146
1842 896
1842 1156
1843 8
1843 128
1843 374
1844 483
1844 1169
1845 1616
1847 540
1848 0
1848 19
1848 352
1848 535
1849 2
1849 49
1849 360
1849 1096
1850 5
1850 104
1850 1089
1850 1280
1851 369
1851 468
1852 289
1853 391
1853 1538
1854 26
1854 29
1855 144
1856 64
1856 402
1856 546
1856 1155
1856 1236
1856 1348
1857 523
1858 176
1858 358
1858 427
1858 775
1858 784
1858 1153
1858 1625
1859 531
1860 66
1860 625
1860 900
1860 968
1860 1600
1861 0
1861 130
1861 216
1861 218
1861 1320
1862 8
1862 330
1862 1336
1862 1956
1863 0
1863 28
1863 133
1864 21
1864 128
1864 351
1864 1417
1865 146
1865 800
1865 1059
1866 1240
1867 16
1868 151
1868 682
1868 910
1868 1029
1868 1284
1869 1041
1870 516
1871 1730
1872 4
1872 228
1872 384
1872 417
1873 1344
1874 60
1874 530
1874 781
1874 1313
1874 1938
1876 785
1876 1569
1878 1301
1879 527
1879 1308
1880 80
1880 115
1880 657
1880 690
1882 192
1882 1194
1882 1288
1883 327
1884 672
1886 1957
1888 2
1888 265
1888 1146
1888 1290
1889 4
1889 8
1889 84
1889 784
1890 266
1890 481
1890 486
1890 673
1890 745
1890 1067
1890 1174
1891 101
1891 283
1892 1030
1893 168
1894 833
1894 1895
1896 203
1896 915
1896 1411
1898 10
1898 1640
1900 71
1901 920
1901 1663
1903 41
1903 1088
1904 52
1904 577
1904 1028
1905 2
1905 34
1905 65
1906 256
1907 52
1907 1067
1907 1573
1908 266
1908 440
1912 569
1912 1108
1913 160
1913 304
1915 960
1916 638
1918 40
1918 267
1920 142
1920 1762
1920 1904
1921 968
1921 1088
1921 1145
1921 1668
1922 1
1922 193
1922 522
1922 1110
1922 1826
1923 512
1924 365
1924 600
1924 1349
1925 304
1925 1052
1926 1048
1926 1984
1927 669
1928 732
1928 1168
1929 1696
1930 24
1930 1452
1931 256
1932 8
1933 313
1934 97
1934 710
1935 389
1936 9
1936 78
1936 117
1936 296
1936 627
1936 904
1936 1300
1936 1525
1936 1537
1936 1609
1937 370
1937 480
1937 544
1937 593
1938 68
1938 197
1938 521
1938 1164
1939 793
1939 1560
1940 5
1940 436
1940 583
1941 1112
1942 226
1943 84
1943 482
1943 1232
1944 313
1944 1283
1944 1300
1945 100
1946 469
1946 1090
1947 1028
1947 1318
1949 545
1951 9
1952 165
1952 197
1952 768
1953 386
1953 1025
1954 8
1954 131
1954 619
1954 674
1954 1091
1955 16
1956 24
1957 41
1957 417
1958 74
1958 309
1958 1316
1959 833
1960 83
1960 156
1960 561
1960 711
1961 264
1961 1299
1962 536
1962 544
1964 1920
1965 601
1965 1029
1968 165
1968 1241
1970 524
1972 1302
1974 192
1974 492
1975 1084
1975 1549
1976 129
1976 512
1977 0
1977 40
1977 560
1978 560
1978 1486
1980 1614
1984 256
1984 457
1984 604
1984 768
1984 1456
1985 75
1985 848
1986 580
1987 663
1987 1633
1988 150
1988 288
1988 1449
1992 0
1992 113
1992 192
1992 519
1994 642
1995 9
1996 1321
1997 1202
1999 89
1999 538
2000 83
2000 230
2000 593
2000 1036
2000 1633
2004 1123
2006 1061
2007 40
2008 1252
2009 3
2009 1040
2009 1536
2010 1969
2011 102
2011 129
2011 768
2014 149
2016 49
2016 156
2016 672
2016 1106
2016 1284
2016 1474
2017 56
2018 596
2018 1056
2019 271
2020 34
2022 3
2022 8
2022 1667
2023 1094
2024 1235
2024 1624
2026 1872
2032 256
2032 1187
2034 1476
2035 17
2035 1739
2041 518
2042 687
2045 513
2045 1601
