# Synthetic Kronecker Graph 
# Edges are directed 
0 0
0 4
0 8
0 10
0 19
0 65
0 77
0 80
0 84
0 116
0 120
0 144
0 154
0 203
0 212
0 240
0 267
0 276
0 430
0 531
0 577
0 636
0 660
0 832
1 18
1 19
1 27
1 44
1 70
1 120
1 128
1 136
1 138
1 140
1 156
1 236
1 422
1 466
1 512
1 535
1 568
1 578
1 657
1 744
1 818
1 823
1 898
2 5
2 8
2 47
2 96
2 100
2 136
2 144
2 258
2 264
2 296
2 302
2 331
2 416
2 424
2 578
2 611
2 613
2 678
2 791
2 792
2 896
3 2
3 4
3 66
3 77
3 514
3 582
3 618
3 710
3 768
4 4
4 8
4 15
4 18
4 48
4 101
4 105
4 131
4 176
4 192
4 200
4 304
4 310
4 320
4 364
4 450
4 506
4 512
4 572
4 580
4 608
4 648
4 705
4 782
4 808
4 896
4 897
5 19
5 173
5 197
5 380
5 409
5 611
5 976
5 977
6 59
6 115
6 181
6 388
6 590
6 609
6 614
6 644
6 768
6 773
7 5
7 8
7 65
7 137
7 169
7 200
7 545
7 595
7 704
7 867
7 900
8 10
8 51
8 101
8 108
8 130
8 134
8 144
8 160
8 181
8 285
8 321
8 393
8 394
8 403
8 437
8 528
8 678
8 795
8 846
8 908
9 65
9 70
9 80
9 144
9 197
9 328
9 390
9 564
9 576
9 639
9 712
9 733
10 0
10 82
10 513
10 529
10 533
10 583
10 898
11 16
11 29
11 36
11 128
11 259
11 416
11 484
11 541
11 656
11 996
12 129
12 144
12 195
12 199
12 335
12 389
12 413
12 441
12 531
12 532
12 548
12 555
12 634
12 710
12 770
13 1
13 472
14 200
14 540
14 545
14 547
15 146
15 384
15 522
15 664
15 681
15 752
16 2
16 41
16 56
16 96
16 112
16 128
16 129
16 137
16 160
16 163
16 214
16 331
16 354
16 364
16 380
16 394
16 464
16 518
16 520
16 608
16 640
16 674
16 682
16 705
16 840
16 873
16 898
17 8
17 9
17 69
17 76
17 136
17 154
17 228
17 260
17 309
17 468
17 549
17 624
17 649
17 651
17 796
17 855
17 998
18 16
18 46
18 97
18 208
18 209
18 256
18 297
18 354
18 480
18 482
18 488
18 513
18 572
18 680
18 962
19 26
19 226
19 324
19 936
20 78
20 112
20 137
20 186
20 193
20 197
20 210
20 224
20 256
20 260
20 432
20 521
20 577
20 584
20 649
20 788
21 59
21 114
21 154
21 230
21 268
21 297
21 308
21 336
21 410
21 522
21 662
22 39
22 48
22 120
22 329
22 538
22 539
22 582
22 641
22 864
23 8
23 193
23 227
23 413
23 449
23 450
23 706
24 11
24 25
24 66
24 152
24 163
24 236
24 279
24 400
24 456
24 527
24 919
24 975
25 68
25 134
25 162
25 192
25 290
25 336
25 393
25 528
25 545
25 778
25 779
25 794
26 32
26 68
26 72
26 79
26 260
26 451
26 576
27 4
27 48
27 287
27 500
27 904
28 82
28 100
28 128
28 181
28 339
28 518
28 625
28 774
28 973
29 39
29 86
29 327
29 395
29 547
30 3
30 20
30 66
30 131
30 872
31 86
31 512
32 8
32 21
32 31
32 69
32 84
32 112
32 144
32 256
32 259
32 390
32 400
32 523
32 548
32 664
32 848
32 1004
33 68
33 72
33 163
33 257
33 272
33 294
33 540
33 641
33 752
33 768
33 903
34 16
34 25
34 33
34 136
34 188
34 293
34 305
34 329
34 604
35 137
35 196
35 352
35 373
35 544
35 580
35 640
35 648
36 10
36 20
36 26
36 78
36 156
36 206
36 226
36 663
36 866
37 4
37 114
37 135
37 268
37 320
37 656
37 897
38 52
38 64
38 68
38 449
38 490
38 578
38 769
38 864
39 19
39 179
39 200
39 260
39 289
39 437
39 596
39 768
40 16
40 50
40 128
40 132
40 136
40 160
40 201
40 518
40 610
40 649
40 837
40 952
41 0
41 18
41 36
41 120
41 288
41 322
41 397
41 513
41 574
41 600
41 738
41 792
41 836
41 868
42 2
42 37
42 51
42 70
42 80
42 82
42 289
42 384
42 520
42 521
42 642
42 1001
43 1
43 20
43 70
43 274
43 416
43 514
43 672
44 24
44 40
44 56
44 65
44 132
44 515
44 563
44 708
45 288
45 392
45 751
45 836
46 110
46 144
46 264
46 907
47 96
47 145
47 160
47 176
47 408
47 553
47 977
48 1
48 17
48 47
48 193
48 274
48 332
48 452
48 528
48 585
48 681
48 721
48 1016
49 13
49 16
49 20
49 52
49 70
49 112
49 133
49 140
49 167
49 178
49 341
49 564
49 787
50 0
50 260
50 396
50 548
50 592
50 600
50 653
51 32
51 271
51 817
52 1
52 32
52 196
52 211
52 264
52 628
52 914
53 255
53 338
53 457
53 512
53 636
53 642
54 40
54 128
54 184
54 213
54 414
54 685
55 86
55 364
56 132
56 140
56 164
56 260
56 771
56 867
56 882
57 65
57 86
57 136
57 390
58 36
58 42
58 84
58 186
58 236
58 406
58 641
58 964
59 16
59 17
59 636
59 800
60 1
60 4
60 10
60 11
60 98
60 103
60 512
60 545
60 676
60 848
61 0
61 148
61 337
61 776
61 986
62 258
62 297
62 768
62 833
63 952
64 7
64 8
64 33
64 51
64 52
64 88
64 90
64 128
64 181
64 265
64 288
64 344
64 387
64 396
64 624
64 626
64 789
64 916
64 979
65 32
65 38
65 72
65 201
65 270
65 544
65 596
65 649
65 712
65 792
66 25
66 115
66 132
66 147
66 192
66 232
66 504
66 595
67 193
67 329
67 537
67 583
67 673
67 912
68 0
68 2
68 20
68 66
68 68
68 146
68 256
68 259
68 274
68 275
68 283
68 386
68 388
68 439
68 516
68 544
68 785
68 814
68 901
69 44
69 294
69 388
69 394
69 610
69 766
69 773
69 972
70 32
70 134
70 168
70 220
70 235
70 329
70 519
70 520
70 530
70 566
70 579
70 815
71 158
71 301
71 306
71 928
72 26
72 64
72 65
72 97
72 257
72 259
72 288
72 297
72 389
72 544
72 549
72 613
72 706
72 788
72 834
72 840
73 11
73 61
73 312
73 546
73 562
73 708
73 801
73 836
74 50
74 66
74 106
74 176
74 232
74 388
74 392
74 448
74 514
74 833
75 328
75 544
75 602
75 656
76 24
76 135
76 152
76 513
76 755
77 136
77 406
77 741
77 784
78 14
78 198
78 203
78 249
78 660
78 939
79 8
79 260
79 272
79 640
79 730
80 9
80 17
80 32
80 163
80 258
80 289
80 431
80 448
81 0
81 25
81 73
81 136
81 384
81 582
81 770
81 929
82 4
82 10
82 58
82 202
82 456
82 642
82 672
83 40
83 136
84 0
84 37
84 128
84 320
84 372
84 568
84 772
84 797
85 76
85 156
85 161
86 69
86 82
86 315
87 1
87 42
87 280
88 45
88 169
89 0
89 50
89 64
89 162
89 460
89 546
89 594
89 684
89 749
89 805
90 32
90 148
90 545
90 561
91 18
91 548
91 699
92 112
93 30
93 75
93 76
93 507
94 128
94 174
94 372
95 275
95 608
96 0
96 8
96 61
96 130
96 135
96 272
96 303
96 320
96 355
96 377
96 432
96 513
96 524
96 578
97 17
97 33
97 43
97 47
97 228
97 234
97 600
97 815
97 896
98 263
98 322
98 491
98 812
99 194
99 258
99 544
99 640
100 39
100 69
100 106
100 289
100 376
100 938
101 287
101 488
101 526
101 550
102 56
102 152
102 256
103 29
103 64
103 136
103 347
103 474
103 528
103 651
103 752
103 792
103 832
104 190
104 256
104 322
104 584
105 4
105 36
105 172
105 221
105 276
105 336
106 33
106 105
106 154
106 163
106 266
106 308
106 645
106 992
107 75
107 194
108 122
108 130
108 263
108 268
108 487
108 513
109 210
109 256
109 352
109 426
110 68
110 82
110 212
110 562
110 768
111 6
111 32
111 35
111 464
112 49
112 256
112 274
112 328
112 525
112 581
113 8
113 70
113 74
113 293
113 432
113 578
113 628
114 12
114 132
114 338
114 524
114 530
114 536
114 786
115 273
116 38
116 44
116 102
116 129
116 136
116 256
116 261
116 384
117 28
117 512
117 523
117 736
118 400
118 790
119 10
119 584
120 28
120 217
120 533
120 611
120 642
120 769
121 100
121 964
122 12
122 354
124 4
124 549
124 561
125 67
125 294
125 616
126 92
127 34
127 648
127 769
128 3
128 14
128 19
128 58
128 64
128 90
128 160
128 222
128 267
128 269
128 307
128 315
128 317
128 327
128 400
128 528
128 564
128 688
128 920
128 969
129 37
129 81
129 96
129 109
129 211
129 324
129 363
129 516
129 524
129 528
129 532
129 549
129 600
129 704
129 842
129 922
130 0
130 18
130 34
130 38
130 108
130 449
130 581
130 628
130 800
130 815
130 952
130 957
131 25
131 34
131 98
131 197
131 256
131 257
131 485
131 521
131 571
131 832
131 836
132 47
132 51
132 64
132 65
132 72
132 104
132 330
132 367
132 384
132 481
132 714
133 84
133 300
133 324
133 352
134 141
134 465
134 520
134 521
134 546
134 645
134 690
134 867
134 897
135 48
135 65
135 162
135 272
136 62
136 133
136 147
136 273
136 296
136 299
136 329
136 444
136 451
136 845
136 874
137 69
137 161
137 258
137 291
137 512
138 12
138 209
138 795
139 17
139 72
139 224
139 964
140 53
140 87
140 146
140 788
141 66
141 68
141 96
141 426
142 52
142 58
142 99
142 131
142 184
142 272
142 520
142 568
142 596
142 720
143 694
143 783
144 179
144 181
144 192
144 515
144 529
144 578
144 678
144 901
145 17
145 76
145 329
145 592
145 726
145 905
145 968
146 20
146 32
146 52
146 136
146 146
146 276
146 326
146 569
146 628
146 689
146 701
147 36
147 78
147 144
147 161
147 258
147 784
148 8
148 360
148 520
148 528
148 537
148 820
148 848
148 1016
149 22
149 36
149 98
149 110
149 454
150 0
150 138
150 317
150 392
150 832
151 56
151 69
151 100
151 278
152 5
152 251
152 551
152 649
152 689
153 1
153 12
153 192
153 263
153 301
153 357
153 572
153 666
154 123
154 136
154 352
154 384
154 452
154 533
154 552
154 624
155 257
155 386
155 588
156 0
156 71
156 72
156 779
159 256
159 296
159 787
160 2
160 39
160 93
160 106
160 192
160 257
160 297
160 452
160 495
160 551
160 577
160 640
160 704
160 709
161 32
161 36
161 96
161 262
161 298
161 316
161 480
161 556
161 936
162 0
162 53
162 136
162 141
162 163
162 168
162 302
162 368
162 417
162 582
162 868
163 505
164 1
164 76
164 256
164 665
164 723
165 10
165 42
165 113
165 216
165 220
165 256
165 264
165 348
165 356
166 4
166 40
166 72
166 900
167 10
167 68
167 85
167 657
167 777
168 2
168 64
168 116
168 134
168 161
168 406
168 529
168 544
169 82
169 83
169 425
169 532
169 548
170 2
170 416
171 2
171 689
172 14
172 27
172 36
172 41
172 71
172 80
172 628
172 720
172 1003
173 284
173 300
173 523
173 664
173 1001
174 85
174 174
174 456
174 529
174 548
174 881
175 484
176 4
176 7
176 257
176 555
176 688
176 771
176 815
177 28
177 302
177 532
178 5
178 6
178 13
178 192
178 193
178 456
178 840
179 145
179 370
179 512
180 48
180 115
180 588
181 8
181 393
181 590
182 554
182 708
182 965
183 152
183 337
183 520
184 16
184 450
185 0
185 26
185 67
185 131
185 193
185 487
185 520
185 620
186 513
186 739
187 65
188 104
188 130
188 204
188 693
191 550
191 804
192 22
192 32
192 147
192 257
192 309
192 514
192 768
192 780
192 810
192 929
193 83
193 291
193 320
193 354
193 385
193 405
193 544
194 8
194 19
194 181
194 268
194 352
194 514
194 516
194 578
194 744
194 956
194 972
195 184
195 410
195 588
196 469
197 153
197 258
197 317
197 779
197 860
198 35
199 50
199 384
200 131
200 278
200 476
200 510
200 519
200 589
200 675
200 745
201 46
201 64
201 316
201 596
202 81
202 139
202 267
202 340
202 789
203 1
203 148
203 173
203 184
203 256
203 265
204 289
204 389
204 406
204 454
204 548
204 741
204 852
204 920
205 896
206 39
206 868
207 704
208 24
208 116
208 134
208 280
208 300
208 359
208 464
208 798
209 194
209 302
209 412
210 17
210 212
210 510
210 704
210 788
210 923
211 8
211 298
212 77
212 236
212 274
212 419
212 549
212 753
212 771
213 61
213 556
213 744
214 36
214 145
214 768
215 0
215 136
215 658
216 25
216 104
216 616
217 4
217 41
217 71
217 920
218 66
219 129
220 32
220 584
220 768
221 7
221 358
221 645
222 128
222 241
223 1
224 0
224 16
224 90
224 384
224 540
224 975
225 368
225 900
226 24
226 788
226 896
226 899
228 3
228 84
228 120
228 171
228 779
228 785
231 64
231 550
232 24
232 57
232 400
232 455
233 527
233 676
234 100
234 865
235 162
235 546
235 798
236 8
236 645
237 400
237 578
237 704
237 781
237 918
238 256
238 400
238 535
239 78
240 19
240 528
240 598
241 16
241 172
241 268
241 642
241 702
242 65
242 93
242 515
243 2
243 128
243 189
244 448
244 1016
245 778
245 896
246 17
247 780
249 2
249 12
249 625
250 96
250 210
250 388
250 700
250 777
251 100
251 396
252 674
253 32
253 627
254 96
255 78
256 0
256 1
256 32
256 41
256 80
256 83
256 102
256 112
256 124
256 233
256 272
256 304
256 387
256 424
256 428
256 432
256 553
256 576
256 666
256 688
256 720
256 835
256 873
256 876
256 897
256 993
257 9
257 36
257 52
257 67
257 84
257 128
257 180
257 237
257 313
257 528
257 849
258 104
258 121
258 129
258 327
258 390
258 678
258 871
258 966
259 0
259 10
259 59
259 69
259 76
259 130
259 146
259 612
259 640
259 657
259 724
260 28
260 98
260 138
260 198
260 246
260 562
260 576
260 653
260 867
261 19
261 20
261 33
261 72
261 102
261 442
261 530
261 539
261 566
261 856
262 133
262 137
262 138
262 227
262 592
262 996
263 336
263 522
263 641
264 1
264 21
264 68
264 80
264 131
264 132
264 272
264 326
264 328
264 515
264 534
264 585
264 594
264 644
264 705
264 809
265 40
265 88
265 292
265 582
265 680
265 896
266 6
266 33
266 64
266 841
267 2
267 163
267 208
267 259
267 298
267 336
267 351
268 160
268 192
268 260
268 520
268 539
269 233
269 528
269 534
269 640
270 97
270 138
271 6
271 176
271 792
271 885
272 32
272 72
272 97
272 133
272 144
272 160
272 184
272 272
272 331
272 369
272 384
272 798
273 8
273 101
273 300
273 659
274 12
274 32
274 50
274 72
274 80
274 152
274 401
274 552
274 714
274 799
275 75
275 164
275 419
275 709
275 772
276 0
276 514
276 648
276 768
277 8
277 196
278 305
278 770
279 25
279 96
279 150
279 204
279 453
279 522
280 64
280 76
280 277
280 418
280 547
280 553
280 648
281 0
281 26
281 150
281 177
281 192
281 962
281 978
282 42
282 116
282 323
282 720
283 8
283 18
283 20
283 80
283 101
283 608
283 642
284 115
284 704
284 706
284 744
284 754
285 19
285 258
285 292
285 584
286 144
286 164
286 649
287 332
287 344
288 0
288 1
288 18
288 33
288 41
288 50
288 128
288 273
288 340
288 403
288 554
289 8
289 20
289 521
289 560
289 609
289 777
290 18
290 48
290 80
290 264
290 305
290 439
290 542
290 577
290 788
291 64
291 480
291 616
291 781
291 968
292 13
292 24
292 144
292 443
292 892
292 908
293 32
293 69
293 136
293 179
293 346
294 15
294 226
294 512
294 699
295 384
296 80
296 262
296 282
296 529
296 768
296 964
297 22
297 139
297 224
297 228
297 257
297 896
297 900
298 384
298 448
298 552
299 216
300 0
300 267
300 272
300 516
300 906
301 100
301 852
302 145
303 785
304 136
304 216
304 401
304 402
304 478
304 546
304 548
304 701
304 786
305 83
305 146
305 384
305 545
305 565
305 664
306 2
306 100
306 129
306 653
306 776
306 784
306 793
306 903
307 128
307 384
308 6
308 328
308 368
308 564
308 637
308 840
308 921
309 12
309 644
310 190
310 384
310 412
310 530
310 678
310 850
311 386
311 737
312 42
312 57
312 192
312 546
312 705
313 6
313 408
313 590
314 386
314 400
316 30
316 463
316 469
316 777
317 172
319 576
320 20
320 32
320 100
320 164
320 265
320 400
320 410
320 515
320 579
320 586
320 599
320 655
320 772
320 916
321 24
321 112
321 192
321 256
321 393
321 404
321 546
321 581
321 706
321 768
322 0
322 40
322 49
322 82
322 264
322 528
322 544
322 588
322 609
322 644
322 652
322 664
322 698
322 816
323 22
323 112
323 627
323 769
324 18
324 80
324 163
324 259
324 296
324 539
324 614
324 646
324 808
325 24
325 52
325 56
325 192
325 520
325 538
325 560
326 38
326 200
326 398
327 148
327 832
328 47
328 61
328 199
328 268
328 480
328 548
328 992
329 39
329 138
329 326
330 20
330 218
330 360
330 608
330 968
331 74
331 80
331 220
331 676
332 34
332 778
333 73
333 152
335 34
335 82
336 20
336 544
336 546
336 568
336 832
336 886
337 49
337 68
337 99
337 114
337 216
337 258
338 32
338 65
338 144
338 197
338 518
338 650
339 39
339 73
340 128
340 291
340 673
340 872
341 144
341 724
342 16
342 56
342 289
344 18
344 24
344 97
344 394
344 420
344 642
345 32
345 60
345 137
345 176
345 538
346 4
346 72
346 84
346 557
347 88
347 332
347 457
347 531
347 608
348 2
348 117
348 388
348 392
349 8
349 46
349 546
349 796
350 314
350 800
351 259
352 8
352 88
352 93
352 139
352 148
352 427
352 520
352 780
352 869
352 1003
353 13
353 66
353 132
353 143
353 324
353 394
353 657
354 268
354 514
354 590
355 169
356 901
357 130
357 580
358 22
358 593
358 858
360 69
360 196
360 267
360 403
360 424
360 513
361 12
361 665
362 8
362 521
362 640
364 8
364 34
364 352
364 592
365 0
365 30
365 65
365 225
365 432
365 608
366 0
366 14
366 22
368 32
368 292
368 520
368 688
368 908
369 120
369 186
370 516
370 838
371 8
371 235
371 642
372 0
372 520
372 663
373 16
373 50
373 115
374 77
374 769
374 905
374 947
375 584
376 398
376 604
376 888
377 64
378 517
378 769
379 3
379 260
379 329
380 428
381 208
381 530
382 277
382 608
382 725
384 13
384 81
384 96
384 112
384 176
384 238
384 768
385 90
385 136
385 137
385 274
385 337
385 584
385 911
386 10
386 69
386 170
386 526
386 546
386 649
386 699
386 921
386 960
386 961
387 68
387 178
387 196
387 261
387 328
387 647
387 661
387 848
388 16
388 21
388 68
388 136
388 156
388 486
388 547
388 584
388 703
388 754
389 1
389 4
389 321
390 9
390 32
390 81
390 517
390 884
391 33
391 122
391 236
392 4
392 53
392 464
392 530
392 544
392 615
393 6
393 100
393 193
393 517
393 633
393 710
393 746
394 10
394 133
394 257
394 513
394 730
395 8
395 424
396 14
396 33
396 57
396 72
396 163
396 596
397 21
397 22
397 270
398 73
398 114
398 669
399 1
399 61
400 66
400 512
400 540
400 612
400 680
400 778
401 11
401 131
401 329
401 344
401 553
402 57
402 115
402 307
402 402
403 16
403 152
403 170
403 680
404 51
404 192
404 320
404 409
405 336
405 338
405 521
406 223
406 275
406 457
406 480
407 1
408 11
408 104
408 128
408 158
408 545
409 4
409 116
409 256
409 406
409 779
409 809
410 202
411 138
411 253
411 529
411 597
412 144
412 288
412 532
412 608
413 578
413 786
414 104
414 168
415 25
416 147
416 392
416 540
416 562
416 688
416 970
417 261
417 504
417 530
418 6
418 9
418 259
418 696
418 820
419 210
419 267
419 432
419 576
419 704
419 902
420 1
420 412
420 481
420 552
420 704
420 775
421 65
421 106
421 704
422 8
422 45
422 68
422 252
422 834
423 313
424 80
424 84
424 120
424 131
424 203
424 272
425 32
425 148
425 267
425 639
426 130
426 264
426 288
426 362
427 135
428 128
428 144
429 384
429 795
430 168
430 318
431 332
431 420
432 4
432 132
432 512
432 536
432 667
433 146
433 576
433 688
433 708
434 20
434 145
434 208
434 579
435 50
435 448
435 902
436 62
436 358
436 544
436 640
436 982
437 580
438 192
438 322
438 904
438 954
440 28
440 144
440 234
441 406
441 657
442 328
442 810
443 329
443 552
444 291
444 344
448 8
448 204
448 313
448 512
448 520
448 618
448 652
448 712
448 713
448 878
449 48
449 146
449 302
449 442
450 0
450 640
450 848
451 2
451 213
452 27
452 137
452 267
452 454
452 902
453 152
454 24
454 52
454 64
454 65
454 128
454 193
454 669
454 674
455 36
456 134
456 449
457 4
457 541
457 545
457 708
458 64
458 81
458 172
458 552
458 804
459 8
459 400
460 68
460 85
460 398
460 901
461 69
462 205
462 517
462 552
464 1
464 96
464 134
464 562
464 642
465 325
465 460
466 243
466 532
466 814
467 98
468 33
468 556
468 778
469 6
470 119
471 260
472 41
472 552
473 32
473 652
474 16
474 136
474 529
474 546
476 11
476 448
476 859
478 128
479 386
480 55
480 224
480 261
480 362
480 388
480 513
480 704
481 1
481 46
481 161
481 162
481 513
481 516
481 522
482 4
482 260
482 528
484 1
484 50
484 70
486 173
486 977
487 214
487 568
487 576
487 992
488 70
488 128
488 196
489 532
490 129
491 32
491 265
492 136
492 633
493 20
493 846
494 608
494 708
497 53
497 102
497 212
497 582
497 583
498 38
499 534
500 96
500 336
500 367
501 84
502 8
502 103
502 274
503 201
505 32
505 768
506 663
510 3
512 6
512 32
512 42
512 145
512 189
512 196
512 216
512 228
512 259
512 283
512 300
512 516
512 529
512 559
512 602
512 676
512 792
512 821
512 976
513 2
513 40
513 42
513 77
513 131
513 193
513 230
513 259
513 393
513 516
513 554
513 582
513 776
513 854
514 12
514 20
514 25
514 146
514 174
514 181
514 204
514 253
514 257
514 402
514 453
514 532
514 711
514 732
515 17
515 65
515 133
515 166
515 192
515 257
515 528
515 529
515 906
515 953
515 964
516 5
516 80
516 137
516 173
516 288
516 513
516 744
516 863
516 944
516 965
517 66
517 131
517 649
518 16
518 40
518 227
518 242
518 305
518 596
518 693
519 0
519 48
519 65
519 287
519 388
519 401
519 960
519 976
519 993
520 67
520 161
520 212
520 266
520 267
520 586
520 598
520 613
520 802
520 835
520 977
521 16
521 169
521 220
521 540
521 576
521 642
521 775
521 886
521 936
522 9
522 82
522 117
522 171
522 204
522 291
522 353
522 528
522 560
522 653
522 656
522 728
522 768
522 897
522 932
523 38
523 58
523 387
523 402
523 770
524 0
524 49
524 160
524 228
524 412
524 544
524 564
524 582
524 642
524 648
524 994
525 16
525 28
525 304
525 872
525 887
526 17
526 585
526 872
527 404
528 70
528 161
528 525
528 657
528 707
528 721
528 776
529 16
529 24
529 97
529 112
529 228
529 231
529 256
529 384
529 392
529 587
529 662
529 834
529 962
530 120
530 397
530 928
531 4
531 32
531 56
531 355
531 536
531 582
532 32
532 237
532 434
532 449
532 943
532 960
533 32
533 128
533 513
534 6
534 112
534 137
534 155
534 270
534 340
534 645
534 689
534 772
535 34
535 424
536 234
536 692
536 773
537 11
537 133
538 609
538 740
539 70
540 9
540 51
540 74
540 75
540 400
541 59
541 100
541 200
541 635
542 148
542 194
542 279
542 418
542 467
542 548
543 408
543 601
544 2
544 4
544 17
544 211
544 292
544 388
544 436
544 456
544 517
544 544
545 8
545 58
545 107
545 278
545 356
545 388
545 514
545 1010
546 2
546 27
546 78
546 92
546 108
546 138
546 398
546 404
546 432
546 612
546 624
546 640
546 796
547 76
547 137
547 166
547 218
548 8
548 24
548 48
548 128
548 850
549 8
549 43
549 114
549 128
549 492
549 528
549 568
549 597
549 647
550 27
550 96
550 143
550 320
550 580
551 69
551 111
551 131
551 544
551 617
551 779
552 520
552 676
553 17
553 44
553 56
553 86
553 153
553 768
554 80
554 132
554 149
554 184
554 242
554 284
554 649
555 40
555 121
555 635
556 146
556 401
556 514
556 736
557 520
557 800
558 45
558 419
558 464
558 584
559 769
560 72
560 177
560 224
560 256
560 390
560 512
560 807
561 1
561 128
562 296
563 1
563 27
563 98
563 248
564 72
564 138
564 160
564 260
564 274
564 325
564 403
564 516
565 474
565 906
566 1
566 33
566 123
566 905
567 425
568 72
568 372
568 789
568 797
568 913
569 321
569 323
570 8
570 161
570 473
571 118
571 160
571 317
571 438
571 532
571 554
572 160
572 493
572 843
573 294
573 770
574 18
575 13
575 164
575 514
575 545
576 0
576 4
576 14
576 28
576 35
576 140
576 320
576 395
576 442
576 459
576 521
576 800
576 944
577 7
577 56
577 68
577 330
577 480
577 554
577 800
578 225
578 327
578 352
578 402
578 456
578 504
579 320
579 321
579 525
580 17
580 18
580 64
580 120
580 135
580 210
580 257
580 310
580 745
580 785
580 870
581 18
581 290
581 774
581 856
581 972
582 0
582 50
582 157
582 288
582 414
582 600
582 602
582 870
583 516
584 10
584 53
584 90
584 96
584 260
584 536
585 29
585 284
585 298
585 516
585 702
585 806
585 833
586 2
586 32
586 64
586 69
586 132
586 137
586 332
586 547
586 694
588 0
588 48
588 196
588 294
588 409
588 451
588 577
589 33
589 265
589 673
590 76
590 512
591 1
591 136
591 774
592 26
592 78
592 134
592 135
592 288
593 46
593 90
593 114
593 156
593 240
593 672
593 718
593 719
594 9
594 161
594 192
594 288
594 425
595 49
595 768
596 206
596 260
596 301
596 365
596 776
597 353
597 579
598 416
599 173
600 0
600 64
600 72
600 168
600 281
600 547
600 774
600 840
600 880
601 512
603 65
603 512
605 3
605 128
605 193
606 24
606 790
607 310
607 545
608 0
608 19
608 48
608 80
608 134
608 138
608 236
608 276
608 538
608 760
608 787
608 806
609 6
609 15
609 95
609 136
609 345
609 783
609 816
609 992
610 180
610 212
610 674
610 771
611 0
611 138
611 274
612 530
612 1008
613 51
613 177
613 196
613 456
613 769
614 247
614 272
615 0
615 513
616 141
616 193
616 530
616 800
616 917
617 0
617 1
617 401
618 0
618 144
618 396
620 43
621 273
621 779
622 6
622 81
622 640
622 769
623 137
623 580
624 258
624 310
624 418
624 899
625 96
625 152
626 13
626 650
627 2
627 8
627 192
627 357
628 320
628 398
628 789
629 103
630 43
630 128
632 11
632 50
632 293
632 512
633 82
633 166
633 928
636 450
636 890
637 432
637 457
638 452
639 388
640 4
640 13
640 16
640 25
640 64
640 67
640 97
640 132
640 148
640 252
640 387
640 429
640 487
640 572
640 704
640 792
641 40
641 132
641 347
641 472
641 544
642 10
642 17
642 192
642 228
642 342
642 400
642 584
642 788
643 396
643 546
643 580
644 49
644 75
644 624
644 642
644 844
644 902
645 83
645 124
645 128
645 388
645 412
645 541
645 598
646 4
646 37
646 240
646 259
646 904
647 548
647 626
648 34
648 52
648 237
648 432
648 592
649 16
649 28
649 62
649 248
649 431
649 1000
650 108
650 288
650 304
650 384
650 652
650 768
650 834
651 277
651 688
651 732
652 140
652 306
652 544
652 644
652 704
653 162
653 530
654 212
654 301
654 522
654 562
654 800
655 17
655 164
655 403
656 50
656 134
656 225
656 297
656 302
656 310
656 480
656 556
656 906
657 88
657 320
657 908
658 18
658 35
658 279
658 288
658 870
658 992
659 32
659 92
659 97
659 417
659 597
659 704
660 21
660 65
660 300
660 650
661 264
661 457
661 480
662 256
662 300
663 5
663 801
664 72
664 165
664 553
664 644
665 50
665 275
666 41
666 297
666 390
667 64
668 0
668 65
668 785
669 400
670 120
670 773
670 852
671 326
671 640
671 688
672 7
672 18
672 21
672 143
672 228
672 296
672 346
672 598
672 643
673 192
673 288
673 293
673 336
673 387
673 579
673 674
674 14
674 133
674 676
674 705
675 0
675 144
675 328
675 482
676 6
676 24
676 28
676 130
676 274
676 649
677 33
677 44
677 609
677 647
677 741
678 237
679 102
679 129
679 136
679 968
680 41
680 99
680 256
680 459
680 776
681 68
681 114
681 132
681 564
681 592
681 961
682 130
682 632
683 513
683 577
683 648
684 82
684 296
684 306
684 553
684 721
685 1
686 68
686 525
686 918
688 234
688 770
688 814
689 20
689 523
689 867
690 2
690 66
691 112
691 228
691 520
691 546
691 549
691 818
692 24
692 64
692 794
693 0
693 36
693 256
693 513
694 82
694 361
696 60
696 68
696 268
697 168
697 256
697 260
698 160
698 788
698 902
699 850
700 68
700 136
700 300
701 99
703 223
704 16
704 18
704 140
704 215
704 229
704 321
704 448
704 530
704 723
704 899
705 1
705 163
705 265
705 289
705 561
705 956
706 68
706 245
706 260
706 333
706 368
707 21
707 771
708 37
708 81
708 300
708 352
708 598
709 10
709 24
709 65
710 1
710 296
710 331
710 817
712 253
712 320
712 336
712 701
713 1
713 50
713 80
713 538
713 960
714 292
715 21
716 341
717 37
717 228
718 129
718 644
719 69
720 1
720 58
720 69
720 124
720 258
720 323
720 353
721 133
721 676
722 180
722 258
722 273
722 281
722 609
723 64
723 849
723 930
724 26
724 267
724 384
725 130
725 160
725 162
725 912
726 21
727 169
727 903
728 345
728 421
728 432
729 76
729 242
730 132
730 376
731 265
734 681
735 132
735 586
736 48
736 51
736 97
736 512
737 128
737 882
738 93
738 132
738 256
738 548
739 6
739 536
740 66
740 73
741 120
741 131
742 24
744 2
744 5
744 74
744 141
744 673
744 728
745 35
745 834
746 274
746 1000
747 210
747 304
747 819
748 436
750 4
750 277
750 298
750 834
751 64
751 385
751 832
752 322
753 148
753 412
753 648
754 10
754 70
754 118
755 843
758 108
758 330
760 4
760 78
760 326
760 864
761 253
761 256
761 633
761 1011
762 290
764 209
764 322
764 364
765 78
765 193
766 293
767 896
768 4
768 6
768 147
768 193
768 215
768 244
768 258
768 292
768 389
768 512
768 533
768 560
768 594
768 595
768 648
768 712
768 914
769 148
769 180
769 209
769 219
769 249
769 387
769 753
769 768
769 769
770 128
770 145
770 168
771 32
771 100
771 503
771 801
772 58
772 64
772 133
772 136
772 164
772 197
772 355
772 368
772 513
772 590
772 646
772 777
772 912
773 256
773 594
774 42
774 43
774 64
774 81
774 124
774 147
774 206
774 316
774 321
774 448
774 462
774 842
775 13
775 64
775 65
775 320
775 362
775 368
776 83
776 196
776 266
776 282
776 322
776 328
776 512
776 560
776 675
776 708
776 720
777 1
777 76
777 133
777 277
778 162
778 290
778 919
778 984
779 184
779 796
780 2
780 9
780 241
780 262
780 400
780 577
780 918
781 134
781 508
782 312
782 435
782 553
782 584
783 67
783 773
783 904
784 2
784 259
784 346
784 399
784 422
784 532
784 660
784 750
784 889
784 982
784 985
785 33
785 64
785 112
785 164
785 282
785 968
786 24
786 678
787 0
787 74
787 133
787 522
787 612
788 14
788 128
789 116
789 193
789 386
789 600
790 25
792 37
792 136
792 217
792 278
792 397
792 776
793 6
794 88
794 213
794 294
794 330
795 97
795 133
795 236
795 337
795 356
796 1
796 513
796 890
796 904
797 45
797 96
797 212
797 530
797 651
798 257
798 330
798 581
800 20
800 33
800 529
800 908
801 73
801 130
801 168
801 804
802 209
803 36
803 307
803 388
803 626
803 866
804 387
804 763
805 34
805 64
805 313
806 16
806 128
806 262
806 496
807 670
808 5
808 205
808 225
808 272
808 309
808 633
809 135
809 574
810 232
810 646
812 21
812 64
813 38
816 486
816 528
816 584
816 962
817 280
817 330
817 576
817 656
819 150
819 550
819 646
820 72
820 80
820 170
820 208
820 753
820 833
821 4
821 406
821 547
821 608
822 105
822 676
822 734
823 169
823 182
824 9
824 48
824 136
824 208
825 2
825 197
825 530
826 135
827 13
829 514
829 732
831 340
831 520
831 681
832 142
832 522
832 837
832 842
833 136
833 282
833 288
834 288
834 553
834 777
834 970
835 36
835 161
835 317
835 328
835 776
836 13
836 129
836 357
837 142
837 151
837 256
837 402
837 524
838 2
838 556
839 8
839 13
839 832
839 980
840 35
840 80
840 180
840 344
840 377
840 524
840 725
840 832
840 1004
841 6
841 25
841 256
841 520
841 544
841 680
842 553
842 866
844 3
844 77
844 192
844 248
844 338
844 408
844 555
845 34
845 114
846 9
848 64
848 141
848 288
848 452
848 592
848 713
849 132
850 8
850 194
850 435
850 445
850 585
851 6
852 17
852 140
852 334
852 402
852 524
852 978
854 285
854 512
854 544
855 780
855 835
856 398
856 513
856 539
856 705
856 787
857 646
858 277
859 488
859 512
859 695
860 55
860 384
860 718
860 834
863 802
864 23
864 581
864 700
865 13
865 59
865 97
866 17
866 1012
867 32
868 11
868 145
868 308
869 101
869 280
871 353
872 68
872 148
872 961
873 256
873 388
873 944
874 2
874 64
874 192
874 474
875 98
875 272
876 98
876 134
876 979
877 73
877 581
878 20
878 48
878 81
878 449
879 29
879 281
880 452
881 1
881 643
882 172
882 229
882 771
882 935
885 756
885 770
886 81
888 222
888 787
888 960
889 277
890 554
891 25
892 138
892 448
894 68
896 34
896 46
896 84
896 104
896 389
896 449
896 517
896 584
897 108
897 320
897 581
898 28
898 74
898 77
898 288
898 649
898 692
899 4
899 16
899 512
899 608
899 625
899 976
900 266
900 296
900 371
900 382
900 472
900 704
900 881
900 952
901 57
901 144
901 256
901 648
902 72
902 79
902 498
902 530
904 0
904 4
904 40
904 80
904 162
904 332
904 546
905 94
905 533
906 68
906 163
906 492
907 412
907 717
908 18
908 272
908 288
908 705
908 713
909 36
910 180
910 212
911 149
911 309
911 576
911 736
912 36
912 46
912 130
912 580
912 808
912 962
913 264
913 525
914 10
916 348
916 809
917 284
917 296
918 922
919 257
919 683
920 38
920 40
920 693
921 90
924 786
924 853
925 32
925 105
927 560
927 800
928 64
928 363
929 393
930 148
930 304
930 331
930 368
930 384
930 539
930 622
930 802
931 539
932 777
932 968
933 32
933 417
935 44
936 400
939 456
939 509
941 385
941 966
942 287
942 405
944 0
944 192
944 321
944 326
944 384
944 516
945 219
946 140
947 0
949 344
949 640
950 48
950 521
951 804
952 65
952 117
952 404
952 610
952 948
953 79
954 76
954 304
955 93
955 593
957 519
960 0
960 128
960 139
960 514
960 701
961 0
961 36
961 288
962 35
962 56
962 212
962 323
963 38
963 154
963 582
964 66
967 792
968 225
968 512
968 780
969 8
969 26
969 630
970 56
970 371
971 8
971 35
972 1
972 531
973 41
973 160
974 33
974 172
974 435
974 560
976 248
976 525
977 779
978 192
978 806
979 22
979 584
980 148
980 800
980 837
980 853
981 4
981 9
981 322
981 367
982 0
982 4
982 256
982 379
982 576
984 0
984 104
984 627
985 34
986 256
986 804
989 65
990 177
991 245
992 248
992 549
994 8
994 777
995 841
996 323
996 896
997 320
998 759
999 584
1000 584
1002 35
1002 272
1003 16
1005 67
1006 100
1007 60
1008 68
1010 533
1011 138
1015 8
1016 258
1016 368
1020 0
