# Synthetic Kronecker Graph 
# Edges are directed 
0 0
0 1
0 5
0 6
0 8
0 10
0 16
0 17
0 19
0 32
0 64
0 88
0 136
0 158
0 195
0 208
0 211
0 252
1 11
1 17
1 46
1 102
1 139
1 152
1 159
1 170
1 178
1 192
2 62
2 85
2 129
2 147
2 162
2 172
2 177
2 188
3 17
3 89
3 97
3 129
3 136
3 138
3 169
3 172
3 214
4 0
4 28
4 36
4 89
4 97
4 128
4 236
5 0
5 3
5 8
5 36
5 42
6 67
6 81
6 93
6 145
6 184
6 229
7 56
7 104
7 106
7 148
8 32
8 73
8 137
8 179
8 212
8 250
9 1
9 12
9 165
10 3
10 64
10 90
10 105
10 136
11 58
11 96
11 128
11 170
11 248
12 17
13 97
13 212
14 5
14 13
14 66
14 88
14 162
16 35
16 40
16 112
16 129
16 136
16 137
16 145
16 193
16 200
17 4
17 14
17 25
17 64
17 82
17 100
17 128
17 129
18 32
18 72
18 133
19 69
19 149
20 0
20 9
20 20
20 132
21 146
22 18
22 20
22 110
22 129
22 130
22 224
23 32
23 195
24 65
24 82
24 121
24 188
24 196
25 6
25 14
25 74
25 173
26 42
26 186
27 28
28 12
28 56
29 53
29 81
31 2
31 17
31 28
32 1
32 14
32 16
32 34
32 40
32 64
32 104
32 161
32 162
32 211
32 242
33 2
33 74
33 213
33 230
34 0
34 15
34 17
34 192
34 232
35 0
35 68
35 136
35 150
35 194
36 10
36 18
36 24
36 78
36 114
36 144
36 168
36 169
37 103
37 184
37 231
38 8
38 104
38 147
38 168
39 66
39 68
40 6
40 16
40 94
40 128
40 160
41 78
42 37
42 64
42 66
42 67
42 153
42 171
43 33
43 104
43 192
44 40
44 50
45 1
45 18
45 64
45 98
45 192
46 40
46 128
46 160
47 26
47 55
48 1
48 88
48 131
49 172
49 183
50 3
50 5
50 160
50 172
50 176
50 222
51 143
51 160
51 166
52 1
52 32
52 33
52 68
52 200
53 2
53 32
53 160
54 0
54 75
54 176
54 197
55 80
56 32
56 68
56 160
56 199
57 25
57 68
57 70
57 75
58 4
58 102
59 14
59 152
60 104
60 128
60 152
62 131
62 136
62 137
62 184
63 37
63 193
64 0
64 2
64 9
64 21
64 48
64 67
64 68
64 74
64 129
64 153
64 160
64 172
64 192
64 248
65 2
65 4
65 51
65 68
65 129
65 147
66 19
66 129
66 224
66 225
67 0
67 2
67 104
67 144
67 162
68 128
68 232
69 2
69 6
69 73
69 129
69 157
70 11
70 17
70 18
70 57
70 159
71 2
72 13
72 14
72 53
72 66
72 85
73 0
73 8
73 42
74 0
74 182
75 110
76 24
77 98
78 53
78 209
79 16
79 34
79 163
80 7
80 66
80 144
80 186
80 217
81 16
81 74
81 131
81 151
83 92
83 119
83 136
83 230
84 16
84 66
84 88
84 128
85 33
85 197
86 4
86 12
86 21
86 87
87 0
87 74
87 96
88 4
88 58
90 193
91 5
91 64
91 178
92 64
92 104
93 2
93 96
95 89
96 0
96 4
96 51
96 180
96 225
96 230
97 33
97 64
97 120
97 137
97 156
97 201
98 8
98 149
99 24
99 32
99 160
100 68
100 69
100 76
101 4
101 5
101 146
101 149
102 25
103 19
103 128
103 185
103 204
104 10
104 37
104 47
105 4
105 66
105 160
105 178
106 1
106 21
106 133
106 196
107 50
107 128
107 162
109 72
109 128
109 240
110 32
110 36
111 65
112 2
112 11
112 56
113 2
113 170
114 19
115 0
115 36
115 37
116 132
117 182
118 148
119 24
120 95
122 119
122 225
123 92
124 138
125 1
128 0
128 2
128 10
128 12
128 14
128 18
128 64
128 100
128 126
128 192
128 197
129 4
129 13
129 16
129 42
129 48
129 64
129 109
129 148
129 174
129 194
129 198
129 209
129 246
130 7
130 9
130 10
130 112
130 114
130 131
130 144
130 148
130 175
131 28
131 128
131 132
131 143
131 162
132 4
132 25
132 70
132 128
132 132
132 144
132 199
133 2
133 19
133 65
135 80
135 110
135 112
135 134
135 146
135 192
135 235
136 9
136 18
136 38
136 67
137 6
137 24
137 145
138 1
138 6
138 33
138 160
139 16
139 37
139 53
139 240
140 40
140 122
140 126
141 51
142 68
142 70
142 96
142 173
143 83
144 27
144 196
144 211
145 24
145 134
146 1
146 8
146 200
147 94
147 130
148 0
148 149
148 205
149 16
149 193
150 44
150 50
150 108
150 154
151 21
152 132
152 137
152 160
152 161
154 81
154 120
155 50
155 97
158 5
159 142
159 199
160 1
160 81
160 218
161 84
161 200
161 244
162 7
162 16
162 64
162 214
163 67
163 84
163 149
164 10
164 32
164 34
164 38
164 94
165 32
165 34
166 16
166 64
166 96
167 43
168 19
168 38
168 59
168 66
168 152
168 208
168 244
169 8
169 83
170 1
170 9
172 5
172 66
172 195
172 240
173 0
173 228
174 2
174 137
175 25
176 82
177 0
177 50
178 3
178 6
179 8
179 68
180 163
181 206
182 7
182 143
184 20
184 200
186 187
188 7
190 134
191 240
192 0
192 72
192 80
193 176
194 8
194 198
194 212
195 66
196 25
197 2
197 23
198 129
198 137
198 150
198 197
198 208
200 35
200 89
200 144
201 80
201 161
201 185
201 204
202 177
203 0
203 49
204 38
205 20
205 68
205 184
205 215
206 16
206 35
206 75
206 128
206 132
208 4
208 169
208 195
209 1
211 34
211 45
211 226
212 18
212 132
212 174
213 16
214 145
215 12
217 104
218 56
218 244
220 24
220 242
221 27
221 67
221 101
222 93
224 82
224 124
224 232
224 246
225 16
225 130
225 185
226 4
226 77
228 241
229 4
229 76
229 90
229 132
229 146
230 0
230 32
232 2
232 29
232 57
232 137
233 104
234 4
234 20
234 102
234 165
235 130
236 232
238 176
239 80
240 43
240 161
240 202
241 24
241 41
241 50
242 7
242 18
242 132
244 96
246 8
246 16
246 65
248 148
249 2
250 1
250 70
250 195
251 40
252 55
253 67
254 246
255 28
255 109
