# Synthetic Kronecker Graph 
# Edges are directed 
0 0
0 2
0 20
0 21
0 34
0 35
0 36
0 49
0 53
0 147
0 154
0 160
0 167
0 220
1 8
1 81
1 86
1 98
1 203
1 205
2 1
2 4
2 14
2 20
2 24
2 39
2 64
2 104
2 155
2 160
2 181
2 201
3 5
3 16
3 32
3 35
3 49
4 34
4 40
4 192
4 202
4 210
4 251
5 133
5 172
6 0
6 3
6 17
6 128
6 139
6 178
7 8
7 72
7 92
7 96
7 137
7 176
8 0
8 11
8 70
8 150
8 165
8 194
8 228
9 8
9 9
9 23
9 32
9 49
9 67
9 128
10 10
10 16
10 27
10 37
10 156
10 225
10 236
11 32
11 204
12 2
12 32
12 34
12 66
12 170
12 182
13 5
13 66
13 78
16 3
16 24
16 32
16 44
16 70
16 73
16 80
16 88
16 89
16 108
16 205
16 238
17 46
17 80
17 112
17 152
18 51
18 64
18 75
18 142
18 165
18 168
19 5
19 67
20 0
20 16
20 52
20 79
20 103
20 130
21 0
21 35
21 164
22 206
23 10
23 49
23 65
23 81
23 85
23 140
24 0
24 98
24 126
24 130
24 161
25 90
25 152
25 202
26 18
26 28
26 38
26 106
28 1
28 54
28 66
28 69
28 95
28 134
29 19
29 34
29 89
30 17
30 21
30 64
30 229
31 138
31 212
32 6
32 16
32 41
32 56
32 116
32 206
33 0
33 1
33 3
33 7
33 15
33 26
34 0
34 17
34 24
34 33
34 82
35 71
36 8
36 25
36 29
36 32
37 83
37 160
37 253
38 1
38 4
38 5
38 211
39 24
39 64
39 130
39 178
40 7
40 28
40 37
40 82
40 85
40 128
40 156
40 203
40 208
41 57
41 120
41 135
41 142
41 176
42 16
42 20
42 52
42 68
42 129
43 3
43 74
43 80
43 81
44 16
44 80
45 146
45 196
46 26
46 135
46 153
48 14
48 40
48 45
48 48
48 120
48 144
48 185
48 214
49 19
49 56
49 84
49 85
49 86
49 178
50 17
50 77
51 10
51 81
51 101
51 137
51 144
52 14
52 82
52 128
52 182
52 185
53 40
53 67
54 1
54 25
54 32
55 38
55 76
56 1
56 52
56 96
56 113
56 163
56 207
58 68
58 236
60 0
60 65
62 8
62 152
63 84
64 0
64 2
64 15
64 17
64 29
64 68
64 98
64 118
64 155
64 156
64 168
65 12
65 19
65 98
65 198
65 224
66 0
66 9
66 10
66 27
66 36
66 44
66 45
66 78
66 140
66 149
66 152
66 187
66 197
66 233
67 28
67 32
67 128
67 199
68 14
68 18
68 40
68 82
68 88
68 144
68 200
68 212
70 96
70 211
71 114
71 180
72 68
72 82
72 96
72 98
72 153
72 182
73 2
73 9
73 40
74 5
74 162
74 242
76 16
76 40
76 48
76 71
76 225
77 9
78 1
78 2
78 12
78 43
78 80
78 230
79 74
79 82
79 118
80 0
80 32
80 35
80 64
80 78
80 88
80 149
81 0
81 8
81 65
82 56
82 72
82 74
82 100
83 160
84 18
84 25
84 177
84 193
84 201
85 1
85 237
86 18
86 83
86 144
87 68
88 147
88 160
89 72
89 81
89 166
91 8
91 163
92 0
92 6
92 49
92 96
93 9
93 65
93 134
96 33
96 66
96 207
97 0
97 30
97 44
97 51
97 54
98 1
98 76
98 210
98 212
98 250
98 253
99 78
99 145
100 160
100 218
101 2
101 68
102 17
102 102
102 169
102 180
103 94
103 214
104 8
104 15
104 27
104 36
104 80
105 40
105 48
105 166
106 3
107 0
107 217
108 5
108 100
108 235
110 139
111 134
111 192
112 64
112 160
112 165
112 176
113 25
113 84
114 226
115 153
116 74
116 245
117 44
118 2
118 4
118 14
118 20
118 32
118 213
119 23
119 169
119 206
120 23
120 104
120 149
120 164
121 69
121 77
121 164
122 138
122 149
122 158
122 204
123 18
123 192
124 196
126 147
128 0
128 2
128 9
128 22
128 41
128 132
128 133
128 172
129 19
129 32
129 48
130 8
130 17
130 24
130 35
130 112
131 74
131 150
132 19
132 71
132 176
133 51
133 132
133 136
133 210
134 10
134 22
134 43
134 44
134 65
134 218
135 34
135 60
135 182
136 32
136 34
136 64
136 87
137 4
137 36
137 82
137 160
137 173
138 7
138 15
139 68
139 218
140 18
140 32
140 69
140 97
140 104
140 129
141 66
141 128
142 22
142 34
142 142
142 164
143 121
143 124
144 16
144 53
144 64
144 97
144 129
144 141
145 20
145 30
145 66
145 78
145 80
145 208
146 19
146 32
146 135
146 182
146 194
146 235
147 136
147 232
148 101
148 242
149 69
150 131
150 238
151 8
151 10
151 72
151 184
152 90
152 130
153 3
153 58
153 175
154 22
154 60
154 160
154 220
156 2
156 66
158 27
158 42
158 102
160 2
160 8
160 46
160 224
161 3
161 82
162 0
162 82
162 93
163 21
163 64
163 144
164 82
165 50
166 48
166 230
167 128
168 56
168 65
168 132
169 11
169 59
169 84
170 4
170 40
170 68
171 2
171 70
171 154
172 108
172 132
173 74
173 178
176 4
176 18
176 66
177 162
178 208
178 248
179 0
179 16
180 75
181 1
181 8
181 86
182 2
182 75
182 130
183 17
183 23
184 2
184 3
184 177
184 200
185 6
186 81
188 2
188 8
189 0
189 166
190 59
192 0
192 8
192 17
192 102
192 132
192 144
192 146
192 166
192 185
192 193
193 74
193 186
194 4
194 8
194 76
194 94
194 217
195 217
196 76
197 2
198 0
198 47
198 85
199 137
199 160
200 5
200 7
200 21
200 82
200 121
200 124
200 201
200 204
201 210
202 3
202 54
203 7
204 4
204 100
204 129
205 0
205 36
205 107
206 11
206 18
206 194
208 2
209 8
209 38
209 97
209 116
209 184
210 0
210 193
211 68
211 192
212 12
212 147
213 10
213 240
214 213
216 14
216 56
216 70
216 163
217 144
217 166
218 10
218 105
219 162
220 5
221 0
221 128
222 141
223 8
224 0
224 163
225 136
226 18
226 26
226 64
226 103
227 66
228 34
228 197
229 8
229 154
230 68
231 13
232 88
233 20
233 148
234 120
234 177
235 32
236 46
238 2
238 148
239 16
240 0
240 144
241 30
241 131
241 138
242 26
242 128
244 90
245 9
245 12
247 33
248 19
249 10
249 13
249 173
250 0
251 136
253 5
253 146
253 161
255 0
