# Synthetic Kronecker Graph 
# Edges are directed 
0 18
0 33
0 103
0 152
0 154
0 178
0 193
0 232
0 289
0 370
0 397
0 519
0 530
0 592
0 596
0 648
0 656
0 693
0 772
1 8
1 65
1 218
1 557
1 592
1 612
1 648
1 789
1 793
1 801
1 832
1 844
2 0
2 1
2 10
2 128
2 204
2 256
2 257
2 258
2 260
2 284
2 305
2 452
2 489
2 593
2 655
2 697
2 849
3 4
3 9
3 16
3 41
3 70
3 148
3 164
3 256
3 262
3 529
3 561
3 676
3 798
3 883
4 0
4 74
4 96
4 145
4 222
4 285
4 323
4 368
4 386
4 400
4 456
4 584
4 607
4 612
4 632
4 785
4 871
5 0
5 1
5 32
5 42
5 125
5 129
5 136
5 264
5 469
5 522
5 528
5 531
5 610
5 627
5 813
5 962
6 1
6 24
6 100
6 112
6 145
6 160
6 162
6 232
6 512
6 614
6 657
6 684
6 749
7 5
7 168
7 192
7 196
7 212
7 412
7 418
7 566
7 689
7 854
8 2
8 8
8 46
8 97
8 128
8 137
8 146
8 194
8 285
8 464
8 556
8 775
8 792
8 906
8 961
9 1
9 12
9 25
9 151
9 260
9 437
9 615
9 722
9 770
10 42
10 44
10 78
10 288
10 395
10 952
10 964
11 12
11 59
11 77
11 402
11 480
11 595
11 646
11 752
12 35
12 84
12 331
12 545
12 614
12 768
12 797
13 45
13 66
13 267
13 332
13 448
13 538
13 640
14 18
14 101
14 112
14 169
14 256
14 424
14 428
14 429
14 568
14 688
14 980
15 258
15 328
15 408
15 584
15 596
16 0
16 4
16 5
16 24
16 28
16 57
16 70
16 100
16 161
16 271
16 513
16 517
16 534
16 562
16 713
16 874
16 898
16 908
17 1
17 48
17 104
17 149
17 198
17 200
17 208
17 257
17 306
17 488
17 512
17 806
18 51
18 114
18 142
18 224
18 262
18 298
18 337
18 527
18 532
18 566
18 585
18 586
18 647
18 774
18 854
18 940
19 72
19 256
19 260
19 425
19 777
19 888
20 1
20 22
20 40
20 42
20 99
20 140
20 290
20 296
20 514
21 0
21 1
21 208
21 300
21 391
21 823
22 11
22 161
22 341
22 675
22 933
22 948
22 970
23 254
23 501
23 518
23 582
23 960
24 16
24 20
24 24
24 80
24 195
24 290
24 445
24 448
24 466
24 560
25 3
25 129
25 235
25 251
25 277
25 608
26 16
26 52
26 144
26 168
26 178
26 257
26 588
27 4
27 522
27 723
28 146
28 183
28 284
28 688
29 10
29 33
29 34
29 46
29 264
30 412
30 651
30 784
31 0
31 100
31 260
31 672
32 15
32 16
32 50
32 100
32 257
32 386
32 476
32 515
32 537
32 538
32 604
32 667
33 5
33 93
33 129
33 133
33 292
33 399
33 560
33 585
33 783
34 6
34 44
34 64
34 179
34 281
34 284
34 297
34 343
34 418
34 513
34 528
34 610
34 704
34 727
34 963
35 137
35 405
35 705
35 716
36 26
36 116
36 153
36 193
36 248
36 394
36 418
36 457
36 610
36 768
36 899
36 908
37 32
37 64
37 193
37 258
37 337
37 390
37 392
37 658
37 910
38 2
38 19
38 23
38 227
38 468
38 536
38 777
38 938
39 13
39 38
39 54
39 548
39 780
39 781
40 40
40 64
40 66
40 147
40 151
40 159
40 179
40 212
40 329
40 410
40 427
40 460
40 519
40 688
40 770
40 844
40 1000
41 26
41 61
41 340
41 516
41 660
42 256
42 934
42 1003
43 912
44 13
44 33
44 468
44 545
44 690
44 784
44 847
45 148
45 319
45 389
45 561
46 32
46 74
46 384
46 386
46 772
47 66
47 75
47 756
48 9
48 12
48 13
48 34
48 86
48 111
48 121
48 204
48 208
48 321
48 339
48 544
48 576
48 642
48 788
48 800
48 808
48 930
49 33
49 134
49 313
49 331
49 579
49 690
50 45
50 168
50 213
50 261
50 417
50 552
50 585
50 636
51 83
51 84
51 140
51 352
51 458
51 570
51 628
51 634
52 8
52 11
52 32
52 390
52 521
52 544
52 644
53 338
53 512
54 264
54 272
54 448
54 540
55 66
55 163
55 177
55 678
56 9
56 108
56 333
56 578
57 8
57 1017
58 78
58 80
58 164
58 197
58 904
59 16
59 20
59 35
59 321
59 360
60 80
60 129
60 564
61 582
61 712
62 497
62 850
63 128
63 869
64 1
64 16
64 37
64 39
64 114
64 132
64 160
64 172
64 181
64 233
64 324
64 400
64 516
64 598
64 610
64 677
64 704
64 800
64 837
64 900
65 244
65 333
65 461
65 515
65 650
65 685
65 718
65 770
65 884
66 1
66 10
66 34
66 98
66 100
66 106
66 129
66 152
66 273
66 795
66 844
66 897
67 24
67 32
67 132
67 182
67 288
67 579
67 652
67 912
67 930
68 17
68 21
68 41
68 131
68 147
68 161
68 219
68 259
68 507
68 586
68 638
68 922
69 136
69 164
69 168
69 360
69 553
69 577
69 644
69 777
69 936
70 21
70 80
70 204
70 652
70 801
71 4
71 432
71 531
71 789
72 64
72 80
72 195
72 256
72 261
72 293
72 346
72 360
72 544
72 794
72 821
72 877
72 884
73 54
73 83
73 116
73 209
73 370
73 532
73 982
74 49
74 107
74 159
74 323
74 522
74 632
74 795
74 800
74 804
74 940
75 18
76 18
76 106
76 173
76 272
76 630
76 940
77 73
77 276
77 321
77 418
78 416
78 448
78 513
78 560
78 568
79 120
79 544
80 0
80 98
80 188
80 338
80 356
80 437
80 448
80 471
80 519
80 532
80 593
80 596
80 608
80 657
80 680
80 768
80 772
80 779
80 808
81 4
81 388
81 551
82 64
82 136
82 221
82 390
82 646
82 755
82 946
83 12
83 106
83 130
83 385
83 386
83 679
83 975
84 36
84 84
84 356
84 386
84 524
84 528
84 537
85 201
85 941
86 18
86 104
86 161
87 28
87 544
87 614
88 46
88 104
88 130
88 243
88 580
88 797
88 832
89 115
89 148
89 164
89 166
89 169
89 596
89 640
89 899
90 13
90 44
90 164
90 201
90 513
90 612
91 40
91 69
91 549
92 16
92 110
92 208
92 250
92 263
92 453
93 328
93 546
93 850
95 14
95 424
95 645
96 3
96 5
96 32
96 164
96 282
96 359
96 552
96 808
97 67
97 385
97 400
97 630
98 0
98 42
98 106
98 128
98 320
98 330
98 518
98 665
98 872
99 1
99 16
99 57
99 136
99 581
99 946
100 18
100 129
100 259
100 336
100 790
100 804
100 834
101 18
101 64
101 285
101 905
102 224
102 385
102 714
102 801
102 832
102 917
103 16
103 24
103 364
103 576
103 754
103 818
103 896
104 32
104 168
104 180
104 192
104 279
104 465
104 470
104 826
105 12
105 357
105 662
106 23
106 54
106 186
106 392
106 904
107 4
107 685
107 930
108 16
108 857
109 534
110 29
110 341
110 663
111 29
111 98
112 66
112 130
112 410
112 457
112 573
112 785
112 932
113 35
113 258
113 393
113 464
113 516
113 833
114 0
114 11
114 45
114 137
114 192
114 235
114 321
114 768
114 904
115 384
116 1
116 2
116 144
116 160
116 196
116 772
117 1
117 137
117 288
117 364
117 532
118 266
119 450
119 520
119 832
120 4
120 93
120 502
120 520
120 640
120 726
120 832
120 854
120 868
121 83
122 0
122 82
122 272
123 128
123 945
124 195
124 215
124 342
124 388
124 488
124 966
124 987
125 45
125 262
126 52
126 56
126 72
126 209
126 571
127 353
128 8
128 41
128 73
128 77
128 84
128 98
128 110
128 128
128 194
128 279
128 322
128 354
128 464
128 465
128 495
128 520
128 528
128 576
128 620
128 641
128 692
128 714
128 737
128 768
128 916
129 2
129 32
129 47
129 144
129 160
129 171
129 266
129 272
129 301
129 519
129 528
129 681
130 19
130 46
130 77
130 129
130 212
130 257
130 270
130 360
130 386
130 436
130 472
130 545
130 564
130 576
131 2
131 3
131 5
131 38
131 132
131 364
131 406
131 409
131 491
132 6
132 9
132 35
132 96
132 196
132 336
132 524
132 641
132 753
132 768
132 776
132 822
132 841
132 918
132 953
132 978
133 37
133 53
133 76
133 134
133 276
133 583
133 608
134 4
134 46
134 108
134 172
134 403
134 516
134 657
134 807
134 856
135 401
135 419
135 522
136 22
136 54
136 129
136 243
136 280
136 338
136 460
136 524
136 613
136 618
136 768
136 834
136 906
137 4
137 152
137 184
137 330
137 544
138 157
138 288
138 297
138 321
138 415
138 609
139 311
139 356
139 448
139 584
139 836
139 976
140 0
140 73
140 76
141 46
141 112
141 362
141 508
141 514
141 903
141 918
142 205
142 424
142 549
142 1008
143 4
143 16
143 84
143 399
143 784
144 9
144 26
144 101
144 102
144 131
144 137
144 203
144 337
144 515
144 555
144 560
144 598
144 785
145 146
145 181
145 224
145 546
145 568
145 586
145 776
146 96
146 129
146 257
146 333
146 353
146 770
147 4
147 444
147 544
147 686
148 0
148 5
148 6
148 14
148 184
148 326
148 346
148 501
148 513
149 258
149 312
149 900
150 0
150 6
150 64
150 132
150 400
150 528
150 818
150 928
151 19
151 476
151 794
151 870
152 33
152 47
152 481
152 579
152 619
152 641
152 704
152 836
153 0
153 288
153 292
153 522
153 530
153 736
154 103
154 865
155 193
155 386
155 546
155 584
155 832
156 361
156 512
156 515
157 36
157 321
157 517
157 638
158 18
158 640
159 114
159 906
160 6
160 32
160 68
160 128
160 136
160 140
160 196
160 264
160 708
160 774
161 68
161 267
161 290
161 304
161 583
161 594
161 650
162 16
162 18
162 32
162 67
162 128
162 168
162 322
162 448
162 544
162 769
163 280
163 477
164 169
164 352
164 544
164 625
164 881
165 41
165 628
165 900
166 2
166 11
166 185
166 576
166 608
167 171
167 248
167 376
167 534
167 576
167 610
167 946
168 61
168 64
168 74
168 128
168 209
168 333
168 525
168 550
168 646
168 920
168 936
169 1
169 353
169 387
169 518
169 568
169 914
170 192
170 556
170 650
170 786
171 28
171 312
172 34
172 65
172 240
172 451
172 552
172 854
173 213
173 520
173 952
174 33
174 80
174 787
175 45
175 306
175 512
175 585
175 597
175 616
176 2
176 17
176 22
176 430
176 432
176 688
177 14
177 394
177 465
177 531
178 276
178 523
178 816
179 128
179 198
179 620
179 746
179 755
179 792
179 865
180 34
180 53
180 112
180 131
180 322
180 336
180 481
180 584
183 2
183 449
183 960
184 0
184 226
184 261
185 1
185 74
185 130
185 232
185 314
185 800
186 540
188 129
188 235
188 589
189 50
189 64
189 167
189 346
190 65
190 576
191 307
191 522
191 776
192 7
192 30
192 38
192 50
192 160
192 195
192 337
192 345
192 632
192 652
192 654
192 730
192 774
192 777
192 778
192 911
193 6
193 176
193 275
193 642
194 8
194 34
194 70
194 540
194 770
195 14
195 61
195 103
195 256
195 390
196 1
196 124
196 166
196 262
196 340
196 516
196 517
196 529
197 66
197 299
198 0
198 47
198 48
198 232
198 256
198 536
199 236
199 430
199 514
200 1
200 248
200 385
200 753
201 32
201 114
201 640
201 1010
202 20
202 181
202 339
202 406
202 672
202 781
203 116
203 128
203 896
204 6
204 176
204 534
204 576
204 640
205 180
206 313
206 512
207 116
208 140
208 200
208 262
208 266
208 512
208 641
208 789
209 18
209 94
209 575
210 57
210 193
210 384
210 528
210 684
210 711
211 580
211 648
212 0
212 17
212 112
212 185
212 256
212 515
212 604
214 45
214 196
214 339
214 512
214 608
216 5
216 177
216 192
216 277
216 409
216 898
217 584
217 967
218 104
218 182
218 325
219 240
219 560
219 682
220 484
221 79
221 717
222 732
223 587
224 5
224 29
224 181
224 257
224 290
224 397
224 433
224 475
224 578
224 601
224 650
224 749
224 818
224 876
224 897
224 902
225 4
225 64
225 65
225 260
225 301
225 785
226 87
226 303
226 665
227 120
227 512
228 30
228 106
228 192
228 525
228 922
230 299
230 387
231 190
231 581
231 596
231 686
232 39
232 212
232 336
232 356
233 140
233 168
233 387
234 9
234 321
234 612
234 800
236 83
236 279
237 67
237 98
238 529
238 736
239 99
240 10
240 128
240 141
240 200
240 360
240 541
240 782
240 854
241 41
241 44
241 162
241 521
241 544
242 512
243 672
243 781
244 2
244 9
244 26
244 328
245 23
245 530
246 1
247 642
248 167
248 889
249 266
249 643
250 775
251 720
252 3
252 96
253 32
254 396
255 263
256 0
256 2
256 10
256 19
256 52
256 65
256 80
256 112
256 224
256 235
256 263
256 270
256 379
256 398
256 448
256 482
256 512
256 596
256 640
256 840
256 846
256 877
256 912
257 32
257 79
257 148
257 194
257 320
257 461
257 513
257 632
257 780
257 838
258 12
258 34
258 51
258 78
258 110
258 273
258 518
258 531
258 576
258 650
258 680
258 698
258 800
258 872
259 3
259 34
259 80
259 96
259 99
259 523
260 12
260 16
260 19
260 28
260 56
260 161
260 300
260 466
260 572
260 650
260 704
260 719
260 769
260 771
260 911
261 2
261 4
261 48
261 64
261 140
261 236
261 276
261 640
261 651
261 869
261 965
262 22
262 25
262 288
262 544
262 593
262 678
262 788
263 8
263 44
263 275
263 528
263 796
263 864
264 17
264 26
264 40
264 82
264 512
264 542
264 553
264 560
264 667
264 784
264 842
265 0
265 16
265 89
265 162
265 898
266 4
266 17
266 35
266 132
266 210
266 306
266 382
266 788
266 795
267 69
267 133
267 242
268 8
268 339
268 577
268 906
269 320
269 684
269 736
269 800
270 107
270 265
270 386
270 534
270 770
271 680
272 46
272 52
272 198
272 213
272 234
272 262
272 592
272 640
272 650
272 682
273 10
273 120
273 134
273 138
273 344
273 864
274 1
274 5
274 32
274 64
274 132
274 150
274 178
274 200
274 256
274 368
274 612
274 640
274 704
275 25
275 134
275 298
275 512
276 4
276 5
276 177
276 207
276 298
276 360
276 437
276 555
276 568
276 584
277 28
277 45
277 144
277 440
277 546
277 587
278 4
278 17
278 69
278 71
278 72
278 166
278 360
278 512
278 573
278 645
278 686
278 806
279 152
279 448
280 4
280 144
280 179
280 218
280 434
281 134
281 273
281 372
281 512
281 978
282 82
282 175
282 402
282 533
282 793
282 844
283 12
283 38
283 134
283 436
283 544
284 275
284 298
284 538
284 780
285 103
285 140
286 16
286 256
287 512
287 513
287 642
287 976
288 63
288 168
288 296
288 458
288 551
288 963
289 33
289 36
289 58
289 536
289 561
289 784
290 128
290 129
290 192
290 256
290 292
290 453
290 611
291 2
291 20
291 340
292 42
292 642
292 649
293 130
293 354
293 407
293 518
293 665
293 898
294 16
294 120
294 256
294 332
294 357
294 512
294 933
295 22
295 544
295 819
295 992
296 8
296 83
296 172
296 265
296 330
296 433
296 452
296 536
296 576
296 666
296 800
296 833
297 145
297 526
297 671
298 268
298 704
298 804
299 517
299 642
299 808
300 7
300 13
300 68
300 84
300 769
300 770
301 0
301 80
301 128
301 782
302 12
302 303
302 490
302 512
302 526
303 989
304 65
304 116
304 135
304 153
304 282
304 304
304 448
304 452
304 524
304 526
304 580
304 750
304 900
305 5
305 6
305 128
305 162
305 896
306 130
306 225
306 462
306 528
306 633
307 2
307 12
307 70
307 160
307 163
307 258
307 374
307 395
307 640
308 134
308 402
308 716
308 949
309 204
309 296
309 339
309 532
309 578
309 610
310 65
310 512
310 642
312 1
312 6
312 64
312 147
312 264
312 328
312 716
312 745
312 822
312 853
313 192
313 258
313 384
313 976
314 25
314 321
314 328
314 723
314 847
315 648
316 229
316 736
316 809
317 888
317 906
318 96
318 282
319 59
320 12
320 34
320 128
320 152
320 264
320 276
320 296
320 336
320 352
320 519
320 558
320 801
320 913
321 213
321 433
321 722
321 774
322 8
322 26
322 40
322 160
322 327
322 412
322 528
322 580
322 802
322 812
323 297
323 521
324 6
324 34
324 37
324 82
324 115
324 331
325 81
325 112
325 132
325 273
325 384
325 402
325 457
326 68
326 93
326 212
326 528
326 584
327 35
327 64
327 817
328 57
328 81
328 137
328 301
328 320
328 402
328 660
328 812
329 28
329 30
329 256
329 328
329 369
329 384
329 428
329 682
329 900
329 940
330 24
330 37
330 81
330 97
330 264
330 529
330 576
330 634
330 752
331 848
332 0
332 5
332 46
332 138
332 768
332 904
333 785
334 14
334 256
334 642
334 644
334 965
335 130
336 3
336 53
336 135
336 257
336 738
337 690
337 753
337 1001
338 70
338 284
338 547
338 751
338 841
339 40
339 63
339 114
339 528
339 541
339 747
339 862
340 1
340 198
340 320
341 559
342 256
343 780
344 13
344 272
345 61
345 945
346 22
346 99
347 7
347 386
348 225
348 272
348 524
349 3
349 768
350 21
351 397
352 47
352 128
352 147
352 492
353 48
353 272
353 339
353 540
353 768
353 834
354 51
354 68
354 224
354 330
354 403
354 537
354 566
354 768
355 8
355 76
355 328
356 288
356 579
357 514
357 521
357 524
357 864
358 579
358 773
359 83
359 282
360 8
360 293
360 547
360 828
361 192
362 144
362 146
362 528
362 544
364 448
364 468
365 130
365 156
365 512
365 621
366 269
366 289
367 152
367 545
368 10
368 37
368 308
368 360
368 516
368 883
369 613
369 707
370 16
370 112
370 172
370 971
371 428
372 88
372 388
372 699
373 38
373 206
373 256
373 396
373 449
373 828
374 22
375 80
375 928
376 17
376 96
376 392
377 12
377 132
377 167
380 120
380 704
381 1
381 100
381 521
381 578
382 152
383 912
383 934
384 0
384 8
384 66
384 130
384 177
384 289
384 298
384 304
384 389
384 394
384 452
384 527
384 647
384 912
385 30
385 40
385 42
385 75
385 184
385 256
385 286
385 322
385 389
385 494
385 512
385 544
385 648
385 658
385 664
386 5
386 41
386 64
386 71
386 296
386 560
386 641
386 971
387 21
387 320
387 385
387 532
387 718
388 1
388 2
388 20
388 26
388 39
388 73
388 82
388 121
388 133
388 174
388 546
388 704
388 712
388 745
388 892
388 1018
389 6
389 133
389 390
390 388
391 0
391 6
391 833
392 12
392 210
392 327
392 576
392 773
392 801
392 842
393 11
393 160
393 785
393 802
393 837
394 6
394 28
394 32
394 184
394 196
394 545
394 622
394 769
395 664
395 912
396 16
396 40
396 83
396 233
396 298
396 388
396 515
396 560
396 696
397 389
397 596
397 899
398 1
399 806
399 900
400 4
400 84
400 272
400 318
400 544
400 632
400 968
401 50
401 142
401 164
401 897
402 12
402 46
402 139
403 10
403 225
403 544
404 0
404 424
404 515
404 533
404 582
404 623
405 524
406 176
406 512
406 712
407 9
407 32
407 36
407 258
407 277
407 530
407 579
408 64
408 138
408 544
408 577
409 24
409 566
410 16
410 17
410 539
411 14
412 4
412 176
412 193
414 770
415 206
415 263
416 4
416 335
416 513
416 571
416 659
417 137
417 216
417 225
417 297
418 72
418 140
418 208
418 753
418 903
418 941
419 69
419 257
420 130
420 144
420 214
420 468
420 645
420 688
421 146
421 148
421 381
422 80
422 266
422 905
423 81
424 44
424 517
424 688
425 448
425 643
425 778
426 13
426 145
426 705
427 67
427 173
427 352
427 787
428 4
428 28
429 601
430 0
430 3
430 659
431 73
432 33
432 199
432 224
432 269
432 289
432 522
432 536
432 577
432 835
432 939
432 985
433 0
433 527
434 534
434 690
434 768
435 8
435 106
435 534
435 914
436 6
436 473
436 515
436 644
437 129
437 340
438 915
439 306
439 803
439 969
440 451
441 102
441 322
441 534
441 740
442 20
442 520
442 552
444 556
444 578
446 81
446 338
448 107
448 514
448 594
448 596
448 689
449 16
449 23
449 24
449 84
449 119
449 154
449 173
449 391
450 52
450 515
450 540
450 780
451 783
452 40
452 56
452 264
452 273
452 598
452 616
453 17
453 899
454 132
454 624
455 1
455 16
455 232
455 704
456 72
456 210
457 34
457 336
458 87
458 160
458 222
458 261
458 336
458 402
459 265
460 579
460 594
461 103
461 135
461 258
461 272
462 91
462 110
462 584
462 729
464 53
464 144
464 393
465 513
465 564
466 122
466 193
466 409
466 964
467 538
467 777
468 577
469 60
469 187
470 642
470 771
471 652
473 593
475 65
475 516
475 688
476 522
476 786
477 545
478 417
479 67
480 14
480 96
480 161
480 652
480 784
481 0
481 1
481 4
481 44
481 266
481 296
481 454
481 960
482 386
482 560
484 45
484 1020
485 8
485 294
486 33
486 281
486 469
487 617
488 592
488 653
489 142
489 341
489 721
489 962
490 32
490 401
490 583
492 641
492 656
493 64
495 560
496 161
496 163
496 352
497 2
497 38
497 522
497 771
500 16
500 363
500 366
500 824
501 14
501 198
502 772
502 779
504 29
506 0
506 389
507 258
508 1
508 26
508 66
510 528
512 0
512 1
512 38
512 103
512 113
512 137
512 206
512 270
512 341
512 512
512 528
512 552
512 596
512 865
513 2
513 80
513 192
513 233
513 256
513 275
513 278
513 289
513 321
513 386
513 512
513 564
514 4
514 70
514 256
514 356
514 514
514 615
514 694
514 745
514 784
514 868
515 34
515 128
515 137
515 196
515 276
515 358
515 742
516 8
516 164
516 209
516 348
516 384
516 387
516 421
516 465
516 472
516 585
516 613
516 678
516 974
517 69
517 144
517 258
517 274
517 561
517 657
517 826
518 72
518 129
518 153
518 162
518 272
518 393
518 432
518 545
518 553
518 561
519 16
519 72
519 914
520 8
520 16
520 38
520 136
520 334
520 337
520 448
520 521
520 532
520 692
520 994
521 0
521 137
521 298
521 641
522 6
522 260
522 285
522 537
522 565
522 1014
523 80
523 261
523 545
523 549
523 641
524 17
524 312
524 322
524 378
524 418
525 4
525 66
525 256
525 259
525 528
525 864
525 875
526 150
526 166
526 273
526 513
526 516
526 590
527 1
527 136
527 687
528 4
528 6
528 57
528 165
528 168
528 225
528 292
528 314
528 389
528 514
528 569
528 850
528 851
529 1
529 28
529 83
529 131
529 170
529 319
529 576
529 598
530 36
530 76
530 132
530 337
530 397
530 400
530 423
530 900
531 6
531 142
531 264
532 39
532 102
532 168
532 283
532 320
532 581
532 644
532 859
533 330
534 0
535 845
535 865
536 34
536 538
536 587
536 776
536 777
536 818
537 22
537 61
537 74
537 96
537 160
537 366
537 420
537 576
537 707
538 48
538 576
538 786
538 945
539 262
539 322
539 653
539 655
539 768
540 149
540 640
540 986
541 72
541 157
541 257
541 274
541 416
541 660
542 200
543 113
544 10
544 41
544 64
544 79
544 164
544 192
544 209
544 291
544 368
544 396
544 402
544 403
544 528
544 605
544 720
544 815
545 66
545 104
545 156
545 199
545 544
545 787
545 857
546 35
546 44
546 176
546 277
546 291
546 338
546 353
546 584
547 126
547 952
548 40
548 68
548 141
548 238
548 345
548 410
549 124
549 130
549 132
549 268
549 401
550 0
550 14
550 217
551 128
551 310
552 19
552 32
552 216
552 266
552 288
552 564
552 627
552 770
552 800
552 932
553 0
553 40
553 82
553 90
553 226
553 442
553 785
553 880
554 146
554 759
555 32
555 500
555 817
556 15
556 18
556 41
556 137
556 369
556 392
556 478
556 608
556 768
556 808
557 38
557 197
557 304
558 664
558 774
558 1004
559 48
559 181
560 12
560 17
560 18
560 131
560 449
560 520
561 0
561 360
561 815
562 18
562 99
562 130
562 581
563 161
563 918
564 0
564 68
564 395
564 585
564 706
565 118
565 409
565 548
565 550
566 4
566 71
567 179
567 526
568 12
568 55
568 112
568 258
568 408
568 642
569 18
569 328
569 693
569 717
570 24
570 134
570 537
570 544
572 33
572 224
574 274
574 611
575 396
575 578
575 594
575 832
576 35
576 56
576 63
576 72
576 228
576 256
576 265
576 492
576 960
577 4
577 48
577 56
577 152
577 391
577 494
577 712
577 761
578 0
578 1
578 88
578 98
578 274
578 650
578 790
578 849
578 884
579 2
579 102
579 169
579 402
579 578
579 618
580 32
580 50
580 88
580 570
581 4
581 181
581 270
581 713
582 10
582 73
582 80
582 116
582 324
582 562
583 618
584 3
584 32
584 134
584 418
584 600
584 680
585 32
585 37
585 68
585 84
585 526
585 897
586 186
586 233
586 409
586 414
586 613
586 884
587 146
587 258
587 440
588 3
588 4
588 176
588 296
589 9
589 74
590 12
590 198
590 526
591 608
591 848
592 35
592 66
592 72
592 176
592 188
592 231
592 397
592 582
592 915
592 942
593 0
593 6
593 60
593 131
594 194
594 208
594 309
594 517
594 804
594 888
595 81
595 325
595 513
596 40
596 135
596 311
596 419
596 661
596 777
597 8
597 128
597 344
597 681
598 451
598 544
600 80
600 84
600 256
600 328
600 332
600 614
601 1
601 2
601 402
602 204
603 93
603 363
603 393
603 468
604 203
605 16
605 179
606 1
606 578
606 842
607 714
608 20
608 44
608 152
608 191
608 224
608 299
608 512
609 64
609 92
609 233
609 412
609 539
609 694
610 6
610 71
610 176
610 870
611 9
611 31
611 812
611 948
612 5
612 21
612 24
612 281
612 520
612 672
613 356
613 797
614 130
614 272
614 422
614 454
615 617
616 130
616 136
616 769
617 74
617 134
617 164
617 293
617 519
618 14
618 35
618 290
618 385
618 513
619 571
619 872
620 60
620 229
620 770
621 12
621 876
624 1
624 9
624 144
624 210
624 217
625 353
626 61
626 217
626 264
626 384
626 509
627 42
627 400
628 61
628 72
628 770
631 82
632 14
632 77
632 154
632 321
632 408
632 525
633 960
634 48
634 281
634 319
634 551
634 916
638 726
639 858
640 290
640 425
640 512
640 632
640 1006
641 72
641 208
641 279
641 800
642 76
642 137
642 273
642 344
642 517
642 593
642 804
643 10
643 139
644 0
644 3
644 216
644 257
644 292
644 297
644 320
644 832
645 65
645 128
645 298
645 320
645 417
645 481
646 0
646 140
646 198
646 306
646 402
646 493
646 883
647 128
647 256
647 616
648 58
648 128
648 136
648 192
648 385
648 532
648 550
649 26
649 64
649 100
649 224
649 552
649 789
650 371
650 796
650 836
651 354
652 627
652 660
652 873
653 36
653 211
653 288
653 720
653 785
654 12
654 48
654 353
655 609
655 803
656 12
656 21
656 28
656 49
656 96
656 212
656 288
656 552
656 576
656 840
657 0
657 266
657 292
657 296
657 486
657 547
657 993
658 191
658 525
658 531
658 606
658 640
658 762
658 784
659 329
660 0
660 384
660 419
660 484
660 544
661 10
661 458
662 1
662 329
663 369
664 240
664 280
664 616
664 680
664 970
665 38
665 68
665 728
666 256
666 554
667 178
667 277
667 549
668 170
668 978
669 164
669 257
669 550
669 864
670 0
670 611
672 0
672 12
672 13
672 80
672 424
672 592
673 43
673 64
673 194
674 21
674 584
674 782
675 33
675 276
675 512
676 68
676 187
676 217
676 230
676 778
676 808
677 2
677 97
677 505
677 641
678 8
678 41
678 57
678 192
679 1
680 218
680 276
681 262
682 656
683 24
683 133
683 194
683 292
683 388
683 618
684 576
685 424
687 154
687 384
688 26
688 130
688 196
688 265
688 386
688 402
688 426
688 516
688 645
688 661
689 53
689 80
689 917
690 120
691 0
691 68
691 256
692 328
692 424
692 835
694 12
694 16
694 644
695 12
695 50
695 267
696 291
696 675
697 45
697 689
698 33
698 136
698 576
699 529
700 10
700 557
700 833
700 834
701 786
702 0
704 34
704 36
704 52
704 80
704 131
704 204
704 265
704 400
704 517
704 851
705 40
705 110
705 140
705 210
705 304
705 620
705 624
706 0
706 178
706 724
707 66
707 164
707 248
707 372
708 8
708 369
708 466
708 524
708 552
708 561
708 800
710 279
710 772
711 100
712 3
712 276
712 897
713 147
714 143
714 419
714 512
714 577
715 8
715 291
715 588
716 8
716 152
717 58
717 99
717 897
718 57
718 769
720 313
720 516
720 708
721 20
721 186
722 33
722 80
722 184
722 288
722 992
723 193
723 332
723 778
723 981
724 328
724 710
725 270
725 530
727 262
727 288
727 291
727 323
728 731
729 368
729 762
730 6
730 133
731 516
732 80
732 129
732 487
736 154
736 227
736 512
737 649
738 352
738 371
738 684
739 592
740 31
740 46
740 334
740 765
740 807
740 809
741 105
741 218
741 792
741 960
742 81
742 272
744 34
744 84
745 480
745 794
746 136
746 266
746 578
746 844
747 10
747 133
747 337
747 402
748 205
749 7
750 331
751 64
752 13
752 129
752 384
752 552
752 576
753 96
755 32
755 160
756 88
756 160
756 196
756 273
757 529
758 196
758 771
760 17
760 133
760 484
761 574
762 540
763 193
763 780
763 782
764 154
764 176
767 302
767 532
768 1
768 16
768 36
768 76
768 163
768 174
768 293
768 384
768 532
768 536
768 586
768 595
768 609
768 640
768 970
769 10
769 20
769 130
769 518
769 555
769 576
769 652
769 654
769 682
769 774
770 76
770 320
770 472
770 608
771 531
771 621
771 650
772 112
772 260
772 296
772 305
772 516
772 591
772 768
773 82
773 96
773 138
773 292
773 525
774 0
774 40
774 72
774 83
774 112
774 348
774 513
774 642
774 672
776 72
776 131
776 220
776 340
776 568
777 46
777 80
777 227
777 412
777 677
777 964
778 15
778 22
778 36
778 103
778 236
778 258
778 592
778 657
778 994
779 232
779 478
779 492
779 706
780 261
780 434
781 642
781 864
782 52
782 147
782 524
782 642
782 807
783 35
783 37
783 132
783 392
783 573
784 0
784 52
784 128
784 181
784 216
784 331
784 529
784 584
784 641
784 851
785 52
785 84
785 193
785 332
786 98
786 166
786 521
786 576
787 8
788 2
788 162
788 393
788 526
789 513
790 72
790 131
790 336
790 629
791 14
791 23
791 25
791 33
791 442
791 624
792 72
792 74
792 128
792 290
792 666
793 140
793 195
794 119
794 337
794 544
795 20
795 93
795 117
795 800
796 394
796 712
797 35
797 199
797 720
799 132
799 394
800 272
800 347
800 513
800 525
800 832
801 0
801 66
801 567
801 649
802 67
802 74
802 79
802 96
802 530
802 808
802 968
803 12
803 108
803 522
803 532
804 153
804 264
804 298
804 449
804 489
804 560
805 4
805 145
805 328
805 552
806 12
806 280
806 769
807 99
807 304
808 57
808 71
808 355
808 384
808 456
808 517
808 577
809 33
809 160
810 48
810 88
810 112
810 401
810 578
811 1
811 260
811 272
811 552
812 39
812 41
812 71
812 740
812 880
813 640
816 130
816 528
817 42
817 240
818 354
818 384
818 450
819 592
819 704
820 432
821 136
821 539
821 546
821 574
822 0
823 337
823 416
824 46
824 258
826 394
827 12
827 260
827 529
828 22
831 41
832 6
832 7
832 46
832 86
832 92
832 128
832 138
832 257
832 272
832 422
832 805
832 960
833 34
833 271
833 418
833 656
833 905
834 164
834 256
834 266
834 352
834 662
835 140
835 193
835 304
835 366
836 32
836 227
836 305
836 480
836 680
836 776
836 788
837 0
837 268
837 340
838 201
838 452
839 861
840 3
840 32
840 716
841 530
842 8
842 10
842 44
842 843
844 406
846 144
847 200
847 440
848 22
848 976
849 93
849 194
849 381
850 1
850 6
850 258
850 396
850 464
850 563
851 68
852 0
852 419
852 426
852 912
853 4
853 165
854 438
854 514
854 522
855 587
856 8
856 34
856 291
856 589
858 96
858 409
858 544
858 801
859 16
859 336
860 68
860 885
861 30
861 236
862 196
862 296
864 78
864 92
864 112
864 113
864 296
865 1
866 82
866 189
866 260
866 450
867 128
867 641
867 752
868 40
868 355
868 395
869 18
869 516
870 553
871 403
874 34
874 40
874 130
877 16
877 172
877 260
878 55
879 124
879 801
880 185
880 291
880 320
880 616
881 18
881 739
882 167
883 546
884 16
884 33
884 319
884 680
886 17
886 98
886 172
887 641
888 256
889 6
889 7
889 29
890 102
890 566
891 114
892 55
892 144
892 205
892 964
894 770
895 526
896 5
896 66
896 84
896 261
896 372
896 388
896 464
896 472
896 576
896 640
896 642
896 662
897 14
897 41
897 147
897 202
897 220
897 598
898 129
898 144
898 520
898 648
898 650
899 203
900 7
900 154
900 177
900 356
900 462
900 711
901 4
901 72
901 388
901 423
902 66
902 784
903 80
904 7
904 17
904 35
904 98
905 323
905 386
905 404
905 781
906 51
906 580
907 20
907 99
907 123
907 681
907 825
908 100
908 174
909 269
909 377
909 514
909 646
910 257
911 955
912 166
912 258
913 209
913 230
913 672
913 753
914 9
914 10
914 20
914 273
914 602
914 650
914 903
915 12
915 65
915 290
915 770
917 226
917 648
917 795
918 147
919 961
920 260
920 461
920 512
921 17
923 264
923 346
923 448
924 680
927 41
927 80
927 678
928 18
928 578
928 580
928 591
929 674
929 898
929 900
930 128
931 196
931 898
932 9
932 24
932 464
932 832
933 82
933 208
933 626
934 129
934 324
935 4
936 0
936 65
936 71
936 98
936 956
937 65
937 547
937 801
938 366
940 232
940 521
940 529
940 803
941 416
942 188
942 268
942 325
943 9
944 10
944 22
944 256
944 259
944 545
945 522
947 60
947 97
947 678
948 42
948 263
948 523
949 802
952 36
952 90
952 196
955 0
957 72
957 396
958 358
960 215
960 594
960 769
961 40
963 0
964 68
964 247
964 518
965 96
965 202
965 273
966 130
967 844
968 48
968 208
968 358
969 7
969 154
969 235
969 340
970 1
970 50
970 196
970 466
970 629
970 828
971 49
972 297
973 72
973 210
973 392
976 72
976 80
976 192
976 789
976 920
977 104
977 744
979 926
980 769
980 791
981 72
981 129
981 263
982 211
983 232
984 198
985 10
985 184
985 513
985 604
986 260
988 0
991 688
992 512
994 6
994 445
994 1012
996 96
997 0
997 665
998 688
999 470
1000 280
1001 48
1001 288
1004 945
1006 2
1008 299
1009 39
1010 647
1011 256
1013 208
1013 344
1013 716
1013 896
1016 678
1018 32
1021 0
1021 295
1022 514
1022 904
