# Synthetic Kronecker Graph 
# Edges are directed 
0 33
0 50
0 52
0 90
0 137
0 220
0 224
0 313
0 391
0 399
0 712
0 784
0 788
0 864
0 1025
0 1112
0 1157
0 1169
0 1233
0 1247
0 1281
0 1424
0 1464
0 1504
0 1536
0 1600
0 1806
0 1809
0 1857
1 0
1 1
1 10
1 57
1 68
1 94
1 220
1 261
1 288
1 385
1 388
1 536
1 581
1 737
1 745
1 780
1 1248
1 1472
1 1491
2 0
2 1
2 3
2 20
2 34
2 57
2 76
2 144
2 257
2 328
2 484
2 512
2 576
2 601
2 634
2 636
2 640
2 708
2 770
2 774
2 828
2 854
2 996
2 1031
2 1108
2 1205
2 1258
2 1295
2 1377
2 1536
2 1552
2 1862
3 0
3 4
3 38
3 64
3 106
3 172
3 179
3 192
3 320
3 329
3 528
3 1024
3 1152
3 1636
3 1664
4 2
4 3
4 24
4 32
4 56
4 73
4 129
4 161
4 216
4 263
4 352
4 834
4 1024
4 1041
4 1060
4 1078
4 1253
4 1259
4 1369
4 1554
4 1587
5 0
5 18
5 38
5 100
5 134
5 204
5 270
5 516
5 552
5 744
5 864
5 964
5 1128
5 1313
5 1345
5 1409
5 1570
5 1665
5 1696
6 0
6 7
6 66
6 78
6 81
6 160
6 192
6 195
6 308
6 501
6 578
6 641
6 715
6 746
6 952
6 954
6 1033
6 1120
6 1300
6 1572
7 128
7 190
7 323
7 357
7 385
7 480
7 584
7 623
7 1427
7 1563
8 4
8 7
8 32
8 44
8 130
8 160
8 257
8 292
8 321
8 464
8 585
8 596
8 631
8 694
8 930
8 1024
8 1027
8 1065
8 1120
8 1187
8 1206
8 1264
8 1280
8 1283
8 1304
8 1315
8 1316
8 1336
8 1429
8 1924
8 1941
9 8
9 19
9 112
9 257
9 258
9 274
9 304
9 528
9 568
9 1044
9 1104
9 1128
9 1331
9 1500
10 8
10 10
10 122
10 157
10 274
10 592
10 644
10 653
10 940
10 1026
10 1228
10 1308
10 1417
10 1616
10 1796
10 1954
11 40
11 70
11 245
11 516
11 594
11 776
11 816
11 1028
11 1099
11 1217
11 1305
11 1410
12 32
12 65
12 135
12 256
12 257
12 320
12 448
12 532
12 564
12 688
12 956
12 1074
12 1083
12 1154
12 1280
12 1545
12 1550
12 1888
13 58
13 128
13 200
13 257
13 374
13 520
13 563
13 610
13 642
13 649
13 1040
13 1313
13 1592
13 1872
14 4
14 32
14 144
14 328
14 816
14 1856
15 37
15 132
15 574
15 752
16 110
16 164
16 166
16 229
16 272
16 273
16 277
16 338
16 370
16 384
16 505
16 514
16 580
16 608
16 659
16 693
16 709
16 744
16 801
16 1041
16 1173
16 1560
17 0
17 96
17 267
17 391
17 551
17 1074
17 1314
17 1325
17 1417
17 1715
17 1859
18 8
18 11
18 17
18 48
18 162
18 235
18 353
18 480
18 593
18 610
18 692
18 744
18 1024
18 1052
18 1160
18 1330
18 1336
18 1750
19 12
19 140
19 249
19 270
19 513
19 527
19 562
19 972
19 974
19 1021
19 1252
19 1344
20 72
20 73
20 139
20 212
20 284
20 456
20 476
20 512
20 514
20 546
20 612
20 625
20 657
20 849
20 1116
20 1221
20 1356
20 1600
20 1792
20 1893
21 8
21 93
21 544
21 1920
22 0
22 36
22 72
22 165
22 266
22 548
22 662
22 1089
22 1472
22 1548
22 1579
23 68
23 72
23 305
23 768
24 64
24 97
24 112
24 144
24 296
24 429
24 512
24 832
24 850
24 1226
24 1420
24 1538
24 1544
24 1992
24 1993
25 261
25 514
25 802
25 1024
25 2015
26 53
26 137
26 325
26 556
26 675
26 812
26 1313
26 1681
27 75
27 250
27 288
27 656
27 1008
28 24
28 36
28 164
28 515
28 768
28 769
28 920
28 1028
28 1109
28 1121
28 1172
29 5
29 138
29 424
29 515
29 576
29 769
30 50
30 704
30 728
30 1417
31 61
31 167
31 210
31 320
31 523
31 1780
32 0
32 11
32 24
32 30
32 128
32 129
32 192
32 256
32 332
32 450
32 480
32 564
32 673
32 676
32 696
32 1032
32 1089
32 1105
32 1256
32 1353
32 1411
32 1448
32 1754
32 1991
33 28
33 72
33 96
33 241
33 258
33 515
33 526
33 612
33 706
33 787
33 808
33 1044
33 1152
33 1156
33 1282
33 1669
34 34
34 87
34 149
34 304
34 329
34 512
34 515
34 517
34 584
34 690
34 723
34 1024
34 1032
34 1185
34 1230
34 1282
34 1538
34 1652
34 1874
34 1984
35 7
35 36
35 44
35 64
35 512
35 560
35 640
35 768
35 780
35 1093
35 1601
35 1852
36 27
36 32
36 75
36 130
36 136
36 198
36 354
36 520
36 532
36 556
36 649
36 737
36 804
36 1052
36 1128
36 1170
36 1200
36 1548
36 1552
37 25
37 64
37 72
37 274
37 400
37 532
37 568
37 998
37 1160
37 1290
37 1297
37 1311
37 1538
37 1632
38 16
38 35
38 78
38 81
38 135
38 153
38 259
38 269
38 304
38 322
38 355
38 733
38 1168
38 1487
38 1935
39 14
39 269
39 401
39 777
39 808
39 904
39 941
39 1436
39 1912
40 12
40 147
40 260
40 291
40 355
40 368
40 401
40 409
40 488
40 522
40 524
40 544
40 656
40 780
40 782
40 1216
40 1392
40 1489
40 1612
40 1644
40 1672
40 1936
40 1985
40 2016
41 2
41 73
41 90
41 129
41 168
41 274
41 725
41 784
41 1064
41 1076
41 1309
41 1559
41 1614
41 1623
42 81
42 88
42 156
42 461
42 612
42 776
42 788
42 809
42 944
42 1805
43 0
43 192
43 275
43 512
43 560
43 953
43 1489
44 3
44 106
44 283
44 554
44 586
44 644
44 706
44 835
44 857
44 1089
44 1172
44 1296
44 1441
44 1938
44 1992
45 16
45 256
45 288
45 486
45 491
45 625
45 1354
45 1797
46 48
46 86
46 122
46 137
46 225
46 718
46 1312
46 1417
46 1426
47 37
47 288
47 346
47 592
47 1110
47 1554
48 10
48 64
48 192
48 357
48 548
48 586
48 666
48 1024
48 1028
48 1164
48 1172
48 1233
48 1659
48 1795
49 37
49 49
49 143
49 282
49 320
49 333
49 546
49 580
49 1096
49 1164
49 1264
49 1473
50 1
50 32
50 129
50 268
50 280
50 332
50 385
50 462
50 580
50 640
50 642
50 645
50 709
50 802
50 1100
50 1244
50 1297
50 1664
51 37
51 674
51 1606
52 136
52 195
52 425
52 518
52 655
52 842
52 1042
52 1344
52 1840
53 26
53 248
53 429
53 542
53 942
53 1156
54 37
54 1056
54 1096
54 1152
54 1517
55 162
55 330
55 332
55 384
55 550
56 13
56 41
56 88
56 260
56 279
56 327
56 675
56 833
56 1037
56 1054
56 1119
56 1163
56 1424
56 2044
57 32
57 297
57 406
57 1140
57 1560
58 7
58 11
58 35
58 129
58 256
58 517
58 1601
60 4
60 68
60 70
60 392
60 404
60 540
60 641
60 708
60 1030
60 1074
61 8
61 256
61 604
61 1025
61 1040
61 1440
61 1616
61 1714
62 1
62 192
63 344
64 3
64 44
64 66
64 145
64 148
64 257
64 280
64 295
64 367
64 522
64 528
64 536
64 581
64 714
64 762
64 905
64 1028
64 1031
64 1051
64 1066
64 1294
64 1322
64 1417
64 1570
64 1573
64 1795
64 1834
65 2
65 11
65 34
65 36
65 82
65 136
65 160
65 289
65 320
65 337
65 512
65 613
65 704
65 912
65 1360
65 1438
65 1684
65 1856
65 1930
66 1
66 74
66 129
66 275
66 464
66 623
66 769
66 1308
66 1443
66 1536
66 1627
66 1697
66 1737
67 0
67 3
67 52
67 121
67 124
67 336
67 664
67 772
67 805
67 896
67 1184
67 1476
68 1
68 25
68 66
68 108
68 121
68 132
68 166
68 314
68 422
68 528
68 653
68 786
68 880
68 1074
68 1252
68 1459
68 1858
69 0
69 135
69 395
69 473
69 645
69 685
69 1090
69 1578
69 1808
70 56
70 256
70 264
70 776
70 1028
70 1029
70 1034
70 1039
70 1160
70 1540
70 1804
71 130
71 174
71 1083
71 2035
71 2041
72 12
72 16
72 48
72 289
72 329
72 340
72 542
72 548
72 666
72 934
72 1031
72 1072
72 1156
72 1250
72 1537
72 1608
72 1619
73 0
73 54
73 1074
73 1304
73 1360
73 1395
73 1536
73 1573
73 1730
73 1746
74 8
74 164
74 296
74 536
74 867
74 1280
74 1322
74 1561
74 1568
74 1658
74 1834
75 266
75 329
75 729
75 1142
75 1256
76 100
76 129
76 154
76 308
76 384
76 482
76 577
76 580
76 1324
76 1829
77 300
77 442
77 512
77 582
77 1072
78 0
78 50
78 68
78 100
78 144
78 197
78 200
78 261
78 288
78 729
78 1039
78 1106
78 1335
78 1576
78 1793
78 2004
79 1
79 202
79 326
79 802
79 1180
79 1580
80 0
80 5
80 10
80 17
80 22
80 23
80 98
80 113
80 216
80 312
80 408
80 669
80 699
80 745
80 904
80 1025
80 1030
80 1171
80 1223
80 1261
80 1544
81 0
81 14
81 32
81 44
81 64
81 194
81 261
81 422
81 512
81 692
81 882
81 960
81 962
81 1030
81 1158
81 1188
81 1284
81 1298
81 1348
81 1453
81 1584
81 1992
82 3
82 65
82 1032
82 1858
83 34
83 257
83 346
83 632
83 768
83 1030
83 1825
84 39
84 97
84 265
84 454
84 1138
84 1160
84 1236
84 1620
84 1752
85 135
85 1281
85 1820
85 1847
86 5
86 17
86 41
86 198
86 527
86 771
86 808
86 1032
86 1081
86 1225
86 1864
87 120
87 680
88 32
88 49
88 111
88 132
88 139
88 184
88 192
88 232
88 276
88 362
88 522
88 594
88 679
88 696
88 769
88 971
88 1601
88 1736
89 37
89 134
89 147
89 1351
89 1414
89 1480
90 1
90 9
90 260
90 268
90 308
90 518
90 521
90 658
90 688
90 838
90 1288
90 1317
90 1336
90 1872
90 2038
91 1556
92 16
92 96
92 257
92 264
92 308
92 461
92 995
92 1448
92 1792
92 1801
93 9
93 64
93 552
93 803
93 864
93 936
93 1089
93 1324
93 1377
94 0
94 624
94 1525
95 76
95 114
95 608
95 816
95 1092
96 8
96 152
96 260
96 280
96 336
96 402
96 516
96 521
96 896
96 902
96 1113
96 1160
96 1384
96 1864
97 282
97 320
97 355
97 387
97 522
97 524
97 775
97 915
97 962
97 1281
97 1572
97 1685
98 1
98 20
98 144
98 151
98 312
98 1029
98 1297
98 1592
99 951
99 1037
99 1128
99 1680
100 6
100 22
100 70
100 72
100 77
100 464
100 524
100 608
100 696
100 896
100 970
100 1041
100 1130
100 1361
100 1665
101 898
101 1710
102 24
102 62
102 133
102 196
102 404
102 482
102 513
102 1302
102 1346
102 1669
103 1315
103 1520
104 32
104 40
104 68
104 71
104 150
104 162
104 321
104 521
104 1552
104 1568
104 1634
104 1792
105 2
105 54
105 265
105 550
105 704
105 790
105 1033
105 1792
106 6
106 228
106 800
106 900
106 1312
106 1792
107 864
107 1100
107 1105
107 1428
107 1698
108 80
108 335
108 837
108 1147
108 1186
109 1211
109 1568
110 1024
110 1362
111 646
111 1698
112 4
112 57
112 107
112 168
112 257
112 404
112 432
112 460
112 753
112 995
112 1084
112 1442
112 1679
112 1682
113 9
113 170
113 1031
113 1088
114 8
114 320
114 557
114 612
114 913
114 1026
114 1178
114 1604
115 28
115 129
115 1989
116 161
116 226
116 401
116 900
116 1028
116 1057
116 1104
116 1355
116 1536
116 1562
116 1814
116 1946
117 37
117 433
117 1484
117 1844
118 209
118 850
118 1024
118 1028
118 1173
119 129
119 147
119 390
119 530
119 1795
120 4
120 35
120 48
120 272
120 424
120 531
120 685
120 803
120 1970
121 71
121 78
121 194
121 350
121 390
121 512
121 1131
121 1205
122 50
122 336
122 384
122 528
122 653
122 1045
122 1086
123 561
124 8
124 236
124 1118
125 1859
126 65
126 135
126 641
127 1896
128 12
128 16
128 17
128 22
128 32
128 48
128 66
128 129
128 130
128 200
128 418
128 522
128 523
128 589
128 830
128 938
128 1060
128 1160
128 1165
128 1168
128 1218
128 1392
128 1540
128 1546
128 1877
129 6
129 7
129 13
129 22
129 49
129 66
129 96
129 177
129 293
129 484
129 559
129 626
129 912
129 1155
129 1160
129 1184
129 1205
129 1298
129 1536
129 1687
130 34
130 65
130 89
130 256
130 331
130 404
130 514
130 515
130 523
130 643
130 713
130 928
130 1035
130 1056
130 1315
130 1337
130 1472
130 1554
130 1584
130 1616
130 1793
131 17
131 96
131 352
131 1168
131 1900
132 18
132 34
132 75
132 94
132 104
132 127
132 167
132 267
132 270
132 853
132 1125
132 1243
132 1282
132 1312
132 1420
132 1443
132 1518
132 1672
132 1740
132 1904
133 0
133 21
133 36
133 137
133 1065
133 1094
133 1553
133 1676
133 1709
134 6
134 13
134 64
134 132
134 135
134 149
134 157
134 206
134 246
134 259
134 308
134 545
134 552
134 710
134 1304
135 56
135 64
135 162
135 221
135 321
135 1285
135 1940
136 160
136 172
136 408
136 512
136 514
136 563
136 648
136 769
136 1157
136 1856
136 1999
137 2
137 136
137 194
137 388
137 420
137 528
137 1133
137 1217
137 1346
138 78
138 128
138 186
138 384
138 528
138 820
138 961
138 1041
138 1072
138 1079
138 1098
138 1225
139 0
139 6
139 161
139 169
139 837
139 1077
139 1350
140 1606
140 1794
141 17
141 56
141 164
141 520
141 544
141 713
141 1239
141 1286
142 31
142 210
142 212
143 104
143 148
143 824
143 1032
143 1604
144 24
144 70
144 134
144 140
144 144
144 303
144 384
144 416
144 520
144 544
144 557
144 642
144 833
144 840
144 1053
144 1061
144 1354
144 1703
145 135
145 258
145 289
145 521
145 576
145 1094
145 1166
145 1379
145 1568
146 0
146 35
146 320
146 644
146 936
146 1164
146 1289
146 1882
147 114
147 138
147 161
147 166
147 390
147 854
147 1054
147 1347
148 25
148 212
148 402
148 606
148 665
148 768
148 1049
148 1400
148 1824
149 308
149 778
149 788
149 1044
149 1246
149 1408
149 1485
150 52
150 98
150 136
150 208
150 320
150 544
150 768
150 770
150 1332
151 236
151 1317
152 0
152 3
152 18
152 33
152 72
152 132
152 529
152 531
152 1193
152 1312
152 1856
153 192
153 1034
153 1174
153 1298
153 1317
153 1553
153 1688
153 1975
154 326
154 338
154 1088
155 448
155 1143
155 1825
156 8
156 396
156 795
156 1084
156 1320
156 1641
157 202
157 2016
158 54
158 75
158 328
158 1300
159 117
159 140
159 177
160 194
160 196
160 198
160 223
160 266
160 387
160 444
160 608
160 842
160 864
160 984
160 1029
160 1036
160 1057
160 1090
160 1103
160 1320
160 1538
160 1891
161 48
161 182
161 458
161 516
161 552
161 649
161 800
161 1227
161 1408
161 1834
161 1840
162 2
162 213
162 238
162 274
162 332
162 529
162 642
162 877
162 1098
162 1120
162 1449
163 72
163 264
163 712
163 1287
164 2
164 21
164 256
164 498
164 1088
164 1186
164 1286
165 422
165 568
165 1058
165 1075
165 1080
165 1411
165 1494
165 1864
166 321
166 818
166 1292
166 1605
167 88
167 514
168 34
168 65
168 143
168 153
168 553
168 948
168 1032
168 1093
168 1344
168 1385
169 939
169 1119
169 1295
169 1473
170 148
170 280
170 480
171 3
171 194
171 1024
171 1128
171 1144
171 1440
171 1680
171 1739
172 17
172 53
172 128
172 1312
172 1394
173 233
173 1027
174 5
174 205
175 192
175 259
175 429
175 1237
176 2
176 65
176 89
176 120
176 182
176 201
176 546
176 1456
176 1938
176 2044
177 1
177 101
177 320
177 1042
177 1152
177 1427
177 1639
177 1675
178 27
178 70
178 98
178 101
178 584
178 928
178 1043
178 1152
179 2
179 227
179 260
179 492
179 536
179 610
179 833
179 1424
179 1698
179 1728
180 136
180 530
180 698
180 1549
180 1616
180 1801
181 104
181 195
182 66
182 194
182 706
182 756
183 396
183 512
183 1353
183 1555
184 49
184 128
184 656
184 904
184 1040
184 1073
184 1314
184 1441
184 1846
185 0
185 36
185 147
185 320
185 418
185 1089
185 1672
186 612
186 834
187 133
187 1537
187 1559
188 4
188 404
188 584
188 674
188 1154
188 1794
189 249
189 582
189 848
189 1163
189 1537
190 122
190 451
191 83
191 193
191 512
191 1340
191 1536
191 1936
192 34
192 148
192 280
192 321
192 582
192 641
192 706
192 1026
192 1072
192 1728
193 97
193 114
193 224
193 273
193 388
193 477
193 533
193 649
193 677
193 877
193 1152
193 1248
193 1571
193 1793
194 79
194 161
194 196
194 204
194 474
194 1073
194 1112
194 1280
194 1477
194 1489
194 1667
194 1844
195 9
195 128
195 306
195 512
195 549
195 678
195 802
195 1238
195 1297
195 1446
195 1619
195 1803
196 35
196 62
196 129
196 135
196 261
196 394
196 561
196 665
196 667
196 672
196 675
196 1128
196 1554
197 322
197 437
197 512
197 601
197 768
197 1057
197 1316
197 1544
198 336
198 450
198 812
198 1062
198 1248
198 1293
198 1411
198 1952
199 35
199 113
199 267
199 615
199 899
199 1506
199 1733
200 130
200 157
200 160
200 416
200 437
200 850
200 1097
200 1170
200 1195
201 26
201 85
201 112
201 604
201 1024
201 1280
201 1589
202 9
202 59
202 144
202 257
202 512
202 634
202 1596
202 1605
203 398
203 856
203 1220
203 1542
204 180
204 256
204 338
204 352
204 865
204 1028
204 1096
204 1415
204 1720
205 903
205 1538
206 778
206 1600
207 1296
207 1425
208 17
208 273
208 277
208 300
208 512
208 647
208 672
208 680
208 746
208 912
208 1252
208 1832
208 1910
209 34
209 737
209 1026
209 1049
209 1280
209 1302
209 1488
209 1547
210 148
210 261
210 1121
210 1352
211 5
211 16
211 1038
211 1053
211 1076
212 8
212 535
212 976
212 1044
212 1216
212 1316
213 1921
214 1134
214 1605
215 66
215 356
215 536
215 776
215 1265
216 2
216 70
216 330
216 425
216 496
216 531
216 570
216 803
216 812
216 900
216 1050
216 1122
216 1480
216 1826
217 37
217 728
217 987
217 1004
217 1410
218 17
218 232
218 1057
218 1285
218 1312
218 1576
219 48
219 168
219 258
219 268
219 371
219 1270
220 320
220 390
220 513
220 1092
220 1280
221 392
221 649
221 1080
221 1125
221 1856
222 49
222 233
222 972
223 113
223 260
223 1803
224 193
224 201
224 362
224 640
224 658
224 692
224 1164
224 1816
224 1825
225 160
225 260
225 680
225 1041
225 1220
225 1328
225 1716
225 1795
225 2012
226 4
226 10
226 140
226 198
226 207
226 361
226 1025
226 1547
226 1608
226 1960
227 32
227 385
227 680
227 850
227 1030
227 1888
228 45
228 272
228 304
228 1284
230 4
230 208
230 1647
231 128
231 753
232 1030
232 1057
232 1060
232 1372
232 1812
233 12
233 144
233 516
233 1170
233 1736
234 513
234 1108
234 1797
235 200
235 216
235 256
235 830
235 1604
236 233
236 392
236 1024
236 1038
236 1284
237 1187
237 1272
238 205
238 528
239 3
239 386
239 644
240 50
240 72
240 271
240 320
240 546
240 588
240 643
240 780
240 930
240 1028
240 1299
240 1300
241 316
241 378
241 416
241 520
241 1027
241 1288
241 1754
242 40
242 257
242 320
242 437
242 809
242 901
242 1025
242 1449
244 16
244 589
244 1296
244 1346
244 1536
245 66
245 549
245 1024
245 1296
246 576
246 984
247 284
247 1326
248 98
248 1603
249 1186
250 1328
250 1896
251 128
251 197
251 517
251 836
252 65
252 132
252 146
252 334
252 1304
252 1552
253 788
255 0
255 89
255 457
255 1348
256 0
256 5
256 49
256 129
256 235
256 258
256 293
256 443
256 457
256 513
256 569
256 577
256 658
256 864
256 908
256 925
256 1028
256 1033
256 1034
256 1036
256 1081
256 1088
256 1228
256 1292
256 1537
256 1544
256 1632
257 65
257 80
257 130
257 164
257 177
257 260
257 276
257 428
257 448
257 545
257 641
257 1025
257 1026
257 1264
257 1289
257 1302
257 1832
258 0
258 93
258 115
258 137
258 161
258 260
258 302
258 518
258 725
258 1030
258 1057
258 1237
259 0
259 1
259 116
259 280
259 485
259 1380
259 1441
259 1480
259 1536
259 1604
259 1792
260 8
260 26
260 69
260 161
260 177
260 265
260 293
260 312
260 450
260 536
260 580
260 645
260 718
260 784
260 832
260 1024
260 1068
260 1537
261 8
261 10
261 233
261 257
261 388
261 776
261 1188
261 1432
262 13
262 274
262 512
262 1107
262 1156
262 1537
262 1544
263 44
263 85
263 209
263 256
263 257
263 674
263 1056
263 1140
264 1
264 40
264 71
264 560
264 640
264 1034
264 1122
264 1536
265 14
265 82
265 146
265 173
265 193
265 204
265 357
265 401
265 646
265 674
265 1100
265 1351
265 1472
265 1755
265 1802
266 5
266 12
266 38
266 57
266 136
266 197
266 266
266 562
266 910
266 1056
266 1137
266 1146
266 1288
266 1312
267 42
267 74
267 128
267 176
267 325
267 352
267 388
267 496
267 1041
267 1826
267 1994
268 12
268 43
268 134
268 142
268 289
268 467
268 640
268 770
268 1537
268 1682
269 145
269 257
269 337
269 448
269 1041
269 1154
269 1328
269 1782
270 161
270 522
270 1672
271 1204
271 1872
272 12
272 17
272 36
272 73
272 274
272 616
272 810
272 864
272 927
272 1030
272 1033
272 1092
272 1124
272 1166
272 1172
272 1220
272 1416
272 1537
272 1773
272 1805
273 9
273 196
273 266
273 1539
273 1568
273 1812
274 376
274 404
274 785
274 832
274 1093
274 1225
274 1258
274 1666
275 72
275 671
275 1094
275 1568
276 225
276 321
276 450
276 466
276 488
276 514
276 536
276 624
276 673
276 1575
276 1608
277 326
277 920
277 1161
277 1543
277 1564
277 1574
277 1668
278 177
278 304
278 1030
278 1052
278 1170
278 1752
279 1088
279 1545
280 0
280 33
280 65
280 105
280 192
280 372
280 441
280 490
280 544
280 676
280 1316
280 1326
281 168
281 520
281 664
281 669
281 1089
281 1094
281 1952
282 2
282 7
282 86
282 209
282 808
282 1073
282 1669
282 1865
283 10
283 1024
283 1176
283 1418
284 18
284 66
284 122
284 546
284 768
285 270
285 907
286 66
286 1578
287 104
287 281
288 12
288 17
288 41
288 125
288 223
288 224
288 320
288 388
288 452
288 544
288 590
288 642
288 876
288 1042
288 1475
288 1492
288 1645
289 26
289 57
289 79
289 150
289 389
289 412
289 512
289 560
289 572
289 718
289 1034
289 1456
289 1602
289 1705
289 1954
290 1
290 4
290 36
290 264
290 292
290 305
290 324
290 645
290 1039
291 264
291 332
291 459
291 1034
291 1230
291 1360
292 0
292 2
292 3
292 44
292 64
292 68
292 72
292 84
292 154
292 259
292 277
292 592
292 1092
292 1729
293 4
293 208
293 1168
293 1312
293 1508
294 566
294 777
294 1155
294 1364
295 122
295 316
295 616
295 1088
295 1658
296 74
296 76
296 82
296 112
296 130
296 226
296 270
296 368
296 484
296 512
296 578
296 898
296 1038
296 1088
296 1126
296 1154
296 1156
296 1168
296 1235
296 1282
296 1538
296 1613
297 66
297 68
297 130
297 256
297 270
297 358
297 513
297 526
297 640
297 858
297 1219
297 1221
297 1338
297 1698
297 2017
298 74
298 272
298 1256
298 1504
298 1536
299 192
299 209
299 303
299 1494
300 145
300 310
300 769
300 1624
301 0
301 233
301 1050
301 1585
301 1815
301 1936
302 157
302 161
302 277
302 515
302 554
302 779
302 1017
302 1297
302 1305
302 1577
304 129
304 227
304 433
304 516
304 542
304 624
304 1043
304 1079
304 1286
304 1310
304 1664
305 295
305 664
305 674
305 1024
305 1240
306 17
306 129
306 203
306 533
306 1033
306 1592
306 1681
307 610
307 642
307 902
307 1043
307 1089
307 1534
308 18
308 229
308 410
308 648
308 848
308 948
308 1373
308 1431
308 1672
308 1857
309 34
309 297
310 257
310 1067
310 1282
311 25
311 168
311 282
311 335
312 1
312 68
312 137
312 368
312 626
312 896
312 1073
312 1152
312 1166
312 1537
312 1602
313 30
313 129
313 156
313 512
313 1037
313 1882
314 44
314 784
314 808
314 833
315 19
315 96
315 640
316 136
316 613
316 643
316 1182
317 84
317 528
317 844
317 1984
318 1025
319 368
319 376
320 1
320 6
320 32
320 69
320 76
320 177
320 609
320 822
320 848
320 1294
320 1408
320 1554
320 1571
321 18
321 73
321 128
321 312
321 809
321 1047
321 1298
321 1609
322 5
322 82
322 308
322 400
322 416
322 448
322 580
322 609
322 1832
323 6
323 10
323 89
323 390
323 530
323 684
323 960
324 2
324 37
324 320
324 522
324 775
324 1147
324 1317
325 20
325 50
325 64
325 66
325 197
325 602
325 617
325 650
325 1673
326 156
326 784
326 1064
326 1376
326 1653
327 138
327 205
327 307
327 352
327 401
327 924
327 1121
327 1290
327 1317
327 1612
328 23
328 832
328 1041
328 1123
328 1188
328 1236
328 1318
328 1344
328 1536
328 1688
328 2004
329 24
329 32
329 51
329 135
329 412
329 552
329 804
329 1092
329 1365
329 1628
330 629
330 1121
330 1300
330 1670
331 41
331 138
331 704
331 1060
331 1086
331 1096
331 1280
332 2
332 424
332 1605
333 16
333 108
333 164
333 260
333 1036
333 1040
333 1665
334 4
334 24
334 29
334 660
334 664
334 1185
334 1766
335 1202
335 1702
336 16
336 129
336 163
336 338
336 385
336 525
336 720
336 768
336 961
336 1033
336 1057
336 1344
336 1669
336 1760
336 1888
337 41
338 1037
338 1353
338 1968
339 532
339 1106
339 1136
340 24
340 54
340 74
340 157
340 192
340 198
340 408
340 440
340 712
340 1027
340 1114
340 1225
340 1560
341 0
341 34
341 146
341 162
341 170
341 209
341 1440
341 1773
342 7
342 150
342 1028
342 1408
343 558
343 1247
344 42
344 358
344 448
344 578
344 596
344 640
344 1046
344 1250
344 1366
345 43
345 179
345 274
345 467
345 720
345 781
345 1555
346 130
346 517
346 581
346 1621
347 1232
347 1284
347 1666
347 1788
348 21
348 72
348 132
348 1025
348 1136
349 0
349 195
349 245
349 260
349 754
349 1096
350 112
350 1046
350 1048
350 1082
350 1113
350 1316
352 24
352 290
352 320
352 322
352 384
352 600
352 673
352 832
352 1225
352 1546
352 1549
352 1663
353 54
353 222
353 257
353 289
353 884
353 1037
353 1072
353 1297
353 1569
354 16
354 317
354 1040
354 1092
354 1357
354 1456
354 1659
354 1802
355 201
356 944
356 1033
356 1304
356 1821
356 1852
357 140
357 201
357 402
358 18
358 38
358 64
358 764
358 1801
359 336
360 148
360 268
360 274
360 546
360 692
360 1032
360 1175
360 1972
361 5
361 66
361 262
361 816
361 1446
361 1605
362 80
362 545
362 717
362 1762
363 160
363 520
363 1728
364 168
364 1330
364 1456
364 1764
364 1808
365 2
365 136
365 272
365 516
365 1218
365 1811
366 1792
366 1793
368 97
368 610
369 24
369 43
369 80
369 544
369 1069
369 1797
370 771
370 866
370 1162
370 1540
370 1639
371 516
371 1601
372 28
372 136
372 1183
372 1203
373 22
374 1024
374 1040
374 1409
374 1539
375 640
375 776
376 536
376 1794
377 136
378 1480
380 358
380 802
380 1321
381 289
383 9
383 48
383 86
384 116
384 160
384 204
384 272
384 280
384 291
384 481
384 609
384 824
384 840
384 882
384 905
384 1036
384 1152
384 1160
385 2
385 132
385 212
385 232
385 908
385 917
385 1035
385 1380
385 1392
385 1624
385 1665
385 1676
386 0
386 6
386 67
386 194
386 257
386 324
386 519
386 546
386 1031
386 1128
386 1193
386 1292
387 8
387 73
387 674
387 833
387 928
387 938
387 1028
387 1157
387 1281
387 1302
387 1556
387 1856
388 128
388 264
388 265
388 292
388 302
388 327
388 612
388 813
388 870
388 902
388 1024
388 1138
388 1282
388 1581
389 6
389 32
389 393
389 1145
390 16
390 146
390 550
390 1539
391 456
391 546
391 640
392 35
392 290
392 368
392 641
392 825
392 841
392 1033
392 1163
392 1200
392 1212
392 1858
392 1968
393 66
393 267
393 447
393 1092
394 838
394 1090
394 1092
394 1121
394 1480
395 241
395 368
395 534
395 617
395 1432
396 33
396 522
396 545
396 721
396 1711
396 1973
397 170
397 1037
397 1729
398 65
398 264
398 275
398 1059
398 1312
398 1361
399 8
399 469
399 1115
400 13
400 26
400 48
400 104
400 136
400 266
400 463
400 548
400 778
400 1187
400 1326
400 1394
400 1502
400 1600
400 1601
401 89
401 778
401 1164
401 1483
402 20
402 53
402 71
402 80
402 155
402 224
402 283
402 562
402 780
402 793
402 900
402 1034
402 1201
402 1216
402 1392
402 1749
402 1856
403 432
403 621
403 1537
404 454
404 497
404 648
404 657
404 949
404 1584
405 785
405 901
405 1193
405 1384
405 1408
405 1696
406 128
406 260
406 747
407 0
407 2
407 416
407 1058
408 48
408 308
408 324
408 412
408 656
408 689
408 786
408 930
409 14
409 58
409 239
409 288
409 713
409 968
409 1024
409 1088
409 1380
410 112
410 133
410 1040
410 1281
410 1857
411 1667
412 12
412 81
412 528
413 38
413 1396
413 1811
414 32
414 226
414 1152
415 75
416 4
416 72
416 136
416 274
416 288
416 520
416 530
416 577
416 656
416 745
416 1028
416 1425
417 40
417 139
417 365
417 606
417 891
417 982
417 1035
418 37
418 640
418 1058
418 1138
418 1154
418 1688
419 302
419 402
419 520
419 864
420 320
420 912
420 1169
420 1632
420 1729
420 1897
421 28
421 145
421 340
421 547
421 641
421 1106
421 1632
422 28
422 848
422 909
422 1297
423 68
423 200
423 1184
424 20
424 295
424 449
424 516
424 1553
424 1570
424 1586
424 1744
425 49
425 576
425 592
425 1538
426 156
426 837
426 1152
426 1614
427 112
427 1692
428 7
428 780
428 1872
429 843
429 964
429 1441
430 10
430 1793
431 592
431 1581
432 0
432 180
432 182
432 300
432 773
432 1176
432 1254
432 1666
433 81
433 267
433 584
433 1033
433 1129
434 548
434 1050
434 1100
434 1682
435 0
435 56
436 401
436 448
436 1096
437 354
437 385
437 1092
437 1157
438 8
438 265
438 371
438 389
438 1169
438 1198
439 168
440 15
440 19
440 51
440 124
440 392
440 684
440 1572
441 394
441 521
441 1542
442 29
442 1025
442 1062
442 1856
443 1090
443 1382
443 1537
444 333
444 1536
444 1792
445 6
445 517
445 981
446 272
446 1490
447 636
447 1558
447 1666
448 96
448 161
448 388
448 514
448 546
448 644
448 657
448 723
448 818
448 1272
448 1383
449 226
449 528
449 720
449 776
449 1026
449 1056
449 1100
449 1180
449 1544
449 1840
450 64
450 84
450 102
450 304
450 529
450 931
450 1188
450 1304
451 10
451 386
451 623
451 1424
451 1823
452 63
452 1193
452 1369
452 1739
453 25
454 6
454 660
454 818
455 81
456 116
456 168
456 226
456 324
456 348
456 492
456 788
456 1188
456 1715
457 94
457 96
457 264
457 740
457 768
457 1005
457 1156
458 33
458 152
458 189
458 552
458 1069
459 94
459 146
460 34
460 424
460 450
460 518
460 768
460 834
461 41
461 1105
461 1924
462 72
462 265
462 903
462 1409
462 1680
464 272
464 321
464 512
464 841
464 1031
464 1416
465 23
465 48
465 73
465 1444
466 66
466 75
466 112
466 402
466 1098
467 16
467 41
467 138
467 802
467 1027
467 1317
468 136
468 518
468 1553
468 1617
469 1771
470 1028
471 656
472 0
472 417
472 1032
472 1066
473 532
473 538
473 1028
474 40
474 276
474 434
476 390
476 854
476 1634
478 4
478 9
478 321
480 28
480 96
480 129
480 149
480 192
480 210
480 450
480 624
480 1030
480 1158
480 1408
481 26
481 142
481 689
481 774
481 1085
481 1603
481 1638
481 1928
482 8
482 32
482 148
482 158
482 265
482 291
482 668
482 769
482 785
482 1320
482 1956
483 256
484 552
484 627
484 1032
485 131
485 1850
485 1873
486 128
486 548
486 1554
488 788
488 800
488 1737
489 1
489 1685
490 210
490 1064
490 1857
492 874
492 1064
494 222
494 515
494 1080
495 1
496 4
496 1553
497 67
497 454
497 803
498 674
499 1763
500 581
502 136
502 1824
504 328
504 1158
505 129
505 130
505 704
505 804
505 1097
506 1681
508 32
508 87
508 1939
510 0
510 25
511 256
511 536
512 4
512 64
512 67
512 98
512 108
512 214
512 269
512 512
512 528
512 561
512 576
512 584
512 711
512 774
512 776
512 785
512 837
512 896
512 1056
512 1170
512 1312
512 1344
512 1604
512 1664
513 2
513 100
513 363
513 456
513 1116
513 1285
513 1315
513 1448
513 1600
513 1619
513 1629
513 1796
513 1808
513 1880
514 15
514 97
514 118
514 272
514 320
514 512
514 1025
514 1040
514 1132
514 1159
514 1160
514 1448
514 1454
514 1682
514 1690
515 4
515 100
515 104
515 258
515 321
515 344
515 388
515 1094
515 1168
515 1324
515 1422
516 32
516 64
516 82
516 97
516 184
516 272
516 326
516 340
516 384
516 440
516 532
516 543
516 674
516 1069
516 1088
516 1107
516 1219
516 1288
516 1296
516 1722
516 1864
516 1952
517 18
517 110
517 155
517 164
517 174
517 512
517 1068
517 1090
517 1385
518 1
518 226
518 520
518 521
518 560
518 578
518 654
518 840
518 1128
518 1280
518 1282
518 1409
518 1952
519 0
519 163
519 263
519 340
519 1042
519 1336
520 34
520 137
520 145
520 192
520 262
520 266
520 512
520 514
520 530
520 768
520 784
520 1074
520 1234
520 1569
520 1620
521 21
521 32
521 100
521 528
521 532
521 879
521 902
521 1024
521 1026
521 1112
521 1403
521 1541
521 1618
521 2032
522 130
522 269
522 296
522 517
522 524
522 640
522 656
522 1312
522 1474
522 1968
523 1696
523 1902
524 3
524 36
524 204
524 264
524 320
524 384
524 448
524 499
524 1076
524 1104
524 1177
524 1187
524 1419
524 1427
525 218
525 385
525 392
525 660
525 673
525 746
525 1738
526 25
526 75
526 114
526 1036
526 1184
526 1817
527 256
527 336
527 1202
527 1604
528 75
528 105
528 332
528 388
528 441
528 556
528 652
528 772
528 804
528 1042
528 1222
528 1306
528 1344
528 1536
528 1586
528 1802
528 1927
529 3
529 15
529 80
529 142
529 422
529 525
529 796
529 1544
530 80
530 96
530 115
530 200
530 273
530 289
530 547
530 568
530 1161
530 1224
530 1314
530 1527
530 1956
531 9
531 22
531 360
531 677
531 1706
532 1
532 128
532 345
532 384
532 544
532 693
532 1540
532 1801
533 18
533 40
533 166
533 553
533 641
534 3
534 106
534 166
534 948
534 1548
534 1797
535 5
535 81
535 1026
535 1248
535 1640
535 1728
536 4
536 7
536 32
536 107
536 772
536 1174
536 1308
536 1524
536 1795
536 1812
537 1
537 388
537 574
537 641
537 1088
537 1550
537 1682
537 1956
538 130
538 156
538 216
538 297
538 550
538 704
538 708
538 976
538 1532
538 1644
538 1995
539 258
539 444
539 1068
539 1088
539 1588
540 24
540 68
540 80
540 1088
540 1169
540 1222
540 1298
540 1362
540 1430
540 1544
540 1746
541 86
541 96
541 212
541 609
541 1043
541 1158
542 130
542 205
542 293
542 1313
544 3
544 116
544 129
544 156
544 203
544 228
544 265
544 341
544 560
544 580
544 642
544 865
544 896
544 1043
544 1320
544 1326
544 1619
544 1888
545 257
545 289
545 323
545 337
545 412
545 548
545 672
545 917
545 1300
545 1550
545 1760
545 1862
545 1896
546 10
546 122
546 272
546 372
546 520
546 769
546 988
546 1072
546 1409
546 1536
546 1538
547 16
547 227
547 241
547 356
547 514
547 769
547 770
547 917
547 1980
548 2
548 22
548 217
548 260
548 563
548 820
548 889
548 1209
548 1246
548 1344
548 1732
548 1761
548 1935
549 2
549 168
549 174
549 196
549 256
549 275
549 1033
550 10
550 84
550 225
550 328
550 353
550 769
550 1059
550 1154
550 1300
550 1640
551 0
551 9
551 18
551 240
551 360
551 972
552 13
552 24
552 125
552 180
552 310
552 424
552 790
552 912
552 1104
552 1478
552 1932
553 17
553 18
553 386
553 1088
553 1163
554 2
554 146
554 172
554 208
554 368
554 813
554 864
554 1216
555 64
555 720
555 1045
555 1540
556 2
556 400
556 457
556 920
556 1059
556 1247
556 1568
556 1576
556 1796
557 108
557 144
557 257
557 1041
558 144
558 197
558 419
558 430
558 1585
559 156
559 912
559 1153
560 33
560 260
560 402
560 578
560 610
560 704
560 1160
560 1541
560 1561
561 34
561 136
561 1094
561 1129
561 1388
562 65
562 132
562 184
562 312
562 554
562 577
562 955
562 1537
563 258
563 645
563 1128
564 94
564 134
564 196
564 530
564 640
564 678
564 708
564 1289
564 1321
565 2
565 29
565 142
565 276
565 352
565 561
565 1169
565 1192
565 1252
566 238
566 288
566 578
566 784
566 1836
567 378
567 1352
567 1857
568 17
568 114
568 131
568 147
568 304
568 609
568 912
568 1029
568 1052
568 1120
569 520
569 612
570 277
570 416
570 596
570 656
570 1542
571 259
571 1551
572 15
572 655
572 1280
573 23
573 106
573 1742
574 1
574 41
574 514
574 771
574 1090
574 1452
574 1635
574 1843
575 1236
576 152
576 178
576 272
576 492
576 519
576 544
576 598
576 661
576 669
576 800
576 832
576 1027
576 1108
576 1376
576 1472
576 1490
576 1539
576 1544
576 1566
576 1675
576 1820
576 1888
577 104
577 132
577 198
577 331
577 585
577 672
577 1113
577 1460
578 148
578 179
578 287
578 384
578 393
578 408
578 550
578 561
578 1053
578 1286
578 1479
578 1809
579 1
579 274
579 360
579 675
579 1604
579 1933
580 0
580 21
580 76
580 199
580 342
580 346
580 769
580 786
580 814
580 1815
581 2
581 262
581 322
581 519
581 1318
581 1340
581 1378
582 66
582 143
582 224
582 566
582 588
583 8
583 117
583 208
583 784
583 812
584 9
584 41
584 47
584 355
584 541
584 899
584 901
584 1198
584 1238
584 1602
585 37
585 96
585 144
585 291
585 327
585 1452
585 1750
586 304
586 962
586 1728
587 73
587 102
587 160
587 179
587 780
587 1080
587 1425
587 1964
588 43
588 130
588 132
588 252
588 346
588 450
588 545
588 1084
589 274
589 432
589 512
589 736
589 882
589 1028
589 1133
590 12
590 34
590 225
590 708
590 944
590 1024
590 1195
591 101
591 1361
591 1651
592 5
592 25
592 73
592 97
592 124
592 144
592 331
592 353
592 392
592 448
592 552
592 584
592 612
592 1170
592 1290
592 1345
592 1354
592 1409
592 1519
592 1976
593 0
593 98
593 211
593 272
593 276
593 516
593 585
593 779
593 853
593 1080
593 1160
593 1184
593 1701
594 8
594 152
594 167
594 349
594 716
594 1006
594 1168
594 1220
594 1444
594 1486
594 1544
594 1697
595 673
595 1870
596 0
596 141
596 177
596 179
596 1160
596 1280
596 1326
596 1859
597 1
597 18
597 856
598 498
598 940
598 1736
599 75
600 2
600 620
600 1058
600 1408
600 1714
601 180
601 319
601 513
601 514
601 525
601 1128
601 1740
602 29
602 431
602 599
602 1608
603 80
603 593
603 944
603 1032
603 1440
603 1488
603 1592
604 264
604 524
604 641
605 3
605 63
605 204
605 288
605 1056
606 336
606 512
606 594
606 1226
607 1915
608 0
608 18
608 32
608 134
608 160
608 536
608 1034
608 1251
608 1310
608 1563
608 1672
608 1819
609 80
609 256
609 1168
609 1318
609 1611
610 134
610 552
610 769
610 1024
610 1088
610 1351
610 1875
611 289
611 532
611 626
611 1043
611 1280
612 1
612 76
612 225
612 459
612 528
612 1045
612 1223
612 1541
612 1730
613 79
613 328
613 776
613 1046
613 1049
613 1161
613 1249
613 1299
613 1412
613 1544
613 1562
613 1680
614 50
614 160
614 1467
615 57
615 77
615 139
616 4
616 11
616 284
616 516
616 1410
617 34
617 1037
617 1127
618 26
618 608
618 1033
618 1226
619 268
619 1605
620 66
620 128
620 141
620 208
620 692
620 708
621 32
621 770
621 1159
622 653
622 1035
622 1158
623 152
623 185
624 10
624 32
624 34
624 64
624 514
624 1025
625 192
625 288
625 994
625 1024
625 1763
625 1944
626 173
626 272
626 587
626 1691
627 109
628 49
628 518
628 768
628 1070
628 1661
629 16
629 261
630 149
630 272
630 529
631 626
631 920
632 196
632 346
632 788
632 843
632 1661
633 7
633 88
633 600
634 400
635 557
635 1024
635 1140
635 1409
635 1536
636 484
636 545
637 1828
638 723
639 1544
640 0
640 28
640 50
640 84
640 97
640 292
640 546
640 629
640 729
640 784
640 1024
640 1100
640 1105
640 1204
640 1304
640 1344
640 1480
640 1553
641 26
641 43
641 170
641 226
641 257
641 311
641 384
641 504
641 514
641 1805
642 12
642 16
642 17
642 37
642 104
642 148
642 178
642 298
642 397
642 529
642 532
642 730
642 1122
642 1159
642 1266
642 1712
643 68
643 153
643 268
643 276
643 521
643 706
643 1038
643 1368
643 1668
644 368
644 649
644 788
644 1042
644 1298
644 1384
645 33
645 458
645 1026
645 1736
645 1858
646 192
646 225
646 248
646 305
646 547
646 741
646 1058
646 1154
646 1625
647 1
647 8
647 1127
647 1184
648 94
648 156
648 331
648 512
648 632
648 777
648 806
648 870
648 904
648 1032
648 1038
648 1352
648 1626
649 82
649 94
649 369
649 416
649 520
649 530
649 1185
649 1745
649 1938
650 64
650 104
650 257
650 557
650 1025
650 1142
651 8
651 37
651 225
651 257
651 288
651 300
651 1224
651 1304
651 1312
652 2
652 69
652 608
652 674
652 712
653 265
653 321
653 332
653 520
654 78
654 544
654 640
654 660
654 858
654 1611
655 16
655 48
655 88
655 418
656 9
656 17
656 72
656 138
656 214
656 848
656 1017
656 1286
656 1360
656 1516
656 1816
656 1890
658 8
658 66
658 908
658 1027
658 1601
658 1605
658 1733
659 64
659 146
659 274
659 501
659 576
659 1114
659 1620
660 35
660 321
660 776
660 1139
660 1154
660 1160
661 105
661 1030
661 1464
661 1571
661 1831
662 2
663 96
663 1488
663 1793
664 37
664 103
664 136
664 272
664 532
664 646
664 1072
664 1077
664 1680
664 1684
665 12
665 91
665 260
665 675
665 882
665 1968
666 49
666 215
666 332
666 356
666 672
666 748
666 802
667 50
667 371
668 64
669 160
669 651
669 676
669 804
669 1097
670 390
670 557
670 800
670 853
670 1477
670 1969
671 1043
671 1059
672 66
672 311
672 406
672 485
672 603
672 608
672 812
672 813
672 1024
672 1172
672 1410
672 1432
672 1828
672 1872
672 1925
673 5
673 8
673 114
673 512
673 1281
673 1329
673 1360
674 0
674 17
674 52
674 80
674 342
674 384
674 616
674 618
674 723
675 40
675 131
675 1256
675 1544
676 6
676 54
676 206
676 384
676 504
676 545
676 665
676 1110
676 1576
677 32
677 70
677 770
677 1180
677 1320
678 168
679 79
679 528
680 22
680 176
680 653
681 38
681 513
681 1028
681 1046
681 1368
682 1
682 73
682 185
683 8
683 129
683 1618
684 401
684 583
684 673
684 1068
684 1168
684 1258
684 1713
684 1828
685 268
685 712
685 1024
685 1152
686 658
686 1420
686 1673
686 2004
688 0
688 37
688 66
688 176
688 507
688 608
688 1092
688 1360
689 740
690 64
690 146
690 641
690 704
690 1561
691 22
691 1292
692 32
692 237
692 302
692 1920
692 1921
693 2
693 37
693 98
693 386
693 550
693 614
693 1423
693 1482
694 400
695 106
695 1606
696 442
696 568
696 1106
696 1426
696 1971
696 1972
697 592
697 1081
697 1218
697 1280
697 1316
698 0
698 4
698 109
698 544
698 1035
698 1165
700 112
700 184
700 704
701 577
701 1253
702 258
703 785
703 1920
704 5
704 181
704 412
704 417
704 466
704 512
704 516
704 518
704 523
704 746
704 753
704 776
704 874
704 1076
704 1092
704 1100
704 1128
704 1130
704 1218
704 1306
704 1816
705 84
705 144
705 260
705 704
705 813
705 1632
705 1664
705 1746
706 9
706 21
706 41
706 88
706 208
706 256
706 434
706 568
706 1027
707 701
707 1410
708 4
708 16
708 68
708 257
708 272
708 292
708 578
708 585
708 898
708 914
708 1028
708 1035
708 1080
708 1554
709 184
709 578
709 608
710 8
710 73
710 356
710 1064
710 1068
711 774
711 790
712 106
712 420
712 436
712 514
712 848
712 1112
713 64
713 583
713 724
713 882
714 74
714 439
714 605
714 696
715 44
715 1133
716 167
716 288
716 311
716 528
716 653
717 32
717 160
717 282
717 521
717 986
718 870
718 1190
718 1221
718 1792
719 65
720 20
720 76
720 516
720 798
720 1392
721 1321
721 1360
722 30
722 256
722 307
722 598
722 645
722 710
722 853
722 1029
722 1048
722 1540
724 41
724 537
724 546
726 8
726 25
726 204
726 576
726 1025
726 1032
727 50
727 258
727 494
727 1233
728 1
728 7
728 132
728 580
728 973
728 1820
729 22
729 44
729 160
729 1456
729 1496
729 1824
730 1416
730 1641
731 124
731 1840
732 868
732 1536
733 11
733 759
733 896
734 10
734 24
734 724
736 343
736 601
736 775
736 1136
736 1284
737 434
737 752
737 896
737 1930
738 263
738 385
738 1840
739 106
739 181
739 765
740 11
740 678
740 1216
740 1772
741 1039
741 1284
741 1480
742 196
742 224
743 551
743 1186
743 1592
744 64
744 257
744 515
744 544
744 1034
744 1128
745 140
746 387
746 1220
746 1448
746 1672
746 1837
747 918
749 257
750 644
750 844
750 1041
751 770
752 139
752 588
752 603
753 266
753 1028
753 1052
753 1828
754 86
754 120
754 680
754 1177
755 140
755 441
756 31
756 784
756 1064
756 1250
757 1828
758 8
758 585
758 1096
758 1268
759 266
759 816
759 1114
760 3
760 1057
761 20
762 394
762 1664
763 19
763 1592
764 1039
765 1148
765 1336
766 1032
766 1168
767 1040
768 1
768 50
768 65
768 585
768 655
768 1088
768 1101
768 1131
768 1139
768 1155
768 1234
768 1819
769 6
769 16
769 20
769 37
769 49
769 265
769 360
769 722
769 1476
769 1833
769 1850
770 49
770 134
770 171
770 230
770 329
770 331
770 740
770 985
770 1026
770 1370
771 0
771 65
771 153
771 307
771 586
771 770
771 776
771 1057
771 1095
771 1121
771 1380
771 1428
771 1616
772 88
772 440
772 576
772 647
772 672
772 701
772 832
772 1400
772 1445
772 1451
772 1616
773 337
773 678
773 900
773 1146
774 4
774 357
774 544
774 608
774 718
774 883
774 1168
774 1817
775 203
775 694
775 1155
775 1497
776 0
776 1
776 98
776 126
776 129
776 148
776 576
776 808
776 1072
776 1206
776 1610
776 1989
777 72
777 386
778 34
778 128
778 1068
778 1503
778 1656
779 105
779 385
779 456
779 484
780 132
780 165
780 649
780 1027
780 1284
780 1572
780 1977
781 8
781 38
781 81
781 275
781 753
781 1056
781 1067
782 35
782 384
782 816
782 904
783 8
783 640
783 672
783 761
784 80
784 368
784 515
784 621
784 643
784 833
784 1326
784 1351
784 1572
785 87
785 128
785 153
785 343
785 353
785 393
785 512
785 524
785 1792
785 1858
786 32
786 48
786 153
786 1032
786 1281
787 136
787 264
787 780
787 1306
787 1577
788 512
788 720
788 1512
789 488
789 515
789 560
789 836
789 1068
790 16
790 48
790 74
790 852
791 214
791 643
791 1818
791 2042
792 424
792 658
792 1448
792 1452
793 19
793 33
793 1040
793 1401
794 100
794 936
794 1066
796 22
796 114
796 736
796 776
796 1408
796 1600
797 631
797 1352
797 1829
798 290
798 458
798 1058
798 1480
798 1676
799 288
799 1328
800 9
800 81
800 124
800 136
800 285
800 300
800 328
800 440
800 493
800 530
800 596
800 736
800 1024
800 1035
800 1276
800 1281
800 1318
800 1751
800 1797
800 1953
801 42
801 88
801 747
801 841
801 919
801 1402
801 1546
801 1564
801 1862
802 9
802 1032
802 1040
802 1224
802 1245
802 1705
802 1817
803 640
803 697
803 754
803 1024
803 1746
804 40
804 613
804 652
804 795
804 1024
804 1604
804 1669
805 137
805 556
805 772
805 835
806 88
806 384
806 391
806 418
806 813
806 2030
807 1458
808 147
808 292
808 586
808 1070
808 1438
808 1522
808 1747
808 1870
809 156
809 161
809 304
809 323
809 459
809 533
809 1266
809 1592
809 1720
810 64
810 896
810 1408
810 1473
810 1476
810 1741
811 20
811 180
811 577
812 48
812 142
812 256
812 1153
812 1304
812 1608
813 301
813 596
813 1540
815 1325
816 202
816 840
816 1088
816 1240
817 10
817 262
817 370
817 516
817 522
817 554
818 53
818 363
818 712
818 900
818 1287
818 1696
820 88
820 128
820 226
820 522
820 539
820 544
820 725
820 800
820 804
820 1809
821 40
821 148
821 1168
822 652
822 904
823 520
824 64
824 180
824 266
824 898
824 1048
824 1171
824 1354
825 4
825 64
825 592
825 1463
825 1658
826 92
826 228
826 555
826 937
826 1120
827 1220
827 1796
828 308
829 521
830 185
830 1165
830 1986
831 1154
832 144
832 262
832 770
832 1054
832 1076
832 1098
832 1266
833 88
833 418
833 504
833 774
833 784
833 820
833 1028
833 1056
834 21
834 115
834 162
834 960
834 1188
834 1210
834 1224
834 1621
835 16
835 1032
835 1658
836 2
836 17
836 134
836 304
836 934
836 1139
837 5
837 528
837 1266
837 1444
838 96
838 224
838 282
838 808
838 828
838 849
838 1232
838 1440
839 98
839 1297
840 3
840 144
841 108
841 240
841 377
841 1057
842 1351
842 1460
843 1430
844 0
844 9
844 30
844 40
844 55
844 70
844 352
844 481
844 1035
845 162
846 803
846 840
846 1184
846 1458
846 1588
847 296
848 20
848 134
848 273
848 1060
849 65
849 599
849 698
849 1288
849 1542
850 6
850 43
850 141
850 218
850 544
850 640
850 1156
850 1186
851 223
851 684
852 73
852 452
852 796
852 1352
852 1594
853 741
853 1312
853 1825
853 1856
854 16
854 1172
854 1233
855 529
856 32
856 128
856 390
856 768
856 966
856 2004
857 8
857 68
857 388
857 392
857 464
857 896
858 128
858 136
858 961
859 8
859 1347
860 1682
861 21
861 34
861 336
861 346
862 2
862 530
862 932
862 1088
864 158
864 419
864 868
865 10
865 226
865 290
865 519
865 560
865 1281
865 1312
865 1600
866 814
866 1288
866 1472
867 531
867 1032
867 1605
868 241
868 270
868 474
868 712
868 826
868 1155
868 1161
868 1202
868 1512
868 1681
869 0
869 601
869 1250
869 1794
870 8
870 342
870 440
872 295
872 1092
873 9
873 90
873 1425
873 1560
874 553
875 16
875 162
875 262
875 1712
877 34
877 1607
878 16
878 25
878 590
878 685
878 1600
878 1712
879 1447
880 1
880 331
880 388
880 546
880 905
881 1
881 208
882 49
882 60
882 73
882 1504
883 186
883 257
883 816
884 416
884 706
884 1156
885 174
885 557
886 785
886 939
887 1047
888 165
888 641
888 1048
888 1154
888 1740
888 1761
888 1822
890 404
890 523
890 1256
892 370
892 840
892 1031
892 1539
893 1153
894 387
895 593
895 768
895 1845
896 7
896 64
896 76
896 172
896 1155
896 1352
896 1672
897 0
897 16
897 1658
898 49
898 524
898 526
898 1568
899 60
899 596
899 683
899 1056
899 1537
900 9
900 252
900 581
900 592
900 1037
900 1056
900 1065
900 1285
900 1793
901 65
901 74
901 267
901 356
901 1057
901 1804
902 24
902 68
902 448
902 656
902 1039
902 1573
903 20
903 307
903 420
903 1352
904 1
904 162
904 177
904 312
904 386
904 552
904 1080
904 1285
904 1355
904 1650
905 18
905 553
905 1046
905 1335
905 1552
906 468
906 1220
907 13
907 1056
907 1288
908 26
908 129
908 148
908 260
908 292
908 647
908 798
908 1045
908 1176
909 127
909 243
910 32
910 1024
910 1037
912 114
912 179
912 290
912 1152
912 1818
912 2017
913 153
913 1232
913 1442
913 1634
914 376
914 1089
914 1891
914 1925
915 148
915 272
916 76
916 101
916 883
917 9
917 38
917 512
917 1057
917 1280
918 8
918 12
918 65
918 193
918 544
918 1641
919 1394
920 130
920 410
920 1059
920 1207
920 1312
921 36
921 1696
922 1
922 81
922 1046
923 28
923 1168
923 1683
924 98
924 916
924 2022
925 92
925 264
925 1835
926 32
926 237
928 22
928 258
928 514
928 1027
928 1137
928 1196
928 1282
928 1673
928 1795
929 109
929 261
929 1224
931 19
931 25
931 512
932 171
932 657
932 680
932 875
932 1050
932 1057
932 1281
933 201
933 612
934 264
935 296
935 1792
936 200
936 568
936 653
936 831
937 128
937 706
937 897
937 1326
937 1411
937 1488
938 553
938 771
940 98
940 1251
940 1378
941 20
941 1310
942 8
943 81
944 12
944 242
944 520
944 544
944 613
944 1552
944 1684
946 258
946 260
946 360
946 515
946 583
946 1569
947 8
947 1600
948 402
948 488
948 1507
948 1856
950 96
950 770
950 774
950 1094
951 695
952 239
952 544
953 802
953 882
953 1256
954 65
954 139
959 900
960 373
960 1412
960 1442
960 1826
960 1985
961 69
961 70
961 263
961 309
961 320
961 770
961 1608
962 704
962 1345
963 72
963 171
963 1048
963 1572
964 96
964 1036
964 1444
965 248
965 588
965 1456
966 184
966 264
966 694
966 1152
966 1828
967 262
967 272
967 1199
968 386
968 1160
968 1798
969 1602
970 171
971 228
971 1370
972 150
972 208
972 321
972 640
973 1568
974 304
974 969
976 107
976 194
976 1074
976 1206
976 1927
977 54
977 299
977 1029
977 1671
977 2038
978 65
978 420
978 1062
978 1793
979 809
980 264
983 85
983 570
983 706
984 68
984 256
984 362
984 520
984 585
984 705
986 20
986 391
986 1156
988 160
988 293
988 1204
989 145
989 242
992 6
992 11
992 229
992 600
993 4
993 12
993 177
994 1184
994 1332
995 524
995 1074
996 74
996 1026
996 1304
997 1073
997 1082
998 840
998 1056
999 137
999 1284
1000 841
1001 1093
1002 186
1002 1058
1002 1060
1002 1741
1002 1860
1004 74
1004 772
1006 20
1006 162
1007 288
1008 1
1008 1068
1009 103
1010 78
1012 392
1013 936
1014 198
1014 1220
1016 740
1017 576
1018 353
1018 532
1019 1241
1020 193
1021 1580
1021 1600
1023 1186
1024 4
1024 16
1024 27
1024 33
1024 64
1024 71
1024 120
1024 261
1024 274
1024 332
1024 601
1024 802
1024 980
1024 1217
1024 1680
1024 1797
1025 42
1025 48
1025 86
1025 136
1025 283
1025 321
1025 464
1025 517
1025 597
1025 1028
1025 1345
1025 1408
1025 1420
1025 1651
1025 1817
1025 1899
1026 8
1026 28
1026 97
1026 152
1026 181
1026 184
1026 193
1026 316
1026 416
1026 548
1026 569
1026 576
1026 583
1026 608
1026 970
1026 1052
1026 1064
1026 1089
1026 1107
1026 1217
1026 1666
1027 32
1027 84
1027 134
1027 264
1027 487
1027 646
1027 848
1027 1158
1028 4
1028 37
1028 94
1028 104
1028 130
1028 146
1028 214
1028 524
1028 528
1028 577
1028 897
1028 1296
1028 1332
1028 1630
1028 1729
1028 1872
1029 48
1029 70
1029 128
1029 208
1029 260
1029 280
1029 369
1029 392
1029 529
1029 1058
1030 76
1030 141
1030 292
1030 372
1030 523
1030 681
1030 714
1030 1188
1030 1301
1030 1363
1030 1619
1031 68
1031 192
1031 409
1031 574
1031 1048
1031 1320
1031 1664
1032 8
1032 69
1032 115
1032 129
1032 272
1032 331
1032 468
1032 516
1032 545
1032 592
1032 904
1032 1024
1032 1027
1032 1284
1032 1286
1032 1290
1032 1321
1033 11
1033 58
1033 66
1033 153
1033 179
1033 288
1033 646
1033 708
1033 776
1033 834
1033 840
1033 1632
1033 1732
1034 28
1034 144
1034 196
1034 553
1034 1108
1034 1362
1034 1539
1034 1544
1034 1993
1035 9
1035 37
1035 269
1035 676
1035 889
1035 1540
1036 10
1036 18
1036 19
1036 34
1036 48
1036 272
1036 340
1036 454
1036 521
1036 651
1036 765
1036 1159
1036 1207
1037 2
1037 384
1037 632
1037 1088
1037 1289
1038 80
1038 513
1038 608
1038 876
1038 1028
1038 1527
1038 1678
1038 1865
1039 45
1039 1584
1040 53
1040 104
1040 201
1040 260
1040 269
1040 354
1040 369
1040 396
1040 428
1040 469
1040 510
1040 554
1040 1050
1040 1447
1040 1546
1040 1842
1040 1977
1041 32
1041 65
1041 102
1041 116
1041 346
1041 466
1041 544
1041 641
1041 836
1041 896
1041 1294
1041 1486
1041 1632
1041 1926
1042 69
1042 106
1042 513
1042 515
1042 530
1042 604
1042 797
1042 959
1042 993
1042 1161
1042 1184
1042 1352
1042 1556
1043 45
1043 180
1043 630
1043 879
1043 1444
1043 1537
1044 0
1044 12
1044 20
1044 128
1044 402
1044 514
1044 594
1044 749
1044 911
1044 1289
1044 1484
1044 1540
1044 1714
1044 1862
1045 18
1045 273
1045 652
1045 1056
1045 1642
1046 43
1046 138
1046 161
1046 204
1046 305
1046 865
1047 183
1047 628
1047 1099
1047 1416
1047 1446
1047 1570
1047 1580
1048 1
1048 2
1048 64
1048 97
1048 278
1048 288
1048 337
1048 431
1048 544
1048 662
1048 769
1048 832
1048 962
1048 1027
1048 1064
1048 1128
1048 1408
1048 1585
1049 9
1049 16
1049 77
1049 276
1049 368
1049 1796
1050 1254
1050 1904
1051 3
1051 38
1051 44
1051 129
1051 256
1051 688
1051 1041
1051 1152
1052 16
1052 592
1052 772
1052 832
1052 1492
1053 213
1053 657
1053 706
1053 1288
1054 101
1054 208
1054 521
1054 567
1054 768
1054 1152
1054 1661
1055 98
1055 391
1055 771
1055 1032
1055 1077
1056 9
1056 40
1056 49
1056 112
1056 295
1056 440
1056 449
1056 640
1056 774
1056 779
1056 916
1056 929
1056 1199
1056 1216
1056 1219
1056 1393
1056 1441
1056 1452
1056 1632
1056 1765
1057 192
1057 194
1057 345
1057 375
1057 526
1057 578
1057 796
1057 1477
1058 134
1058 480
1058 529
1058 788
1058 1097
1058 1537
1058 1565
1058 1737
1058 1906
1059 1316
1059 1560
1059 1833
1060 11
1060 45
1060 64
1060 194
1060 259
1060 362
1060 372
1060 601
1060 1025
1060 1038
1060 1069
1060 1169
1060 1205
1060 1254
1061 6
1061 86
1061 102
1061 656
1061 821
1061 979
1061 1584
1062 12
1062 29
1062 40
1062 65
1062 67
1062 117
1062 947
1062 1239
1062 1363
1062 1389
1063 259
1063 1042
1063 1280
1063 1556
1064 21
1064 153
1064 216
1064 973
1064 1104
1064 1601
1064 1694
1065 0
1065 5
1065 64
1065 285
1065 577
1065 801
1065 1560
1066 77
1066 160
1066 164
1066 214
1066 658
1066 714
1066 959
1066 1064
1066 1092
1066 1274
1067 259
1067 267
1067 522
1067 577
1067 1056
1067 1231
1067 1594
1067 1691
1068 45
1068 205
1068 272
1068 683
1068 1011
1068 1026
1068 1282
1069 64
1069 288
1069 297
1069 316
1069 1027
1070 22
1070 262
1070 277
1070 879
1071 22
1071 42
1071 81
1071 417
1071 522
1072 4
1072 58
1072 201
1072 226
1072 328
1072 405
1072 644
1072 1034
1072 1056
1072 1059
1072 1092
1072 1235
1072 1618
1073 75
1073 128
1073 359
1073 1474
1074 16
1074 100
1074 224
1074 515
1074 901
1074 1420
1075 89
1075 372
1075 657
1076 10
1076 203
1076 358
1076 1027
1076 1609
1076 1649
1077 124
1077 418
1078 617
1078 652
1078 781
1079 1154
1079 1173
1079 1252
1079 1808
1080 16
1080 323
1080 332
1080 360
1080 849
1080 1376
1080 1638
1081 38
1081 285
1081 1043
1081 1600
1081 1825
1082 75
1082 217
1082 328
1082 432
1082 928
1082 1024
1083 268
1083 1056
1083 1121
1083 1293
1084 65
1084 548
1085 340
1085 656
1085 708
1085 1251
1085 1797
1086 265
1086 631
1086 1258
1086 1861
1087 1233
1088 24
1088 40
1088 105
1088 136
1088 272
1088 412
1088 428
1088 552
1088 576
1088 685
1088 793
1088 946
1088 1024
1088 1120
1088 1357
1088 1408
1088 1443
1088 1560
1088 1730
1088 1839
1089 54
1089 513
1089 1304
1089 1320
1089 1604
1089 1846
1090 6
1090 60
1090 112
1090 196
1090 593
1090 740
1090 775
1090 1025
1090 1153
1090 1183
1090 1220
1090 1577
1090 1664
1091 5
1091 225
1091 344
1091 386
1091 800
1091 1079
1091 1272
1092 128
1092 156
1092 394
1092 397
1092 507
1092 1026
1092 1033
1092 1056
1092 1088
1092 1166
1093 690
1093 1696
1093 1921
1094 0
1094 344
1094 817
1094 1284
1094 1297
1094 1545
1094 1933
1095 153
1095 736
1095 1046
1095 1312
1095 1672
1096 17
1096 68
1096 78
1096 94
1096 256
1096 295
1096 389
1096 441
1096 530
1096 657
1096 1028
1096 1287
1096 1288
1097 16
1097 225
1097 514
1097 584
1097 737
1097 851
1097 1884
1098 74
1098 90
1098 139
1098 260
1098 1447
1098 1571
1099 41
1099 160
1099 517
1099 940
1099 1037
1099 1040
1099 1090
1099 1116
1099 1438
1100 97
1100 124
1100 146
1100 514
1100 692
1100 866
1100 869
1100 1036
1100 1124
1100 1280
1100 1424
1100 1648
1100 1810
1101 7
1101 134
1101 178
1101 536
1101 832
1101 1673
1102 56
1102 66
1102 80
1102 144
1102 1664
1103 912
1103 965
1103 1060
1103 1224
1104 3
1104 54
1104 136
1104 258
1104 644
1104 1201
1104 1898
1105 19
1105 80
1105 273
1105 440
1105 723
1105 1225
1105 1302
1106 584
1106 1296
1106 1476
1107 69
1107 812
1107 1025
1107 1061
1107 1102
1107 1162
1108 0
1108 78
1108 243
1108 326
1108 662
1108 760
1108 1082
1108 1168
1108 1330
1109 88
1109 389
1109 1232
1110 709
1111 71
1111 108
1111 1330
1112 15
1112 129
1112 770
1112 1063
1113 84
1113 390
1113 1596
1114 9
1114 142
1114 259
1114 276
1114 488
1115 395
1115 804
1115 1538
1116 3
1116 129
1116 276
1116 394
1116 1498
1118 384
1118 520
1118 1456
1118 1570
1119 390
1119 537
1119 984
1119 2000
1120 141
1120 316
1120 532
1120 549
1120 560
1120 716
1120 773
1120 860
1120 1152
1121 54
1121 96
1121 337
1121 387
1121 394
1121 704
1121 787
1121 1152
1122 194
1122 1378
1122 1665
1122 1672
1123 401
1123 420
1124 513
1124 550
1124 1153
1124 1337
1124 1382
1125 18
1125 109
1125 148
1125 288
1125 634
1125 1061
1125 1189
1126 19
1126 50
1126 64
1126 128
1126 676
1126 1229
1126 1548
1126 1767
1127 611
1128 354
1128 408
1128 594
1128 805
1128 1256
1128 1922
1129 16
1129 514
1129 608
1129 1077
1129 1172
1129 1234
1129 1623
1129 1634
1129 1804
1129 1860
1130 848
1130 943
1131 88
1131 1864
1131 1976
1132 16
1132 160
1132 769
1132 1064
1132 1160
1132 1303
1132 1412
1133 19
1133 21
1133 131
1133 133
1133 276
1133 533
1133 770
1133 1635
1134 323
1135 160
1135 770
1135 1668
1136 8
1136 178
1136 396
1136 420
1136 613
1136 961
1136 1536
1137 106
1137 259
1137 330
1137 372
1137 1571
1137 1607
1138 2
1138 210
1138 744
1138 776
1138 1302
1139 768
1139 924
1139 1672
1140 1
1140 26
1140 1153
1141 800
1141 1300
1142 40
1142 281
1142 1056
1143 374
1143 412
1143 776
1143 1538
1144 8
1144 260
1144 308
1144 1088
1144 1129
1144 1132
1145 1041
1145 1128
1146 600
1146 1556
1147 1040
1147 1506
1148 192
1148 817
1148 1040
1149 50
1150 144
1150 673
1150 1137
1150 1538
1151 265
1151 1030
1152 66
1152 68
1152 220
1152 261
1152 347
1152 348
1152 480
1152 497
1152 564
1152 709
1152 768
1152 1076
1152 1106
1152 1185
1152 1204
1152 1302
1152 1563
1153 0
1153 16
1153 70
1153 215
1153 259
1153 347
1153 381
1153 580
1153 620
1153 652
1153 776
1153 835
1153 906
1153 1073
1153 1306
1153 1619
1154 4
1154 9
1154 32
1154 263
1154 1743
1155 449
1155 507
1155 559
1155 641
1155 1045
1155 1125
1155 1622
1156 21
1156 67
1156 289
1156 331
1156 426
1156 530
1156 534
1156 1024
1156 1025
1156 1294
1156 1360
1156 1709
1156 1920
1157 400
1157 560
1157 808
1157 1024
1157 1093
1157 1098
1157 1188
1157 1319
1157 1538
1157 1732
1157 1745
1158 3
1158 296
1158 932
1158 1064
1158 1070
1158 1120
1158 1133
1158 1170
1159 334
1159 514
1159 976
1159 1032
1159 1058
1159 1200
1160 16
1160 160
1160 274
1160 581
1160 768
1160 976
1160 1033
1160 1091
1160 1156
1160 1480
1160 1708
1161 32
1161 466
1161 560
1161 640
1161 788
1161 903
1161 912
1161 1049
1161 1188
1161 1424
1162 152
1162 272
1162 354
1162 401
1162 1024
1163 781
1163 982
1163 1584
1163 1841
1164 16
1164 56
1164 522
1164 644
1164 914
1164 974
1164 1121
1165 72
1165 298
1165 642
1165 698
1165 1489
1165 1643
1165 1704
1166 76
1166 98
1166 352
1166 1141
1166 1432
1167 68
1167 96
1167 107
1167 164
1167 192
1167 255
1167 974
1167 1042
1168 42
1168 46
1168 244
1168 262
1168 417
1168 581
1168 649
1168 778
1168 1044
1168 1060
1168 1484
1168 1606
1168 1905
1169 100
1169 188
1169 604
1169 1024
1169 1557
1169 1856
1170 714
1170 795
1170 1036
1170 1058
1171 291
1171 550
1171 1159
1172 124
1172 148
1172 176
1172 368
1172 937
1172 1304
1172 1760
1173 2
1173 609
1173 1031
1173 1201
1173 1282
1173 1350
1173 1600
1174 661
1174 1544
1175 102
1175 712
1175 770
1175 1221
1175 1617
1176 33
1176 73
1176 264
1176 434
1176 448
1176 580
1176 1296
1176 1312
1176 1858
1177 80
1177 512
1177 533
1177 676
1177 680
1177 1064
1177 1085
1178 132
1178 240
1178 272
1178 1328
1178 1728
1179 266
1179 1664
1180 482
1180 1034
1180 1168
1181 34
1181 47
1181 80
1181 2036
1182 513
1182 520
1182 685
1182 1321
1183 9
1184 10
1184 31
1184 33
1184 40
1184 95
1184 517
1184 599
1184 681
1184 1092
1184 1829
1185 9
1185 34
1185 275
1185 516
1185 1042
1185 1120
1185 1284
1185 2010
1186 4
1186 51
1186 76
1186 102
1186 131
1186 376
1186 1665
1187 298
1187 499
1187 680
1187 904
1187 1038
1188 57
1188 80
1188 201
1188 478
1188 576
1188 1104
1188 1141
1189 512
1190 792
1190 1292
1190 1308
1190 1540
1191 78
1191 264
1191 1026
1191 1158
1191 1609
1192 70
1192 106
1192 537
1192 783
1192 1027
1192 1120
1192 1408
1192 1536
1192 1810
1193 17
1193 67
1193 300
1193 325
1193 539
1193 1542
1194 68
1194 138
1194 576
1194 848
1194 937
1194 1540
1194 1953
1195 0
1195 272
1195 536
1195 820
1195 1056
1195 1060
1196 272
1196 832
1196 1820
1197 0
1197 320
1197 844
1198 33
1198 608
1198 1632
1199 1744
1200 386
1200 1285
1200 1601
1201 624
1202 0
1202 32
1202 175
1202 307
1202 1035
1202 1313
1202 1321
1203 386
1203 588
1203 970
1204 0
1204 257
1204 276
1204 610
1204 711
1205 194
1205 346
1205 559
1205 1029
1205 1192
1206 137
1206 549
1206 1072
1206 1669
1207 514
1207 597
1208 0
1208 8
1208 138
1208 1679
1209 108
1209 560
1209 880
1209 1056
1209 1175
1209 1186
1210 33
1210 257
1210 272
1210 275
1210 1419
1212 51
1212 127
1212 272
1212 298
1212 512
1212 1025
1212 1136
1212 1417
1213 4
1213 628
1213 1666
1214 68
1214 518
1215 24
1216 78
1216 102
1216 104
1216 569
1216 768
1216 908
1217 128
1217 384
1217 519
1217 579
1217 634
1217 1166
1218 431
1218 521
1218 593
1218 784
1218 863
1218 1152
1218 1418
1218 1934
1219 72
1219 769
1219 1124
1219 1339
1220 256
1220 1281
1220 1352
1220 2018
1221 105
1221 137
1221 194
1221 1284
1221 1524
1221 1605
1222 71
1222 480
1222 1556
1223 208
1223 577
1223 1076
1223 1088
1223 1793
1224 137
1224 166
1224 483
1224 644
1224 772
1224 1322
1224 1701
1225 122
1225 136
1225 500
1225 1105
1225 1793
1226 14
1226 512
1226 741
1226 864
1226 1544
1227 321
1228 538
1228 1120
1228 1152
1228 1504
1229 50
1229 1108
1229 1281
1231 413
1231 460
1231 534
1232 656
1232 802
1232 1106
1232 1127
1232 1683
1232 1718
1233 1158
1233 1346
1234 0
1234 516
1234 1036
1234 1056
1235 262
1235 581
1235 1178
1236 230
1236 653
1238 470
1238 647
1238 1029
1239 40
1239 128
1239 146
1240 49
1240 257
1240 258
1241 120
1241 352
1241 610
1241 1160
1241 1170
1241 1796
1242 517
1242 549
1242 1344
1243 525
1244 48
1244 160
1244 208
1244 1284
1245 1047
1245 1120
1247 65
1248 211
1249 40
1249 139
1249 512
1249 802
1250 331
1250 411
1251 652
1252 0
1252 34
1252 1539
1252 1818
1253 10
1254 132
1254 140
1254 720
1255 217
1256 0
1256 11
1256 76
1256 154
1256 260
1256 1093
1256 1140
1256 1521
1257 7
1257 16
1257 71
1257 288
1257 518
1258 157
1258 1693
1259 130
1259 161
1260 26
1260 149
1260 287
1260 1605
1261 546
1261 1042
1262 299
1262 524
1262 1063
1262 1383
1263 1065
1264 88
1264 200
1264 764
1264 1232
1264 1684
1265 64
1265 1892
1266 0
1266 145
1266 292
1266 417
1266 473
1266 768
1266 1556
1267 21
1267 132
1267 496
1268 8
1268 643
1269 5
1269 36
1269 340
1269 770
1269 1171
1270 139
1270 256
1271 1120
1272 77
1272 379
1272 1163
1272 1872
1274 1300
1274 1795
1275 17
1275 50
1275 985
1276 8
1277 1154
1278 1033
1280 123
1280 256
1280 321
1280 582
1280 1084
1280 1094
1280 1163
1280 1250
1280 1256
1280 1332
1280 1544
1280 1801
1281 39
1281 154
1281 451
1281 519
1281 526
1281 534
1281 576
1281 582
1281 624
1281 1025
1281 1220
1281 1234
1282 69
1282 156
1282 164
1282 647
1282 708
1282 746
1282 996
1282 1326
1282 1410
1282 1622
1282 1654
1283 580
1283 1934
1284 105
1284 548
1284 737
1284 1537
1284 1552
1284 1630
1285 17
1285 218
1285 368
1285 641
1285 784
1285 1068
1285 1545
1285 1616
1286 48
1286 134
1286 528
1286 561
1286 641
1286 1025
1286 1091
1286 1641
1286 1888
1287 392
1287 397
1287 572
1287 1083
1287 1348
1287 1728
1288 66
1288 116
1288 128
1288 257
1288 800
1288 1290
1288 1585
1289 9
1289 130
1289 328
1289 1536
1290 306
1290 345
1290 460
1290 640
1290 838
1290 1056
1291 69
1291 194
1291 1028
1291 1074
1291 1091
1291 1152
1292 0
1292 172
1292 196
1292 267
1292 515
1292 539
1292 818
1292 1036
1292 1043
1292 1430
1292 1553
1292 1574
1293 496
1293 512
1293 586
1293 1024
1293 1098
1293 1416
1294 193
1294 416
1294 812
1294 928
1294 1267
1294 1443
1295 148
1295 736
1295 1078
1296 4
1296 86
1296 92
1296 134
1296 192
1296 288
1296 330
1296 1048
1296 1136
1297 84
1297 294
1297 912
1297 1126
1297 1280
1297 1610
1297 1699
1298 148
1298 1049
1298 1104
1299 18
1299 322
1299 539
1299 1384
1299 1672
1299 1682
1300 9
1300 65
1300 641
1300 1090
1300 1232
1300 1794
1301 224
1301 777
1301 821
1302 8
1302 427
1302 780
1302 1045
1303 4
1303 32
1303 454
1304 142
1304 270
1304 520
1304 1024
1304 1538
1304 1938
1305 10
1305 30
1305 96
1305 682
1305 802
1305 1668
1306 274
1306 296
1306 600
1306 838
1306 1048
1306 1108
1306 1608
1307 12
1307 1668
1308 17
1308 32
1308 97
1308 1182
1308 1864
1309 557
1309 1313
1310 16
1310 20
1310 196
1310 467
1310 1154
1310 1227
1310 1804
1311 1328
1312 33
1312 38
1312 263
1312 266
1312 401
1312 480
1312 576
1312 1196
1312 1240
1312 1241
1312 1560
1313 2
1313 11
1313 33
1313 194
1313 305
1313 340
1313 400
1313 808
1313 838
1314 416
1314 612
1314 821
1314 1300
1314 1613
1315 0
1315 3
1315 330
1315 828
1315 1110
1316 10
1316 1052
1316 1444
1316 1652
1317 1033
1317 1442
1317 1472
1318 56
1318 65
1318 1027
1319 26
1319 392
1319 657
1319 707
1319 1721
1319 1928
1320 36
1320 54
1320 388
1320 1090
1320 1288
1321 86
1321 608
1321 700
1321 851
1321 1368
1321 1720
1322 164
1322 184
1322 414
1322 1008
1322 1640
1323 17
1323 480
1323 532
1323 1041
1323 1136
1323 1167
1324 7
1324 64
1324 65
1324 705
1324 846
1325 1226
1325 1936
1326 513
1326 562
1327 1569
1328 16
1328 35
1328 66
1328 277
1328 732
1328 924
1328 1028
1328 1068
1328 1472
1328 1610
1329 128
1329 688
1329 1659
1329 1912
1330 258
1330 357
1330 776
1330 1313
1330 1729
1331 368
1331 760
1331 1032
1331 1491
1332 182
1332 226
1332 370
1332 441
1332 665
1333 731
1333 1450
1334 70
1334 678
1334 1692
1335 25
1335 100
1335 704
1335 1153
1336 394
1336 528
1336 641
1337 0
1337 4
1337 38
1337 1184
1338 277
1338 1472
1338 1561
1339 549
1339 714
1340 1136
1340 1192
1340 1296
1341 8
1342 440
1342 1241
1343 1600
1344 128
1344 174
1344 192
1344 344
1344 404
1345 647
1345 748
1345 920
1346 2
1346 8
1346 40
1346 258
1346 265
1346 400
1346 641
1346 1472
1346 1609
1347 25
1347 96
1347 780
1347 801
1347 884
1348 896
1348 1033
1348 1165
1348 1274
1349 2
1349 15
1349 19
1349 36
1349 82
1349 528
1349 810
1349 944
1350 17
1350 433
1350 1102
1350 1693
1350 1722
1351 0
1351 17
1351 210
1351 450
1351 920
1351 1048
1352 46
1352 209
1352 966
1352 1074
1352 1424
1352 1537
1353 1089
1353 1539
1354 162
1354 345
1354 402
1354 546
1354 574
1354 1144
1354 1633
1355 4
1355 1044
1355 1646
1356 82
1356 309
1356 804
1356 1044
1356 1155
1357 23
1357 84
1357 1556
1357 1906
1358 64
1358 161
1358 256
1358 314
1358 529
1358 532
1358 562
1359 17
1359 257
1359 600
1360 45
1360 69
1360 525
1360 556
1360 560
1360 664
1360 1397
1361 1174
1361 1282
1361 1826
1362 130
1362 280
1362 1664
1363 512
1363 560
1363 600
1363 923
1363 1745
1363 1793
1364 74
1364 161
1364 855
1365 224
1365 1408
1365 1629
1366 448
1366 513
1366 1224
1366 1327
1367 1184
1368 35
1368 42
1368 257
1368 385
1368 1025
1368 1536
1369 175
1369 559
1369 718
1369 1408
1370 4
1370 707
1370 1056
1370 1126
1370 1152
1371 51
1371 629
1371 1026
1371 1332
1372 98
1372 157
1372 485
1372 528
1372 594
1372 1052
1373 1882
1374 1376
1375 32
1375 170
1376 166
1376 260
1376 330
1376 1120
1376 1288
1377 584
1377 1094
1377 1664
1378 520
1378 769
1378 1381
1379 548
1379 672
1380 464
1380 642
1380 1071
1380 1089
1380 1159
1380 1650
1381 0
1381 5
1381 338
1381 548
1382 64
1382 272
1382 660
1382 899
1382 1689
1383 1154
1383 1593
1384 26
1384 42
1384 225
1384 410
1384 567
1385 715
1386 1093
1386 1668
1387 150
1387 275
1387 817
1387 1064
1387 1580
1388 109
1388 242
1388 278
1388 1090
1388 1202
1389 466
1389 1195
1389 1345
1390 500
1390 752
1390 1867
1392 201
1392 1057
1392 1360
1392 1404
1392 1432
1392 1802
1393 547
1393 552
1393 1211
1393 1220
1393 1306
1393 1676
1394 0
1394 592
1394 1827
1396 172
1396 265
1396 288
1396 1362
1398 4
1398 1444
1398 1668
1398 1804
1399 692
1400 15
1400 1164
1400 1728
1401 13
1401 1436
1406 128
1406 152
1408 100
1408 101
1408 276
1408 774
1408 806
1408 960
1408 1054
1408 1059
1408 1089
1408 1092
1408 1284
1409 0
1409 515
1409 569
1409 866
1409 1095
1409 1473
1409 1810
1410 20
1410 96
1410 168
1410 481
1410 816
1410 1027
1410 1057
1410 1298
1410 1320
1410 1624
1411 875
1411 1188
1411 1552
1411 1910
1412 39
1412 40
1412 68
1412 579
1412 771
1412 772
1412 1610
1412 1668
1413 369
1414 13
1414 78
1414 220
1414 584
1414 715
1414 1088
1414 1597
1414 1812
1414 1822
1415 36
1415 52
1415 1835
1416 372
1416 1106
1417 193
1417 288
1417 406
1417 905
1417 1026
1417 1365
1417 1778
1418 16
1418 174
1418 771
1418 1128
1418 1325
1419 11
1419 256
1420 49
1420 176
1420 214
1421 48
1421 160
1421 576
1421 1024
1421 1072
1422 833
1422 1538
1423 8
1423 737
1423 1409
1423 1794
1423 1814
1424 5
1424 491
1424 522
1424 526
1424 705
1424 836
1424 942
1424 1350
1424 1536
1424 1922
1425 1336
1425 1661
1426 515
1426 644
1426 1111
1426 1932
1427 80
1427 162
1427 876
1428 72
1428 263
1428 547
1428 552
1428 933
1429 2
1430 15
1430 201
1430 514
1430 692
1430 1568
1430 1707
1431 537
1431 640
1432 0
1432 107
1432 672
1432 1206
1433 1540
1434 137
1434 140
1434 161
1434 477
1434 640
1434 1318
1435 64
1435 1096
1436 32
1436 822
1436 1032
1437 536
1438 297
1438 1605
1439 288
1440 81
1440 120
1440 199
1440 456
1440 1090
1440 1172
1440 1574
1441 1816
1442 320
1442 1154
1442 1168
1442 1852
1443 97
1443 464
1443 1076
1444 58
1445 67
1445 1826
1446 293
1446 1250
1447 466
1447 1798
1448 151
1448 194
1448 582
1449 880
1449 1052
1450 44
1450 212
1450 660
1450 919
1450 1048
1452 37
1452 88
1452 196
1453 49
1454 643
1455 656
1456 18
1456 31
1456 57
1456 120
1456 196
1456 314
1457 360
1457 444
1457 777
1457 897
1457 1324
1458 64
1458 99
1458 518
1458 1170
1460 3
1460 28
1462 297
1462 335
1462 802
1463 1
1463 269
1464 3
1464 22
1464 48
1464 1056
1464 1451
1465 235
1465 995
1466 513
1466 1660
1468 8
1468 192
1468 281
1468 322
1468 1152
1470 1024
1472 17
1472 54
1472 65
1472 526
1472 528
1473 501
1473 680
1473 1483
1473 1572
1474 314
1474 646
1474 722
1474 1064
1474 1104
1474 1107
1474 1168
1474 1685
1475 2
1475 354
1475 399
1475 536
1476 525
1476 577
1476 843
1477 7
1477 13
1477 31
1477 584
1478 516
1478 523
1479 80
1479 644
1479 1027
1479 1551
1480 11
1480 136
1480 194
1480 653
1480 753
1480 820
1480 841
1481 588
1481 608
1481 944
1482 96
1482 202
1482 1292
1482 1676
1483 802
1483 1058
1483 1092
1484 43
1484 152
1484 777
1484 1129
1485 0
1485 68
1485 100
1485 195
1485 1299
1486 1284
1486 1639
1487 192
1487 1287
1488 291
1488 1991
1489 16
1489 272
1489 390
1489 688
1490 750
1490 804
1491 1103
1493 522
1494 41
1495 1454
1496 132
1496 145
1496 320
1496 1361
1496 1809
1497 1822
1498 192
1498 386
1498 1036
1499 13
1499 554
1499 1090
1500 8
1503 1
1504 202
1504 256
1504 378
1504 516
1504 772
1504 1100
1505 386
1505 1281
1506 265
1506 1408
1507 513
1507 544
1508 268
1508 684
1508 1068
1508 1428
1509 17
1509 105
1509 278
1510 72
1510 1030
1510 1344
1511 830
1512 285
1512 1488
1513 1518
1513 1616
1514 1133
1514 1551
1516 180
1517 1676
1518 1558
1520 528
1521 408
1521 562
1521 1093
1521 1135
1523 6
1523 55
1524 44
1524 536
1524 1318
1524 1601
1525 27
1525 42
1525 80
1525 1125
1525 1350
1526 449
1526 1280
1527 60
1527 176
1528 1088
1528 1575
1533 139
1534 48
1536 0
1536 13
1536 38
1536 128
1536 329
1536 387
1536 672
1536 888
1536 998
1536 1096
1536 1178
1536 1292
1536 1426
1536 1568
1536 1904
1537 1
1537 59
1537 128
1537 494
1537 1033
1537 1201
1537 1521
1537 1738
1537 2016
1538 25
1538 100
1538 346
1538 1110
1538 1281
1538 1293
1538 1952
1539 13
1539 66
1539 1607
1540 0
1540 33
1540 81
1540 128
1540 200
1540 384
1540 386
1540 596
1540 648
1540 694
1540 1552
1540 1888
1541 29
1541 75
1541 146
1541 614
1541 672
1541 706
1541 715
1541 1344
1541 1361
1542 404
1542 424
1542 468
1542 546
1542 554
1542 752
1542 762
1542 1024
1542 1145
1542 1187
1542 1232
1542 1280
1542 1314
1542 1576
1543 292
1543 617
1543 1063
1543 1571
1543 1572
1544 67
1544 130
1544 152
1544 167
1544 198
1544 249
1544 385
1544 1024
1544 1025
1544 1362
1545 99
1545 236
1545 442
1545 612
1545 1281
1546 57
1546 59
1546 168
1546 306
1546 596
1546 1005
1546 1058
1546 1232
1546 1314
1547 298
1547 972
1548 79
1548 92
1548 386
1548 1024
1548 1087
1548 1126
1548 1741
1548 1835
1549 1029
1549 1568
1550 0
1550 744
1550 864
1550 1044
1551 1864
1552 0
1552 4
1552 105
1552 126
1552 130
1552 414
1552 513
1552 592
1552 865
1552 960
1552 968
1552 1193
1552 1247
1552 1606
1553 525
1553 1218
1553 1396
1553 1440
1554 0
1554 128
1554 897
1554 1098
1554 1490
1554 1541
1554 1601
1555 16
1555 84
1555 556
1555 1125
1555 1155
1555 1161
1555 1301
1556 56
1556 288
1556 432
1556 523
1556 589
1556 867
1557 16
1557 146
1557 518
1557 1024
1557 1071
1557 1852
1558 852
1559 133
1560 96
1560 136
1560 204
1560 210
1560 299
1560 354
1560 593
1560 600
1560 660
1560 705
1560 764
1561 35
1561 81
1561 280
1561 1161
1562 276
1562 962
1562 1028
1562 1906
1563 2
1563 1372
1563 1930
1564 258
1564 929
1566 72
1567 53
1568 97
1568 256
1568 680
1568 860
1568 1066
1568 1179
1568 1186
1568 1192
1568 1221
1568 1539
1568 1607
1568 1732
1568 1860
1569 24
1569 354
1569 1194
1569 1426
1569 1928
1570 9
1570 320
1570 471
1570 728
1570 1042
1571 32
1571 198
1571 262
1571 551
1571 609
1571 1308
1572 23
1572 610
1572 728
1572 780
1572 1920
1573 305
1573 1802
1574 64
1574 740
1574 1030
1574 1034
1576 1
1576 100
1576 148
1576 192
1576 1336
1576 1540
1576 1652
1577 58
1577 80
1577 137
1577 550
1578 979
1578 1352
1579 41
1579 174
1579 424
1579 580
1579 977
1580 32
1580 112
1580 161
1580 285
1580 1091
1581 1104
1581 1656
1581 1803
1582 1034
1582 1121
1583 1411
1584 6
1584 280
1584 408
1584 540
1584 580
1585 140
1585 289
1585 419
1585 621
1585 857
1585 1095
1585 1473
1586 47
1587 12
1587 20
1587 466
1588 258
1588 673
1588 1482
1589 65
1589 152
1589 608
1589 898
1592 18
1592 33
1592 269
1592 1221
1592 1454
1593 1574
1593 1799
1594 1
1594 1362
1595 904
1596 37
1596 1126
1597 256
1598 698
1598 714
1600 100
1600 128
1600 130
1600 148
1600 262
1600 322
1600 393
1600 514
1600 634
1600 683
1600 689
1600 694
1600 1088
1600 1115
1600 1300
1600 1636
1600 1673
1601 776
1601 1104
1601 1416
1602 0
1602 64
1602 663
1602 1067
1602 1281
1602 1312
1602 1618
1603 25
1603 68
1603 1024
1603 1372
1603 1396
1603 1427
1604 1
1604 288
1604 384
1604 417
1604 560
1604 577
1604 663
1604 665
1605 1336
1605 1634
1605 1685
1606 0
1606 72
1606 84
1606 548
1606 641
1606 1525
1606 1564
1606 1678
1607 5
1607 13
1607 138
1607 225
1607 708
1607 720
1607 1027
1607 1293
1607 1416
1608 129
1608 134
1608 1152
1608 1183
1609 6
1609 140
1609 1038
1610 64
1610 708
1610 739
1611 195
1611 336
1611 1642
1612 88
1612 884
1612 1164
1613 184
1613 265
1613 773
1614 1
1614 49
1614 351
1614 903
1614 1176
1615 1
1615 1232
1616 72
1616 257
1616 531
1616 1092
1616 1321
1617 33
1617 280
1617 384
1617 1032
1617 1124
1618 150
1618 288
1618 1008
1618 1188
1618 1437
1618 1556
1619 12
1619 82
1619 386
1619 833
1619 1127
1620 35
1620 72
1620 137
1620 680
1620 1072
1620 1106
1620 1860
1621 672
1622 602
1622 1035
1623 256
1623 1093
1624 96
1624 480
1624 864
1624 1098
1624 1744
1625 101
1625 536
1625 541
1625 919
1626 409
1626 490
1627 266
1627 1174
1628 50
1628 97
1628 198
1628 547
1628 648
1629 450
1630 384
1630 416
1630 800
1630 1698
1631 1184
1632 420
1632 520
1632 652
1632 1026
1632 1128
1632 1240
1632 1296
1632 1462
1632 1520
1633 34
1633 41
1633 318
1633 488
1634 22
1634 72
1634 548
1634 697
1635 152
1635 175
1635 561
1635 673
1636 16
1636 35
1636 95
1636 128
1636 392
1636 554
1636 723
1636 786
1636 1341
1637 3
1637 1567
1640 303
1640 676
1640 770
1641 53
1641 136
1641 156
1641 815
1641 1210
1642 914
1642 1286
1644 520
1644 1244
1644 1872
1645 158
1646 0
1646 537
1646 1147
1646 1228
1646 1281
1647 1106
1648 26
1648 70
1648 397
1648 1922
1649 1185
1649 1619
1650 1672
1651 64
1651 428
1651 1383
1652 299
1652 342
1652 1090
1653 256
1653 701
1653 1290
1654 1025
1655 54
1655 129
1655 1761
1656 9
1656 82
1656 1869
1657 38
1657 772
1657 1756
1658 1280
1659 326
1659 1129
1659 1154
1659 1767
1660 900
1662 1608
1663 1416
1664 0
1664 1
1664 66
1664 192
1664 384
1664 553
1664 625
1664 716
1664 995
1664 1158
1664 1282
1664 1536
1664 1736
1665 0
1665 92
1665 512
1665 1833
1666 130
1666 200
1666 337
1666 643
1666 804
1666 996
1666 1248
1667 224
1667 232
1667 329
1667 404
1667 544
1667 1156
1667 1600
1668 130
1668 133
1668 138
1668 595
1668 906
1668 1104
1668 1216
1668 1786
1669 34
1669 52
1669 862
1669 1166
1669 1540
1670 328
1670 553
1671 32
1671 200
1671 1547
1671 1762
1672 129
1672 134
1672 264
1672 408
1672 536
1672 1288
1672 1292
1672 1539
1673 37
1673 288
1673 512
1673 566
1673 1041
1673 1073
1673 1185
1674 514
1674 1024
1674 1881
1675 165
1675 648
1676 117
1676 1024
1676 1576
1676 1888
1677 868
1678 320
1678 1665
1679 402
1679 855
1679 1933
1680 9
1680 20
1680 188
1680 448
1680 518
1680 600
1680 865
1680 1101
1680 1634
1680 1965
1681 8
1681 25
1681 96
1681 129
1681 136
1681 1548
1681 1794
1682 3
1682 24
1682 1089
1682 1712
1683 75
1683 289
1684 11
1684 73
1684 336
1684 408
1684 1322
1684 1671
1685 772
1685 1776
1686 2
1686 330
1686 1524
1687 5
1687 1281
1688 4
1688 138
1688 181
1688 565
1688 785
1688 805
1689 4
1689 392
1689 549
1689 1442
1690 2
1690 48
1692 164
1692 226
1692 1057
1692 1720
1693 531
1693 1112
1695 212
1695 528
1695 529
1695 916
1696 77
1696 133
1696 161
1696 251
1696 312
1696 400
1696 447
1696 616
1696 629
1696 1026
1697 47
1697 128
1697 134
1697 205
1697 900
1697 1066
1698 158
1698 401
1698 800
1698 888
1699 265
1699 696
1699 2022
1700 204
1700 463
1700 580
1700 1431
1700 1671
1701 708
1701 928
1702 352
1702 525
1703 39
1703 1051
1704 846
1704 847
1704 1033
1704 1314
1705 248
1706 371
1706 1377
1707 488
1707 1437
1708 40
1708 1986
1709 1
1709 200
1709 208
1709 968
1710 24
1711 2
1711 266
1711 940
1711 1044
1712 150
1712 162
1712 512
1712 529
1712 550
1712 1084
1715 152
1715 273
1716 18
1716 84
1716 144
1716 448
1716 1120
1717 177
1717 264
1718 426
1720 152
1720 334
1720 1124
1721 236
1721 1328
1721 1665
1722 156
1722 1230
1723 26
1723 529
1724 1932
1726 1538
1728 44
1728 131
1728 182
1728 1060
1728 1330
1729 48
1729 276
1729 333
1730 0
1730 8
1730 306
1730 1104
1730 1117
1730 1432
1731 204
1731 1136
1732 200
1732 661
1732 1520
1732 1800
1732 1874
1733 28
1733 1307
1734 94
1734 260
1734 544
1734 833
1734 1218
1735 20
1735 64
1736 1617
1737 66
1737 83
1737 546
1737 1360
1737 1694
1738 83
1740 297
1740 1285
1741 578
1741 1257
1741 1543
1742 16
1742 134
1742 395
1743 0
1743 10
1743 393
1743 1309
1743 1438
1744 274
1744 848
1744 1076
1744 1162
1744 1281
1744 1424
1745 24
1745 228
1745 482
1745 955
1745 1298
1746 547
1746 1157
1747 704
1747 1065
1747 1466
1748 19
1748 64
1748 1395
1750 929
1750 1029
1750 1036
1750 1600
1752 1155
1752 1158
1753 1050
1754 659
1756 368
1756 640
1756 1057
1756 1162
1756 1362
1758 1
1758 202
1758 284
1758 1120
1759 534
1760 2
1760 32
1760 756
1760 1704
1761 8
1761 38
1761 291
1761 336
1761 1026
1761 1457
1761 1553
1762 800
1762 1061
1762 1572
1764 1496
1765 1184
1766 3
1766 97
1766 304
1767 1066
1768 8
1768 81
1768 1538
1769 2
1770 215
1770 1103
1772 32
1772 242
1772 1538
1774 524
1777 170
1777 289
1777 1232
1777 1538
1778 256
1781 125
1781 1832
1783 56
1784 516
1785 26
1785 1064
1786 534
1787 1677
1789 768
1791 1426
1792 17
1792 96
1792 213
1792 516
1792 527
1792 777
1792 850
1792 1283
1792 1793
1793 65
1793 274
1793 1026
1793 1103
1793 1108
1793 1697
1794 65
1794 384
1794 388
1794 529
1794 648
1794 673
1794 791
1794 1348
1795 66
1795 389
1795 553
1795 596
1795 1254
1795 1324
1795 1568
1796 0
1796 43
1796 98
1796 203
1796 256
1796 670
1796 1024
1796 1200
1797 45
1797 337
1798 33
1798 356
1798 1248
1799 32
1799 33
1800 738
1800 832
1800 1247
1800 1697
1801 140
1801 661
1801 710
1801 1039
1801 1120
1801 1228
1801 1574
1801 1616
1802 577
1802 904
1803 48
1803 134
1803 520
1803 551
1804 4
1804 96
1804 97
1804 162
1804 1064
1804 1294
1805 24
1805 42
1805 1734
1806 182
1806 346
1806 1089
1807 72
1807 1136
1807 1368
1808 387
1808 576
1808 1291
1808 1537
1808 1562
1808 1616
1809 6
1809 105
1809 161
1809 192
1809 454
1809 832
1809 1059
1809 1131
1809 1284
1810 36
1812 392
1812 584
1812 772
1812 1029
1813 64
1813 97
1813 192
1813 291
1813 1951
1814 47
1814 64
1814 501
1815 1282
1816 291
1816 1186
1817 528
1817 1938
1818 104
1818 1056
1819 557
1819 1167
1819 1363
1820 949
1820 1192
1820 1348
1820 1601
1821 128
1821 448
1821 1032
1821 1604
1822 1
1822 1582
1823 139
1823 1754
1824 10
1824 18
1824 242
1824 354
1824 653
1824 769
1824 872
1824 1154
1824 1556
1825 5
1825 84
1825 102
1825 320
1825 450
1825 640
1825 1024
1825 1600
1826 309
1826 1054
1826 1713
1827 131
1828 64
1828 288
1828 616
1831 208
1831 256
1831 1556
1832 1
1832 37
1832 144
1832 1154
1832 1201
1833 568
1833 828
1834 3
1834 161
1834 336
1834 1029
1834 1144
1834 1568
1835 35
1835 704
1836 536
1836 977
1836 1539
1836 1560
1837 27
1837 952
1838 48
1838 192
1838 256
1839 1328
1840 9
1840 33
1840 42
1840 130
1840 166
1840 918
1840 1105
1840 1842
1841 13
1841 194
1841 340
1841 1385
1842 95
1842 1612
1843 352
1844 570
1844 898
1845 176
1845 770
1846 195
1846 1152
1847 658
1848 3
1848 384
1848 521
1848 1061
1849 518
1850 181
1851 1346
1852 267
1852 450
1852 1185
1852 1310
1852 1360
1854 194
1854 657
1855 1025
1855 1064
1856 16
1856 195
1856 1097
1856 1473
1857 54
1857 58
1857 466
1857 546
1857 608
1858 129
1860 4
1860 896
1860 1873
1861 34
1861 337
1861 650
1862 3
1862 258
1862 890
1863 128
1863 1030
1864 274
1864 815
1864 1125
1864 1612
1865 14
1865 132
1865 1573
1866 776
1866 1268
1868 258
1868 385
1869 2
1869 162
1869 196
1869 283
1869 911
1869 1155
1872 5
1872 128
1872 264
1872 1188
1872 1316
1872 1326
1872 1684
1873 16
1873 128
1873 259
1873 515
1873 538
1873 1191
1873 1339
1873 1564
1873 1792
1874 41
1874 48
1874 387
1874 544
1874 660
1874 1424
1875 576
1875 1036
1876 212
1876 1570
1877 791
1877 1537
1877 1617
1879 1089
1879 1632
1880 225
1880 796
1880 929
1880 1099
1880 1186
1880 1345
1880 1929
1881 1024
1882 32
1882 1043
1882 1185
1882 1559
1883 897
1884 32
1884 778
1884 1165
1886 49
1886 592
1886 1216
1888 6
1888 416
1888 513
1888 755
1889 352
1889 1102
1889 1154
1889 1890
1890 16
1890 1380
1891 1664
1892 1146
1894 17
1894 30
1894 520
1896 152
1896 171
1896 451
1896 523
1896 1050
1897 664
1897 1196
1898 153
1898 1033
1899 1416
1902 161
1902 1112
1902 1635
1902 1733
1904 33
1904 640
1904 1328
1906 1026
1906 1105
1907 523
1907 1605
1908 48
1910 484
1911 50
1914 0
1914 68
1914 81
1915 720
1916 176
1917 10
1917 523
1918 85
1919 772
1920 7
1920 27
1920 36
1920 97
1920 144
1920 193
1920 324
1920 522
1920 773
1920 1040
1920 1096
1920 1289
1920 1495
1921 8
1921 57
1921 248
1921 904
1921 1032
1921 1037
1922 3
1922 257
1922 640
1922 800
1923 333
1924 5
1924 99
1924 172
1924 522
1924 770
1924 1408
1924 1617
1925 422
1925 1061
1925 1224
1926 1102
1926 1109
1926 1123
1926 1541
1927 467
1927 784
1927 1750
1928 97
1928 263
1928 567
1928 1620
1929 132
1929 1032
1929 1386
1930 152
1932 3
1932 386
1932 914
1932 1676
1933 330
1933 799
1933 1057
1934 264
1934 385
1934 894
1935 149
1935 523
1936 64
1936 117
1936 833
1936 1261
1937 710
1937 1170
1938 649
1938 1105
1939 225
1939 386
1939 724
1939 964
1940 40
1940 46
1940 58
1940 1122
1941 2
1941 9
1942 174
1943 386
1943 1281
1944 921
1944 1616
1945 37
1945 96
1945 194
1945 921
1946 226
1946 1472
1947 23
1947 908
1948 256
1949 22
1949 76
1949 558
1950 800
1950 1344
1951 573
1951 1282
1952 1162
1952 1441
1952 1548
1953 268
1953 579
1953 1351
1954 20
1954 44
1954 80
1954 1036
1955 1032
1955 1458
1956 4
1956 168
1956 1072
1956 1088
1956 1142
1956 1400
1957 3
1957 470
1958 352
1958 1793
1959 25
1960 140
1960 357
1960 384
1960 663
1961 740
1962 32
1962 272
1963 1056
1964 4
1966 1024
1968 225
1968 832
1968 1128
1968 1312
1969 2
1969 68
1969 656
1969 1753
1971 10
1971 194
1971 1664
1972 593
1976 1366
1977 80
1977 772
1977 1583
1978 36
1978 1205
1979 1216
1979 1273
1980 142
1980 1223
1981 1102
1982 1347
1982 1440
1983 1696
1984 64
1984 348
1984 1099
1984 1346
1984 1666
1985 1025
1986 274
1986 1572
1986 1677
1987 96
1987 513
1987 658
1988 1793
1989 101
1989 136
1989 272
1989 1163
1990 663
1991 564
1991 1029
1991 1048
1992 31
1992 75
1992 147
1992 1384
1992 1736
1993 5
1994 396
1995 328
1995 1648
1996 168
1996 260
1997 1416
1998 34
1998 447
2001 132
2001 724
2001 900
2002 1
2002 261
2003 229
2004 850
2004 1216
2005 1573
2006 488
2006 577
2007 148
2007 256
2007 512
2008 256
2008 532
2008 755
2008 1130
2008 1856
2009 51
2009 1028
2010 1471
2011 648
2011 1808
2013 10
2016 322
2016 1026
2016 1160
2017 561
2017 628
2017 1540
2018 555
2018 1577
2019 16
2019 300
2019 388
2019 1753
2020 515
2020 786
2020 1952
2021 896
2022 188
2022 524
2022 833
2024 144
2024 465
2024 644
2024 1173
2024 2010
2027 264
2028 512
2031 188
2032 98
2032 1171
2033 345
2034 157
2035 200
2035 418
2035 1219
2035 1648
2038 1536
2039 149
2040 170
2040 578
2045 276
