# Synthetic Kronecker Graph 
# Edges are directed 
0 0
0 1
0 4
0 8
0 9
0 16
0 32
0 48
0 75
0 84
0 86
0 204
1 10
1 31
1 54
1 107
1 128
1 129
1 162
1 172
1 186
1 249
2 4
2 57
2 77
2 124
2 148
2 163
2 166
2 202
2 204
3 59
3 163
3 180
4 20
4 22
4 33
4 36
4 122
5 0
5 42
5 68
5 234
6 8
6 18
6 20
6 37
6 57
7 14
7 23
8 28
8 48
8 73
8 128
8 160
8 195
8 231
8 232
8 240
9 14
9 37
9 73
9 182
9 198
10 3
10 6
10 8
10 16
10 24
10 97
11 33
11 134
11 205
12 16
12 19
12 34
12 72
12 88
12 135
12 203
13 7
13 132
14 16
14 70
14 161
14 195
14 232
16 1
16 6
16 33
16 54
16 109
16 128
16 134
16 208
17 66
17 68
17 80
17 109
17 137
18 6
18 14
18 16
18 37
18 49
18 105
18 225
19 0
19 18
19 80
19 97
19 124
19 177
20 2
20 6
20 168
20 176
20 208
20 210
21 33
21 34
21 74
22 60
22 71
23 2
23 41
24 34
24 48
24 88
24 188
24 206
25 196
26 62
26 160
26 164
27 140
27 148
27 168
28 49
28 130
28 167
28 236
29 32
29 60
30 72
30 134
30 192
31 168
31 202
32 0
32 14
32 18
32 64
32 69
32 72
32 89
32 133
32 209
33 0
33 1
33 9
33 56
33 144
33 176
34 9
34 64
34 66
34 73
34 80
34 92
34 122
34 160
35 4
35 9
35 68
35 108
35 120
35 134
35 155
35 196
36 2
36 4
36 36
36 123
36 170
36 203
36 213
37 17
37 84
38 1
38 16
38 65
38 72
38 87
38 133
38 192
39 18
39 35
39 48
39 59
39 185
40 22
40 56
40 71
40 113
40 124
40 128
40 145
40 148
40 166
41 1
41 62
41 103
42 23
42 66
42 87
42 136
42 148
42 161
42 185
42 192
43 1
43 168
44 31
44 135
45 0
45 52
45 99
45 141
45 142
45 160
46 10
47 8
48 5
48 9
48 23
48 52
48 69
48 103
48 129
48 164
48 195
49 224
50 0
50 1
50 16
50 130
50 132
50 162
51 24
51 80
51 82
52 40
52 42
52 130
53 4
53 10
53 57
53 66
53 129
53 226
54 192
55 2
55 84
56 4
56 24
56 133
56 139
56 196
57 2
57 22
57 128
57 176
58 13
58 35
58 148
60 16
60 82
60 96
60 173
60 195
61 62
62 21
62 49
62 130
62 170
64 4
64 28
64 36
64 40
64 45
64 53
64 81
64 128
64 193
64 224
65 0
65 1
65 3
65 5
65 16
65 32
65 36
65 128
65 167
65 173
66 0
66 33
66 42
66 49
66 96
66 120
66 138
66 176
67 11
67 72
67 73
67 104
67 136
67 168
67 170
67 194
68 9
68 80
68 148
69 0
69 66
69 209
70 16
71 0
72 26
72 28
72 86
72 148
72 218
72 224
73 1
73 10
73 16
73 36
73 73
73 85
73 100
73 146
73 149
74 73
74 134
74 136
74 144
75 148
76 4
76 24
76 163
77 86
78 40
78 68
78 165
78 192
79 79
80 53
80 78
80 130
80 138
80 164
81 27
81 60
81 116
81 149
82 36
82 128
83 211
84 17
84 56
84 77
84 113
84 210
85 0
85 194
85 233
86 69
86 103
86 153
86 216
87 227
88 4
88 12
88 20
88 32
88 72
89 0
89 23
90 50
90 98
90 99
91 160
92 128
92 170
93 36
93 44
93 52
93 96
93 140
96 5
96 8
96 48
96 162
97 4
97 5
97 48
98 2
98 4
98 8
98 16
98 48
98 82
98 84
98 173
98 184
99 7
99 10
99 15
99 64
100 0
100 8
102 26
102 240
103 1
104 39
104 53
104 67
104 202
104 228
105 0
105 11
105 36
105 101
105 128
106 104
107 17
108 4
108 10
108 62
108 66
108 78
108 116
108 168
109 184
110 16
110 40
110 252
112 194
113 130
113 132
113 134
114 18
114 65
115 10
115 11
115 87
116 51
116 94
117 101
118 147
119 133
120 116
120 164
120 181
121 196
121 202
122 28
122 70
123 36
128 0
128 17
128 208
128 213
129 6
129 42
129 196
129 200
130 24
130 40
130 69
131 44
132 7
132 17
132 20
132 29
132 65
133 18
133 65
133 82
133 90
134 1
134 49
134 57
134 72
134 96
134 225
134 248
135 50
135 201
136 1
136 21
136 80
137 42
138 108
139 44
139 73
140 4
140 178
141 3
141 5
141 14
141 105
141 172
142 129
142 132
143 2
143 176
144 33
144 120
145 11
145 52
145 128
145 132
145 136
145 152
146 0
146 27
146 194
147 0
147 72
148 32
148 70
148 148
148 203
150 96
150 193
152 11
152 18
152 26
152 44
152 48
152 97
152 109
152 205
153 8
153 92
154 35
154 129
155 67
155 101
156 41
156 172
156 200
157 121
158 224
159 37
160 9
160 14
160 37
160 93
160 128
160 129
160 130
161 72
161 132
163 8
163 14
163 32
163 33
163 192
164 45
164 88
164 100
166 81
167 1
167 49
167 128
168 18
168 129
168 212
169 21
169 97
169 239
170 32
170 128
170 133
172 35
172 88
173 194
174 193
175 69
175 192
176 4
176 26
176 52
176 66
176 195
177 96
177 131
178 43
179 0
180 92
180 112
181 99
182 0
182 124
182 214
184 134
185 46
186 50
187 32
189 76
189 200
189 226
190 112
190 232
192 0
192 26
192 32
192 34
192 39
192 64
192 77
192 136
192 159
192 161
192 197
193 9
193 22
193 56
193 66
193 128
193 133
193 162
193 212
194 16
194 28
194 34
194 47
194 105
194 236
195 24
195 146
197 20
197 40
197 72
197 132
197 161
197 168
197 202
198 8
198 78
198 208
198 234
199 140
199 144
199 224
200 34
201 64
201 88
201 98
201 122
201 136
202 65
203 5
204 0
204 2
204 129
205 8
205 192
206 16
206 106
206 118
206 135
206 166
206 192
208 76
208 165
209 9
209 158
210 14
210 64
211 12
211 81
211 232
212 0
212 17
212 18
212 47
212 78
212 197
213 116
216 171
218 128
218 129
219 33
219 70
220 248
221 13
222 44
223 0
224 128
224 172
225 41
225 80
225 121
226 4
226 209
227 149
227 161
228 4
228 76
228 228
229 138
229 213
230 2
230 133
231 30
231 49
232 8
232 9
232 146
232 152
233 1
233 46
233 64
234 23
234 32
234 137
235 160
236 17
236 137
238 65
238 212
239 21
241 6
241 86
242 97
244 144
245 88
245 96
246 87
246 104
248 96
250 216
252 166
