# Synthetic Kronecker Graph 
# Edges are directed 
0 5
0 8
0 16
0 24
0 32
1 0
1 12
1 40
2 0
2 17
2 21
3 16
3 28
3 32
4 19
4 20
4 44
4 51
5 0
5 5
5 12
5 13
5 32
6 4
6 7
6 9
6 16
6 22
6 23
6 29
6 30
6 41
7 5
8 11
8 16
9 34
10 9
10 26
11 14
12 54
13 3
13 13
13 17
13 24
14 6
14 26
15 40
16 5
16 9
16 11
16 18
17 1
17 8
17 35
17 38
17 48
18 17
19 6
20 0
20 40
20 56
21 12
21 25
21 48
22 4
22 32
24 7
24 16
24 32
25 10
26 9
26 18
26 58
27 34
31 0
31 33
32 0
32 3
32 10
32 20
32 34
32 50
33 1
33 11
34 8
34 24
34 35
34 58
35 18
35 20
36 29
36 60
37 16
37 17
37 18
38 8
38 15
39 5
39 52
40 1
40 2
40 8
40 10
40 25
40 39
41 16
41 41
41 50
43 4
44 6
44 33
45 42
45 58
48 1
48 4
48 6
48 28
48 34
48 44
48 57
48 60
49 24
50 4
50 8
50 20
50 35
50 41
50 59
52 4
52 32
52 36
53 1
54 6
54 8
54 34
56 3
56 4
56 15
59 32
62 8
62 35
