# Synthetic Kronecker Graph 
# Edges are directed 
0 1
0 2
0 9
0 11
0 16
0 22
0 24
0 33
0 36
0 50
1 0
1 13
1 17
1 20
1 25
1 35
1 51
1 56
2 28
2 30
2 33
2 35
4 13
4 19
4 52
4 53
5 24
5 35
5 59
6 2
8 1
8 20
8 52
8 55
10 4
10 24
10 25
11 1
11 34
12 32
14 30
15 11
16 4
16 23
17 1
17 9
17 18
17 19
18 2
18 4
18 5
18 16
18 35
18 56
20 0
20 7
20 8
21 1
21 16
21 27
21 32
22 0
23 1
24 17
24 38
24 40
24 61
25 15
25 17
25 22
25 24
25 34
25 42
26 8
26 22
27 12
27 16
27 34
28 0
29 32
31 3
32 16
32 32
33 6
33 18
34 47
34 57
35 40
35 60
36 0
36 9
36 16
37 18
37 33
38 4
38 8
38 13
38 16
38 35
40 2
40 4
40 22
41 3
41 8
41 16
41 20
42 16
42 29
42 54
46 6
46 32
48 1
48 5
48 29
48 32
48 36
49 0
49 26
51 3
51 8
52 29
54 9
54 30
54 38
57 1
58 32
59 19
60 14
61 26
63 32
63 35
