# Synthetic Kronecker Graph 
# Edges are directed 
0 21
0 25
0 34
0 42
0 48
0 67
0 68
0 72
0 74
0 128
0 129
0 139
0 156
0 163
0 165
0 192
0 221
0 224
1 0
1 19
1 35
1 46
1 67
1 83
1 114
1 134
1 178
2 0
2 6
2 16
2 19
2 24
2 64
2 83
2 113
2 167
2 196
3 2
3 3
3 4
3 5
3 6
3 9
3 10
3 20
3 37
3 43
3 80
3 216
4 24
4 33
4 47
4 52
4 58
4 72
4 77
5 9
5 122
5 129
5 144
5 197
6 0
6 24
6 56
6 79
6 92
6 104
6 197
7 9
7 18
7 60
7 78
7 88
7 96
7 97
7 128
7 132
7 212
7 240
8 16
8 20
8 26
8 55
8 64
8 72
8 112
8 132
8 170
8 192
8 224
9 50
9 64
9 72
9 184
10 0
10 1
10 16
10 41
10 44
10 48
10 84
10 178
10 216
11 4
11 10
11 32
11 36
11 52
11 119
11 142
12 90
12 105
12 114
12 133
12 135
12 160
12 177
12 237
13 0
13 12
13 32
13 41
13 94
13 160
14 2
14 72
14 75
14 113
14 239
15 7
15 9
15 66
15 69
15 74
16 3
16 15
16 40
16 66
16 144
16 159
16 160
16 204
16 225
17 8
17 144
17 228
17 240
18 42
18 59
19 41
19 99
19 113
19 135
20 5
20 16
20 114
20 138
20 145
20 170
20 189
21 32
21 41
21 96
22 17
22 96
22 130
22 193
23 145
23 162
24 1
24 20
24 98
24 132
24 207
25 132
25 147
26 3
26 157
26 176
26 178
27 15
27 133
27 148
28 12
28 16
28 224
29 32
30 166
31 19
31 96
32 16
32 24
32 69
32 84
32 161
32 199
32 218
33 9
33 20
33 42
33 55
33 104
33 160
33 194
33 203
34 0
34 66
35 72
36 0
36 3
36 4
36 11
36 17
36 32
36 34
36 60
36 65
36 71
36 89
36 129
37 3
37 39
37 55
37 160
38 0
38 3
38 66
38 82
38 154
39 32
39 142
40 1
40 54
40 132
40 145
40 166
40 193
41 27
41 64
41 92
42 4
43 16
43 29
43 193
43 208
44 11
45 1
45 25
45 128
46 205
47 2
47 23
48 0
48 7
48 10
48 104
48 189
48 203
49 16
49 66
49 69
49 160
49 198
50 37
50 38
51 12
51 40
52 40
52 160
53 0
53 12
53 38
53 58
53 131
54 49
55 27
56 0
56 145
56 163
56 201
57 151
58 1
58 5
58 45
58 80
59 12
59 26
59 174
60 48
60 140
61 32
61 65
61 122
62 17
62 89
62 138
63 154
64 4
64 10
64 17
64 44
64 52
64 97
65 10
65 17
65 20
65 34
65 120
65 133
65 138
66 18
66 58
66 64
66 129
66 133
66 204
67 0
67 35
67 71
67 128
67 167
68 0
68 16
68 25
68 54
68 65
68 68
68 128
68 136
68 192
68 196
69 14
69 131
70 0
70 74
71 0
72 29
72 39
72 42
72 165
73 70
73 212
73 244
74 4
74 8
74 13
74 30
74 32
74 38
74 40
74 91
74 145
74 196
75 53
75 88
75 112
75 192
76 56
76 224
76 232
77 58
77 73
77 144
77 211
78 4
78 14
78 42
78 58
79 8
80 6
80 24
80 28
80 52
80 158
80 168
80 211
81 4
81 58
81 66
81 77
81 100
81 136
81 137
82 1
82 38
82 141
83 4
83 60
83 61
83 177
83 202
84 32
84 33
84 38
84 41
85 2
85 131
85 145
86 34
86 85
86 132
86 194
87 16
88 0
88 1
88 128
89 8
89 68
89 131
89 139
89 164
90 136
90 156
91 72
91 130
92 0
92 11
92 137
94 1
96 2
96 41
96 72
96 80
96 136
96 160
96 161
96 180
96 247
97 144
98 57
98 192
99 17
99 164
99 224
100 43
100 65
100 88
100 200
101 128
101 130
101 146
101 192
102 131
102 238
103 26
103 144
104 18
104 47
104 144
104 161
104 210
105 9
105 20
105 104
105 113
106 39
106 72
106 98
107 60
107 83
107 234
108 0
108 33
109 164
109 176
109 194
110 20
110 183
112 26
112 89
114 8
114 223
115 32
115 48
116 32
116 66
117 48
118 6
118 168
118 203
119 17
119 62
119 169
120 5
120 132
120 160
121 149
122 18
123 146
124 65
124 74
126 19
126 136
127 28
128 2
128 4
128 7
128 8
128 53
128 82
128 83
128 115
128 144
128 232
129 17
129 51
129 66
129 71
129 164
130 33
130 104
130 194
131 21
131 44
131 50
131 70
132 4
132 6
132 82
132 128
132 144
132 192
132 196
132 198
133 21
133 32
133 130
133 196
134 16
134 22
134 36
134 72
134 80
134 192
135 24
136 14
136 28
136 45
136 73
136 82
136 112
136 176
136 180
137 67
137 112
137 135
137 194
138 21
138 128
138 160
138 192
139 160
140 17
140 129
140 135
140 209
140 212
141 2
141 242
142 89
142 105
142 162
144 92
144 147
145 16
145 27
145 48
145 88
145 194
146 182
146 186
147 28
147 33
147 224
148 2
148 64
148 73
148 108
148 153
149 52
150 4
150 65
150 75
150 128
151 33
151 150
152 48
152 197
152 209
153 1
155 128
157 40
157 52
157 82
158 8
158 12
160 9
160 73
160 88
160 128
160 153
160 193
160 198
161 20
161 33
161 130
162 163
163 74
163 235
164 16
164 136
164 184
165 8
165 147
166 68
166 131
168 56
168 64
169 22
169 67
169 192
169 236
170 2
170 23
170 163
170 192
171 16
171 37
172 8
172 136
174 80
174 161
175 7
175 84
175 208
176 76
177 26
178 0
178 5
178 12
178 32
178 144
179 1
179 14
180 19
180 108
180 176
181 161
183 33
183 180
183 226
184 18
184 101
184 147
184 188
185 6
185 32
185 160
185 252
188 8
192 0
192 1
192 2
192 3
192 29
192 154
192 162
192 204
193 67
193 160
194 50
194 67
194 130
194 132
194 152
194 194
194 195
195 6
195 16
195 243
196 32
196 56
196 128
196 210
197 11
197 13
197 18
197 42
197 101
198 128
198 228
199 16
200 0
200 34
200 145
200 178
201 65
202 128
202 177
203 4
203 37
203 69
204 80
205 78
206 1
206 2
206 35
206 68
206 244
208 2
208 36
208 56
208 78
208 195
209 8
209 130
209 136
209 224
210 48
210 56
210 67
210 78
210 186
210 206
212 3
212 64
212 72
212 161
214 3
214 58
215 13
216 6
216 33
216 112
216 172
217 7
218 48
218 147
218 229
219 4
219 208
220 33
220 51
221 1
221 36
221 99
222 38
222 137
224 0
224 51
225 18
226 5
226 128
226 194
228 9
228 96
228 128
228 240
229 1
231 32
232 65
233 54
233 133
235 71
235 138
235 151
236 121
239 128
240 4
240 129
240 200
240 242
241 35
242 84
243 70
243 139
244 36
244 68
245 20
248 171
249 88
249 208
250 96
250 129
250 144
251 21
