# Synthetic Kronecker Graph 
# Edges are directed 
0 2
0 3
0 5
0 7
0 8
0 30
0 39
0 40
1 0
1 9
1 11
1 16
1 32
2 0
2 1
2 21
2 48
3 9
3 23
3 47
4 0
4 12
4 43
5 15
5 16
5 18
5 24
5 49
5 53
6 9
6 18
6 20
7 0
8 0
8 1
8 4
8 8
8 25
9 23
9 27
9 38
9 39
9 40
10 1
10 2
11 25
11 44
11 52
12 0
12 32
15 0
15 14
15 36
16 16
16 19
16 40
16 60
18 0
19 1
19 6
20 5
20 12
20 34
20 54
21 8
21 16
21 45
21 53
22 0
22 35
23 48
24 5
25 42
25 52
26 0
26 7
26 25
27 4
27 42
28 12
28 24
31 6
31 9
31 38
32 47
33 0
33 16
33 31
33 40
34 8
34 10
34 26
35 9
35 16
35 57
36 25
36 40
37 32
38 34
38 51
39 11
40 0
40 4
40 32
41 2
41 34
44 48
44 49
45 8
45 24
45 33
45 44
48 8
48 19
48 48
49 7
50 0
50 8
50 32
52 19
52 23
52 44
52 46
52 48
52 52
53 0
53 4
53 28
54 9
55 19
56 0
56 9
56 10
56 39
57 4
57 8
59 43
60 18
60 32
62 3
