# Synthetic Kronecker Graph 
# Edges are directed 
0 0
0 3
0 6
0 30
0 32
0 34
0 45
0 57
0 58
1 0
1 13
1 24
1 35
2 6
2 26
2 32
2 33
2 40
2 42
3 6
3 10
3 12
3 42
4 6
4 8
4 20
4 41
4 58
5 5
5 10
5 14
5 34
5 40
5 48
6 0
6 8
6 38
7 32
8 3
8 8
8 34
8 36
9 49
10 2
10 5
10 18
10 35
11 24
11 36
12 2
12 4
12 32
12 60
12 62
13 31
13 37
15 6
15 25
16 8
16 16
16 17
16 39
17 3
17 22
17 62
18 8
18 52
19 9
19 32
19 56
20 1
20 4
20 15
20 33
20 46
22 0
22 2
22 42
24 6
24 48
24 60
25 1
27 8
29 4
29 17
29 49
31 6
32 24
33 12
33 56
34 1
34 5
34 16
34 48
35 0
35 5
36 13
36 25
36 48
38 0
38 3
39 12
40 6
40 29
41 16
42 36
42 57
44 4
44 52
45 19
45 32
47 12
48 32
48 46
48 50
49 25
49 44
49 54
50 12
50 55
51 40
52 32
52 36
53 24
53 36
55 11
56 1
56 34
56 36
56 60
57 0
57 9
58 0
58 24
59 3
59 37
60 18
60 19
61 32
61 48
62 2
62 36
63 17
