# Synthetic Kronecker Graph 
# Edges are directed 
0 0
0 4
0 26
0 65
0 68
0 69
0 81
0 96
0 97
0 128
0 129
0 143
0 167
0 204
0 230
0 304
0 328
0 404
0 450
0 457
0 476
0 482
0 567
0 580
0 600
0 663
0 769
0 786
0 817
0 824
0 924
1 12
1 16
1 41
1 104
1 107
1 256
1 301
1 516
1 556
1 608
1 713
1 736
1 784
1 832
2 1
2 5
2 10
2 16
2 82
2 149
2 257
2 292
2 390
2 392
2 397
2 398
2 408
2 464
2 537
2 544
2 547
2 592
2 668
2 681
2 768
2 779
3 0
3 16
3 20
3 128
3 184
3 224
3 556
3 572
3 665
3 728
3 996
4 16
4 35
4 64
4 128
4 262
4 320
4 328
4 357
4 374
4 481
4 516
4 533
4 584
4 618
4 642
4 649
4 772
4 778
4 785
4 848
4 865
4 866
5 6
5 17
5 24
5 51
5 96
5 160
5 165
5 322
5 330
5 344
5 416
5 431
5 483
5 506
5 520
5 578
5 614
5 646
5 840
5 961
5 980
6 16
6 25
6 33
6 53
6 73
6 82
6 106
6 256
6 288
6 308
6 385
6 386
6 391
6 519
7 16
7 20
7 41
7 516
7 678
7 758
7 849
8 6
8 9
8 42
8 112
8 211
8 256
8 267
8 320
8 324
8 325
8 342
8 372
8 456
8 516
8 581
8 721
8 769
8 969
9 13
9 142
9 510
9 514
9 580
9 641
9 657
9 817
9 969
10 1
10 34
10 64
10 236
10 283
10 403
10 409
10 410
10 680
10 778
10 817
10 892
11 32
11 168
11 390
11 421
11 459
11 730
12 1
12 32
12 50
12 74
12 121
12 133
12 204
12 288
12 353
12 513
12 625
12 645
12 786
12 997
13 14
13 48
13 56
13 128
13 199
13 223
13 266
13 298
13 408
13 546
14 9
14 40
14 272
14 286
14 291
14 294
14 320
14 448
14 691
14 769
14 837
14 969
15 20
15 27
15 78
15 179
15 288
15 377
15 448
15 541
16 8
16 22
16 66
16 99
16 132
16 139
16 262
16 263
16 304
16 392
16 420
16 526
16 536
16 563
16 643
16 680
16 705
16 821
16 946
17 3
17 32
17 256
17 404
17 945
18 10
18 17
18 68
18 89
18 212
18 262
18 457
18 568
18 651
18 872
19 11
19 43
19 76
19 143
19 168
19 415
19 514
19 676
20 7
20 42
20 132
20 138
20 163
20 239
20 268
20 336
20 361
20 402
20 657
20 810
20 832
20 993
21 2
21 101
21 201
21 386
21 513
21 532
21 902
21 922
22 28
22 130
22 132
22 137
22 185
22 258
22 288
22 304
22 418
22 681
22 705
22 925
23 16
23 128
23 193
23 201
23 258
23 604
23 673
24 12
24 36
24 132
24 164
24 295
24 410
24 416
24 610
24 888
25 1
25 324
25 386
25 432
25 550
25 786
25 964
26 46
26 56
26 100
26 204
26 236
26 288
26 498
26 932
27 128
27 432
28 18
28 129
28 256
28 387
28 843
28 935
29 34
29 457
30 49
30 118
30 132
30 192
30 204
30 256
30 481
30 608
30 723
31 70
31 514
32 0
32 2
32 8
32 9
32 11
32 22
32 52
32 208
32 210
32 259
32 278
32 408
32 529
32 595
32 600
32 872
33 0
33 25
33 33
33 258
33 328
33 352
33 388
33 419
33 466
34 0
34 1
34 13
34 68
34 430
34 584
34 588
34 608
34 644
34 922
35 0
35 125
35 140
35 304
35 316
35 528
35 791
36 8
36 32
36 60
36 68
36 198
36 260
36 264
36 419
36 448
36 628
36 868
36 897
37 5
37 73
37 220
37 673
37 808
37 962
38 80
38 116
38 200
38 261
38 266
38 296
38 407
38 478
38 584
38 636
38 785
39 68
39 422
39 534
39 737
40 23
40 52
40 93
40 144
40 160
40 274
40 401
40 514
40 545
40 576
40 604
40 769
41 5
41 22
41 70
41 80
41 91
41 96
41 115
41 416
41 578
41 778
42 288
42 328
42 516
42 600
42 726
42 820
43 174
43 298
44 0
44 25
44 66
44 212
44 266
44 550
44 596
45 29
45 552
45 833
47 544
48 2
48 17
48 114
48 148
48 288
48 442
48 682
48 750
48 1008
49 86
49 231
49 296
49 456
49 856
49 896
50 58
50 123
50 160
50 205
50 292
50 384
50 861
51 9
51 13
51 64
51 66
51 450
51 456
51 581
51 648
52 1
52 3
52 40
52 75
52 134
52 261
52 276
52 576
52 577
52 611
52 616
52 629
53 1
53 24
53 351
53 961
54 10
54 103
54 233
54 641
55 386
55 440
56 69
56 106
56 512
56 557
56 754
56 875
57 2
57 42
57 64
57 162
57 260
57 261
57 416
57 520
57 773
57 917
58 7
58 353
58 533
59 33
59 74
59 260
59 858
60 0
60 17
61 896
62 40
62 532
63 130
63 368
64 2
64 9
64 51
64 74
64 99
64 117
64 309
64 325
64 537
64 547
64 549
64 589
64 609
65 48
65 113
65 147
65 273
65 321
65 436
65 644
65 668
65 778
65 781
65 876
66 0
66 8
66 65
66 137
66 203
66 259
66 530
66 710
66 776
66 778
66 852
66 897
67 16
67 24
67 128
67 171
67 172
67 258
67 444
67 520
67 544
67 585
67 874
68 28
68 36
68 56
68 137
68 166
68 484
68 536
68 802
68 803
69 9
69 25
69 64
69 146
69 224
69 260
69 282
69 432
69 600
69 608
69 672
69 689
69 750
69 851
70 177
70 281
70 331
70 917
71 174
71 294
71 417
71 484
72 18
72 321
72 332
72 520
72 546
72 714
72 744
72 768
72 775
72 792
73 4
73 20
73 36
73 67
73 132
73 168
73 338
73 408
73 412
73 424
73 561
73 746
73 994
74 8
74 45
74 48
74 53
74 167
74 260
74 353
74 454
74 565
75 144
75 154
75 301
75 355
76 1
76 3
76 168
76 217
76 221
76 272
76 360
76 448
76 512
76 770
77 40
77 125
77 524
77 777
77 909
78 32
78 72
78 197
78 520
78 730
79 21
79 88
79 519
79 620
79 629
80 17
80 68
80 212
80 248
80 288
80 368
80 407
80 437
80 524
80 561
80 684
80 705
80 854
80 933
81 74
81 133
81 136
81 158
81 405
81 474
81 536
81 584
81 768
81 800
82 37
82 48
82 160
82 256
82 305
82 600
83 198
83 592
84 3
84 33
84 89
84 139
84 258
84 304
84 546
84 611
84 617
84 720
85 321
86 81
86 225
86 345
86 676
87 57
87 132
87 138
87 578
88 55
88 167
88 177
88 257
88 473
88 502
88 530
88 560
89 38
89 76
89 160
89 168
89 196
89 544
89 800
90 36
90 477
90 492
90 778
90 832
91 518
92 126
92 212
92 270
92 328
92 386
92 472
93 0
93 388
93 467
93 757
93 952
94 0
94 164
94 676
95 34
96 1
96 6
96 206
96 280
96 295
96 851
97 133
97 513
97 569
97 592
97 904
98 3
98 84
98 174
98 291
98 452
98 648
98 820
99 6
99 110
99 193
99 405
100 1
100 10
100 68
100 69
100 81
100 172
100 390
101 43
101 66
101 114
101 361
101 568
102 2
102 36
102 42
102 153
102 521
102 769
103 88
103 168
103 517
103 536
103 772
103 881
104 76
104 149
104 354
104 488
105 145
105 211
105 432
105 544
105 768
105 785
105 924
106 32
106 97
106 776
107 9
107 322
107 797
107 857
108 113
108 256
109 146
109 172
109 800
110 145
110 392
110 605
110 914
111 456
112 272
112 284
112 297
112 304
112 319
112 344
112 800
112 808
112 1001
113 22
113 44
113 60
113 279
113 482
113 512
113 518
113 773
114 2
114 17
114 320
114 356
114 619
114 646
114 704
115 151
115 168
116 724
117 0
117 272
117 368
118 30
118 103
120 67
120 70
120 230
120 275
121 96
121 434
121 523
122 144
122 369
122 642
122 708
123 909
123 946
124 83
124 262
125 516
125 526
125 651
126 128
127 800
128 6
128 8
128 35
128 45
128 62
128 64
128 68
128 264
128 327
128 513
128 640
128 660
128 754
128 772
128 791
128 928
129 13
129 32
129 46
129 89
129 112
129 121
129 138
129 336
129 360
129 448
129 520
129 584
129 673
129 905
130 36
130 49
130 106
130 132
130 162
130 268
130 656
130 913
131 38
131 148
131 192
131 260
131 563
131 608
131 644
131 704
132 79
132 112
132 260
132 261
132 300
132 393
132 516
132 522
132 540
132 548
132 550
132 577
133 0
133 3
133 36
133 94
133 136
133 169
133 452
133 710
134 16
134 229
134 258
134 259
135 140
135 352
135 420
136 11
136 72
136 196
136 274
136 464
136 497
136 544
136 599
136 643
137 66
137 90
137 168
137 226
137 578
137 827
138 23
138 104
138 120
138 284
138 448
138 724
138 936
139 64
139 197
139 548
139 777
140 259
140 264
140 278
140 288
140 445
140 678
141 32
141 178
141 199
141 278
141 306
141 517
142 641
142 992
143 55
143 256
143 527
143 626
144 2
144 34
144 36
144 256
144 320
144 352
144 459
144 497
144 588
144 835
145 8
145 17
145 54
145 146
145 344
145 348
145 376
145 436
145 455
145 559
145 747
145 773
145 962
146 6
146 20
146 124
146 339
146 800
146 985
147 56
147 432
147 549
147 836
148 82
148 180
148 403
148 504
148 613
148 673
148 704
148 777
148 864
149 632
149 779
150 292
150 352
150 607
150 640
150 896
151 116
151 134
151 268
151 337
152 46
152 88
152 320
152 384
152 663
152 768
152 812
153 0
153 2
153 78
153 194
153 274
153 339
153 418
153 454
154 4
154 228
154 484
154 619
154 638
155 64
155 196
155 338
156 48
156 50
156 132
156 528
156 585
156 785
156 830
157 32
157 43
157 197
157 278
157 640
157 870
158 131
158 166
158 294
159 19
159 132
159 273
160 0
160 50
160 51
160 131
160 144
160 153
160 175
160 193
160 257
160 300
160 467
160 517
160 714
160 723
160 853
160 857
161 388
161 522
161 523
161 537
161 552
161 727
161 817
162 10
162 84
162 94
162 337
162 363
162 406
162 640
162 792
162 844
163 1
163 6
163 276
163 465
163 512
164 14
164 16
164 183
164 513
164 554
164 578
164 888
165 160
165 535
165 707
165 816
166 23
166 216
166 226
166 680
166 682
166 772
166 817
167 432
167 800
167 891
168 24
168 61
168 83
168 88
168 108
168 130
168 298
168 469
168 514
168 548
168 641
168 672
168 873
169 587
170 91
170 521
170 744
171 792
172 14
172 309
172 582
172 775
173 0
173 396
173 728
175 130
175 496
175 690
176 20
176 325
176 330
176 525
176 768
176 781
177 423
177 433
177 612
178 89
178 332
178 588
178 664
179 74
179 116
179 273
179 658
180 9
180 91
180 264
180 267
180 280
180 321
180 503
180 641
180 707
181 125
181 208
181 324
181 911
182 80
182 483
182 574
182 577
182 805
183 537
183 593
184 48
184 259
184 353
184 380
184 592
185 262
185 336
185 530
185 775
186 82
186 388
187 27
187 514
187 786
188 3
188 10
188 97
188 174
188 196
188 301
189 281
189 561
191 266
191 576
192 4
192 19
192 23
192 66
192 101
192 161
192 175
192 241
192 272
192 352
192 420
192 452
192 520
192 558
192 780
192 838
192 900
192 908
193 1
193 10
193 144
193 290
193 324
193 412
193 458
193 561
193 848
194 0
194 80
194 147
194 260
194 417
194 902
194 976
195 1
195 163
195 169
195 372
195 386
195 518
195 802
196 50
196 145
196 268
196 586
196 656
196 729
197 36
197 256
197 513
197 516
197 550
198 16
198 39
198 65
198 180
198 291
199 0
199 25
200 66
200 602
200 816
201 392
201 560
201 580
201 1016
202 100
202 262
202 720
202 782
202 844
203 68
203 354
204 34
204 147
204 154
204 332
204 336
204 576
205 267
205 516
205 770
206 136
206 153
206 844
207 513
208 1
208 9
208 78
208 94
208 128
208 267
208 527
208 530
208 533
208 534
208 564
208 659
208 669
208 737
209 16
209 42
209 140
209 364
209 448
210 4
210 98
210 327
210 513
210 521
210 768
211 103
211 126
211 128
211 234
211 516
211 648
212 0
212 34
212 74
212 164
212 201
212 256
212 297
212 512
212 581
212 583
212 666
213 8
213 131
213 137
213 304
214 235
214 668
214 839
215 148
215 175
216 45
216 100
216 160
216 299
216 528
216 642
216 756
217 160
217 305
217 516
218 160
218 325
218 512
218 537
219 5
219 112
219 140
219 257
219 948
220 528
220 554
220 644
220 788
222 261
222 656
222 657
223 20
223 166
224 49
224 160
224 196
224 260
224 513
224 622
224 645
224 674
224 945
225 133
225 135
225 160
225 280
225 720
225 900
226 260
226 337
226 517
226 842
227 288
227 434
227 573
227 665
228 0
228 8
228 168
228 768
228 817
229 48
229 148
230 80
230 265
230 615
230 665
231 544
231 570
232 24
232 129
232 137
232 544
233 0
233 1
233 4
233 288
233 314
233 585
234 11
234 617
234 805
235 12
235 21
235 37
236 3
236 256
236 284
236 832
237 261
240 7
240 199
240 289
240 528
241 0
241 290
242 292
242 418
242 901
243 18
243 248
243 392
244 772
244 785
244 840
245 522
246 345
247 532
247 703
248 273
248 298
249 144
250 424
250 672
251 288
252 36
252 100
252 201
252 522
252 536
252 608
252 794
254 16
254 19
254 776
255 259
256 5
256 13
256 28
256 64
256 73
256 83
256 104
256 136
256 193
256 210
256 258
256 264
256 283
256 312
256 328
256 344
256 385
256 388
256 470
256 528
256 746
256 916
257 0
257 16
257 84
257 100
257 157
257 160
257 227
257 323
257 514
257 552
257 660
257 866
258 29
258 40
258 56
258 98
258 169
258 194
258 217
258 320
258 380
258 404
258 512
258 538
258 601
259 4
259 28
259 65
259 159
259 272
259 280
259 336
259 421
259 480
259 481
259 810
260 64
260 66
260 69
260 128
260 140
260 388
260 393
260 394
260 596
260 678
260 930
261 80
261 86
261 521
261 528
261 793
262 3
262 40
262 72
262 77
262 80
262 138
262 256
262 305
262 916
263 106
263 448
264 1
264 4
264 16
264 40
264 140
264 210
264 299
264 432
264 544
264 980
265 67
265 71
265 105
265 190
265 213
265 416
265 772
266 1
266 6
266 261
266 385
266 595
267 17
267 106
267 128
267 336
267 540
267 640
267 786
268 0
268 27
268 52
268 58
268 322
268 500
268 517
269 40
269 64
269 76
269 130
269 872
270 112
270 116
270 178
270 263
270 704
270 720
271 574
272 0
272 25
272 68
272 141
272 224
272 248
272 258
272 545
272 568
272 617
272 751
272 810
273 188
273 257
273 530
273 626
273 668
274 24
274 29
274 86
274 166
274 258
274 405
274 642
275 66
275 96
275 132
275 133
275 593
276 8
276 9
276 73
276 207
276 266
276 409
276 532
276 645
277 0
277 97
277 142
277 276
278 424
278 663
278 674
279 4
279 528
280 293
280 401
280 512
280 524
280 773
280 820
280 960
281 34
281 266
281 337
281 401
281 452
281 586
281 659
281 704
281 995
282 2
282 57
282 402
282 552
282 849
283 615
283 837
284 0
284 21
284 40
284 112
284 274
284 326
284 465
284 481
285 225
285 512
285 546
285 672
286 156
287 175
287 720
288 4
288 130
288 290
288 354
288 368
288 426
288 483
288 524
288 535
288 744
288 848
289 36
289 150
289 212
289 368
289 428
289 513
289 548
289 664
290 21
290 29
290 30
290 84
290 134
290 400
290 608
290 937
291 260
291 533
291 656
292 20
292 26
292 128
292 222
292 281
292 513
292 604
293 97
293 512
293 702
294 226
294 289
294 360
294 660
294 662
295 16
296 1
296 43
296 117
296 128
296 447
296 521
296 832
297 41
297 137
297 177
297 325
297 338
297 360
298 560
298 581
298 721
298 980
299 76
299 590
300 0
300 24
300 32
300 45
300 130
300 578
300 608
301 4
302 22
302 515
302 814
303 240
303 370
303 528
304 32
304 37
304 60
304 75
304 107
304 257
304 488
304 572
304 776
304 778
304 899
305 141
305 195
305 388
305 658
305 896
306 14
306 20
306 56
306 85
306 166
306 646
307 256
308 432
308 608
309 1
309 4
309 311
309 582
309 701
310 163
310 265
310 855
311 445
312 96
312 139
312 201
312 393
312 636
312 898
313 213
313 529
314 66
314 132
314 526
314 533
314 580
316 197
316 592
316 604
318 294
319 516
320 9
320 16
320 67
320 70
320 76
320 98
320 208
320 262
320 342
320 384
320 554
320 562
320 689
320 706
320 786
320 849
321 0
321 40
321 66
322 100
322 116
322 256
322 396
322 602
323 21
323 146
323 272
324 4
324 50
324 128
324 201
324 331
324 354
324 368
324 372
324 387
325 646
325 666
325 791
326 256
326 512
326 645
327 158
327 353
327 387
327 492
328 17
328 130
328 138
328 272
328 321
328 355
328 399
328 473
328 782
328 907
329 112
329 273
329 524
329 557
329 594
329 626
329 674
330 66
330 388
330 552
331 217
331 290
331 520
332 264
332 293
332 311
332 322
332 386
332 481
332 640
332 790
333 114
333 565
334 704
335 64
335 512
336 347
336 836
337 2
337 7
337 102
337 160
337 353
337 576
338 7
338 170
338 527
338 537
338 546
338 596
339 292
340 256
340 896
341 10
341 34
341 80
341 288
341 299
341 676
341 774
342 66
342 168
342 388
342 440
342 551
342 648
343 36
343 86
343 136
343 339
344 129
344 257
344 385
345 12
345 160
346 0
346 102
346 869
347 337
347 596
347 897
348 33
348 44
348 72
348 176
348 226
348 340
348 529
348 768
349 752
349 939
351 556
352 132
352 207
352 261
352 628
352 852
353 17
353 34
353 138
353 205
353 547
354 49
354 512
354 540
354 597
355 128
355 569
355 704
356 4
356 58
356 148
356 391
356 423
356 642
357 15
357 20
357 228
358 32
358 346
359 149
359 818
360 8
360 64
360 356
360 536
360 773
360 958
361 419
362 138
362 271
362 705
363 776
364 146
364 290
364 577
364 714
364 736
364 875
365 2
365 60
365 642
366 176
366 522
367 289
368 3
368 41
368 44
368 64
368 138
368 284
368 438
368 555
369 10
369 524
370 65
370 67
370 391
370 648
371 252
371 388
372 577
372 585
373 96
373 437
373 529
373 680
373 776
374 3
374 9
376 328
376 597
377 3
377 64
377 113
377 848
377 868
380 16
380 32
380 672
381 67
381 913
382 258
382 298
382 379
383 1
383 648
384 32
384 43
384 52
384 64
384 273
384 297
384 335
384 520
384 547
384 576
384 740
384 932
385 6
385 18
385 22
385 90
385 178
385 221
385 288
385 296
386 6
386 8
386 65
386 155
386 161
386 280
386 284
387 32
387 96
387 98
387 130
387 382
387 754
388 4
388 66
388 137
388 210
388 418
388 642
388 727
389 92
389 96
389 228
389 324
389 400
389 560
389 583
389 774
389 810
390 3
390 25
390 77
390 516
390 771
391 113
391 454
392 6
392 20
392 103
392 145
392 438
392 524
392 561
392 617
392 676
393 26
393 91
393 97
393 112
393 227
393 257
394 83
394 125
394 619
394 642
394 777
394 914
394 972
395 128
395 642
396 70
396 348
396 833
397 360
398 0
398 64
398 138
398 272
398 525
398 714
399 112
399 592
400 4
400 49
400 137
400 164
400 212
400 216
400 246
400 516
400 594
400 653
401 1
401 25
401 32
401 210
401 264
401 418
402 12
402 13
402 331
403 88
403 513
404 28
404 225
404 297
404 540
405 257
405 275
405 528
405 672
406 322
406 657
407 514
408 140
408 496
409 1
409 64
409 124
409 272
409 290
409 514
409 668
410 0
410 75
410 514
410 657
411 16
411 703
412 584
412 768
413 2
413 152
413 196
414 299
415 17
416 4
416 80
416 96
416 129
416 142
416 264
416 348
416 352
416 396
416 579
416 596
417 384
417 388
418 77
419 116
419 274
419 635
419 737
419 776
419 833
420 23
420 716
421 86
421 708
421 770
421 832
422 8
422 328
422 674
423 716
424 228
424 246
424 520
424 672
424 690
424 768
425 3
425 45
425 138
425 194
426 729
427 1
427 132
427 320
428 27
428 38
429 164
430 742
432 147
432 722
433 24
433 278
433 394
433 522
434 0
434 289
434 324
434 885
434 967
435 148
436 42
436 320
436 796
437 68
437 167
437 524
437 576
438 198
438 268
438 270
440 584
441 65
441 469
442 284
442 290
444 32
444 404
445 2
446 64
446 104
446 628
447 138
448 0
448 25
448 226
448 256
448 336
448 348
448 436
448 592
448 628
448 893
448 946
449 596
449 996
450 263
450 485
450 640
450 661
450 689
451 37
451 83
451 514
452 2
452 106
452 258
452 275
452 384
452 919
453 102
453 153
453 184
453 377
453 555
453 692
453 776
454 434
454 576
454 895
455 64
455 154
456 348
457 54
457 134
458 17
458 120
458 260
458 289
459 68
459 371
459 782
460 1
460 268
460 696
460 774
461 406
462 8
462 40
462 962
462 965
464 66
464 125
464 139
464 593
465 600
465 896
466 24
466 72
466 120
466 137
466 297
466 298
466 593
467 96
467 112
468 117
468 835
469 145
469 259
469 770
470 166
473 529
473 561
473 793
474 773
475 283
476 41
476 518
478 1
478 44
480 130
480 576
480 744
481 75
481 368
481 1009
482 320
482 360
483 2
483 73
484 22
484 512
485 75
485 128
485 540
486 260
486 736
487 36
487 110
487 859
488 161
488 588
488 642
488 744
488 952
489 160
489 215
489 256
489 258
490 6
490 112
490 634
491 19
492 400
492 866
493 3
493 792
494 784
496 5
496 15
496 28
496 584
496 969
497 576
498 16
498 556
499 836
500 0
500 174
500 512
501 97
501 193
502 256
504 116
506 96
506 160
506 772
507 197
507 201
509 99
509 193
509 804
510 80
511 259
511 905
512 0
512 25
512 72
512 74
512 79
512 170
512 197
512 323
512 529
512 542
512 584
512 590
512 606
512 610
512 617
512 640
512 644
512 777
512 792
512 890
513 1
513 75
513 91
513 128
513 194
513 210
513 216
513 268
513 544
514 4
514 36
514 52
514 152
514 160
514 224
514 290
514 423
514 851
515 71
515 73
515 136
515 153
515 277
515 640
515 768
516 7
516 25
516 40
516 67
516 234
516 257
516 300
516 313
516 328
516 339
516 390
516 466
516 474
516 528
516 832
517 4
517 8
517 96
517 136
517 138
517 196
517 340
517 466
517 516
517 912
518 9
518 24
518 29
518 209
518 224
518 261
518 276
518 328
518 329
518 544
518 599
518 648
519 8
519 354
520 39
520 52
520 84
520 258
520 261
520 628
520 730
520 816
521 116
521 138
521 170
521 267
521 583
521 735
521 853
521 942
522 82
522 128
522 228
522 395
522 523
522 656
523 76
523 88
523 584
523 805
524 79
524 152
524 163
524 612
524 688
524 748
525 26
525 99
525 130
525 277
526 75
526 133
526 260
526 288
526 354
526 430
526 448
526 530
526 682
527 96
527 99
527 835
528 3
528 5
528 6
528 240
528 280
528 305
528 325
528 338
528 420
528 432
528 777
528 845
529 40
529 66
529 292
529 392
529 564
529 580
529 650
530 34
530 38
530 465
530 642
530 942
531 270
531 329
531 457
531 528
531 569
531 921
532 94
532 146
532 256
532 696
532 710
532 939
533 25
533 81
533 393
533 473
533 792
533 970
534 274
534 720
534 875
535 96
535 130
536 10
536 26
536 49
536 130
536 453
536 581
536 800
537 1
537 6
537 36
537 457
538 24
538 208
538 768
539 258
539 770
540 2
540 526
540 785
541 21
541 444
541 642
542 144
543 20
543 38
543 124
543 136
543 156
543 168
544 9
544 20
544 40
544 82
544 100
544 196
544 198
544 258
544 296
544 483
544 524
544 525
544 544
544 546
544 804
544 1018
545 10
545 53
545 124
545 149
545 216
545 260
545 309
545 667
545 674
546 50
546 205
546 269
546 302
546 386
546 422
546 676
546 804
546 860
547 26
547 96
547 386
547 586
547 706
548 9
548 17
548 36
548 48
548 152
548 185
548 192
548 384
548 600
548 785
548 851
549 8
549 45
549 187
549 359
550 331
550 532
550 721
551 88
551 156
551 328
552 34
552 114
552 220
552 349
552 469
552 514
552 672
552 934
553 45
553 68
553 632
554 0
554 64
554 65
554 272
554 437
554 514
555 14
555 134
555 484
555 676
555 804
555 971
556 6
556 764
557 106
558 0
558 44
558 146
559 69
560 329
560 344
560 424
560 450
560 516
560 673
560 963
560 978
561 104
561 608
561 647
561 706
561 898
562 40
562 74
562 99
562 313
562 405
562 463
562 694
563 112
563 485
564 2
564 47
564 128
564 428
564 512
564 642
565 19
565 448
565 564
565 578
565 770
566 8
566 163
566 344
567 385
567 545
568 65
568 88
568 128
568 279
568 327
568 404
568 535
568 602
568 977
569 6
569 37
569 263
569 392
569 646
569 833
570 545
570 613
571 288
571 434
571 448
571 554
571 614
572 1
572 42
572 259
572 305
572 593
573 353
573 479
573 874
574 48
574 333
574 768
575 960
576 0
576 18
576 20
576 33
576 84
576 113
576 261
576 456
576 546
576 548
576 572
576 584
577 12
577 42
577 181
577 209
577 272
577 583
578 23
578 35
578 846
578 848
579 49
579 268
579 340
579 801
580 482
580 513
580 528
580 1018
581 140
581 226
581 806
582 1
582 148
582 204
582 224
582 493
583 153
583 296
583 932
584 4
584 7
584 24
584 370
584 716
584 726
584 819
585 166
585 259
585 268
585 464
585 481
585 530
586 13
586 37
586 192
586 776
587 160
587 164
587 225
588 144
588 307
588 393
588 836
588 942
589 112
590 65
590 508
590 650
591 154
591 516
591 588
592 131
592 161
592 387
592 520
592 968
593 72
593 321
593 413
593 640
593 664
594 64
594 267
594 451
594 662
594 985
595 242
595 310
595 561
595 707
596 21
596 625
597 3
597 43
597 51
597 179
597 448
597 685
598 215
598 354
598 419
598 584
598 707
598 1008
599 131
599 299
599 513
599 660
600 130
600 178
601 41
601 648
602 136
602 150
603 657
604 648
604 802
605 3
605 624
606 516
606 641
606 665
606 918
608 67
608 120
608 202
608 209
608 242
608 738
608 780
609 401
609 466
610 0
610 9
610 15
610 34
610 36
610 38
610 182
610 276
610 467
610 517
610 621
611 30
611 512
612 11
612 106
612 133
612 202
612 286
613 0
613 8
613 24
613 84
614 132
614 161
614 335
614 707
614 801
615 288
615 365
615 793
616 72
617 17
617 274
618 14
618 16
618 128
618 532
618 1000
619 24
620 245
620 545
621 32
621 38
622 130
622 256
622 950
624 1
624 11
624 72
624 386
624 736
625 2
625 140
625 148
625 200
625 267
625 564
625 768
625 796
625 899
626 68
627 282
627 916
628 293
628 320
629 44
629 64
629 520
630 20
630 40
630 176
631 345
631 680
632 550
634 256
635 89
636 8
636 578
638 4
638 212
639 5
640 66
640 96
640 166
640 256
640 262
640 272
640 550
640 770
640 896
640 960
641 12
641 40
641 139
641 216
641 334
641 385
641 512
641 513
641 546
641 652
641 780
641 888
642 96
642 144
642 167
642 268
642 289
642 322
642 577
642 821
643 337
643 352
644 7
644 52
644 161
644 163
644 200
644 297
644 438
644 520
644 553
644 640
644 657
644 693
645 5
645 17
645 132
645 144
645 154
645 513
645 544
646 48
646 454
646 592
646 672
647 110
647 334
647 464
648 109
648 640
648 790
648 892
649 64
649 71
649 86
649 104
649 140
650 33
650 52
650 138
650 329
650 581
651 4
651 88
651 95
651 659
652 4
652 40
652 65
652 115
652 244
652 280
652 520
652 675
653 544
654 516
654 679
655 74
655 164
655 384
655 512
655 555
656 14
656 66
656 266
656 512
656 820
656 854
657 36
657 152
657 451
657 832
657 860
657 998
658 129
659 480
659 545
659 562
660 208
660 230
660 353
660 578
660 779
661 259
663 3
663 29
663 768
664 240
664 318
664 354
664 432
664 564
664 572
665 124
666 0
666 98
666 371
666 384
666 521
666 874
666 946
667 438
668 0
668 128
668 426
668 640
669 11
669 101
669 180
669 346
670 20
670 570
670 640
671 86
671 272
671 784
672 48
672 53
672 997
673 101
673 142
673 241
673 545
674 44
674 75
674 225
674 285
674 710
674 729
674 896
674 928
674 972
675 70
675 71
675 411
676 0
676 248
676 524
676 546
676 993
677 8
677 624
677 642
677 712
678 270
678 548
678 856
680 8
680 315
680 615
681 226
682 5
682 29
682 42
682 528
684 720
685 32
685 44
685 210
685 482
686 285
687 11
687 200
687 209
688 281
688 314
688 386
689 400
690 99
690 488
690 786
690 993
691 649
691 726
692 20
692 136
692 213
692 221
692 564
692 586
693 174
693 203
693 388
695 791
696 128
696 177
696 317
696 580
696 800
696 804
696 907
697 132
697 272
698 26
698 190
698 320
698 321
698 539
699 2
700 10
700 166
700 194
700 524
701 580
701 856
702 69
702 880
703 10
703 661
704 2
704 65
704 130
704 582
704 610
705 946
706 273
706 292
706 521
707 64
707 96
707 140
707 213
707 416
708 16
708 561
708 587
708 770
709 17
709 193
710 36
710 402
711 712
712 37
712 69
712 104
712 306
712 356
712 451
712 513
712 784
713 21
713 35
713 116
713 520
713 648
714 73
714 84
714 161
714 350
714 519
715 401
716 8
716 193
716 282
716 903
717 70
717 262
717 595
718 534
719 258
720 42
720 256
720 523
721 70
721 96
721 289
721 530
723 87
723 188
723 261
724 149
724 160
724 588
725 976
726 842
727 401
728 46
728 305
730 64
730 101
730 682
730 827
732 24
732 518
733 416
733 865
734 16
734 900
735 842
736 4
736 431
736 480
736 559
737 268
738 21
738 65
738 68
738 268
739 454
740 66
740 270
741 270
741 290
742 0
742 525
743 64
744 24
744 173
744 668
745 576
746 111
746 153
746 287
746 513
748 416
748 532
750 41
750 225
751 116
751 268
751 269
752 320
752 400
752 408
752 795
753 401
753 514
754 52
754 260
754 533
755 20
755 146
755 546
756 72
756 336
756 822
757 116
759 8
760 5
760 426
760 545
761 896
762 132
763 7
763 915
764 237
764 288
764 536
764 709
768 32
768 76
768 146
768 251
768 392
768 512
768 538
768 967
769 1
769 203
769 256
769 512
770 26
770 36
770 235
770 328
770 394
770 400
770 562
770 835
771 8
771 48
771 82
771 222
771 800
772 28
772 305
772 515
772 548
772 560
772 690
773 53
773 120
773 211
773 256
773 516
773 518
773 577
773 714
773 781
773 802
774 41
774 304
774 336
774 389
774 418
775 1
775 50
775 306
775 726
776 12
776 20
776 32
776 76
776 265
776 292
776 301
776 522
776 542
776 549
776 722
777 342
777 404
778 34
778 226
778 256
778 287
778 654
779 18
779 20
779 90
779 115
779 202
779 584
780 49
780 70
780 130
780 161
780 196
780 265
780 531
780 755
781 9
781 122
781 561
782 16
782 272
782 712
783 721
784 2
784 6
784 9
784 111
784 288
784 360
785 5
785 12
785 784
785 838
785 974
786 20
786 66
786 72
786 113
786 182
786 368
787 9
787 259
787 308
787 567
787 785
787 800
788 11
788 33
788 240
788 516
788 528
788 596
788 629
788 674
789 201
789 309
789 514
789 640
790 0
790 12
790 161
790 783
790 816
790 898
790 972
792 0
792 8
792 240
793 720
793 784
794 10
794 37
794 132
794 296
795 33
795 258
795 769
796 1020
797 35
797 221
797 672
797 780
799 648
799 912
800 74
800 324
800 341
800 820
801 2
801 179
801 289
801 568
801 651
801 906
802 130
802 163
802 709
803 34
803 409
803 512
803 684
804 513
804 662
805 8
805 64
805 368
805 688
806 13
806 169
806 320
806 675
806 717
806 724
807 344
808 357
808 386
808 453
808 521
808 770
808 841
809 330
809 889
810 110
810 194
811 18
811 498
812 48
812 474
812 800
812 844
813 38
813 160
813 322
813 777
814 24
815 576
815 584
816 141
816 157
816 671
817 186
817 257
817 368
817 387
817 765
817 906
817 990
817 1001
818 6
818 48
818 336
818 604
818 661
819 65
819 324
819 384
819 848
821 160
822 712
823 640
824 388
824 868
825 76
825 173
825 594
826 18
826 142
826 258
826 617
827 27
827 642
827 649
828 204
828 351
829 213
830 209
830 516
830 588
832 48
832 236
832 416
832 434
832 516
832 866
833 264
833 386
833 642
833 918
834 192
834 275
834 337
834 556
834 924
835 512
835 655
835 753
836 5
836 133
836 541
836 641
836 776
837 773
839 4
839 868
839 874
839 993
840 558
840 604
841 5
841 296
841 736
841 817
842 16
842 131
842 589
842 617
842 688
843 576
844 86
844 496
844 513
845 130
846 192
846 376
846 448
847 1
847 155
847 640
847 784
848 56
848 128
848 133
848 144
848 565
848 695
848 938
849 14
849 546
849 560
850 0
850 286
850 516
850 773
851 4
851 25
851 587
851 709
852 67
852 224
852 275
852 644
852 744
853 260
854 132
854 960
855 296
855 562
856 39
856 545
857 0
857 11
857 66
858 20
859 37
859 201
860 31
860 100
860 104
860 539
860 868
861 838
862 196
862 785
864 169
864 548
864 563
865 62
865 769
865 799
866 131
866 160
866 208
866 432
866 457
866 786
867 1
867 396
868 2
868 133
868 518
868 643
869 514
870 770
871 68
871 99
872 0
872 608
872 645
873 312
873 570
873 587
873 712
874 26
874 322
874 578
874 587
874 984
875 32
876 258
876 272
877 128
877 416
878 296
879 41
880 68
880 130
880 136
880 269
880 369
880 914
882 20
882 286
882 849
882 930
883 322
883 576
884 128
884 130
884 516
884 523
884 946
885 454
885 545
887 64
887 536
890 9
891 128
891 139
891 424
892 96
893 262
894 25
894 188
896 2
896 16
896 80
896 142
896 513
896 655
896 718
896 726
897 80
897 96
897 133
897 256
897 721
898 7
898 268
898 369
898 402
898 576
899 254
899 648
900 66
900 187
900 265
900 770
901 4
901 396
902 20
902 21
902 113
902 297
902 329
902 548
902 588
902 898
903 9
903 187
903 820
904 96
904 197
904 640
904 931
906 4
906 66
906 70
906 474
907 236
909 600
910 119
911 280
911 885
912 1
912 377
912 521
912 530
913 768
914 26
914 270
914 641
915 64
915 266
915 297
916 217
916 608
918 166
918 168
919 30
920 224
921 518
921 624
921 704
922 18
924 21
928 1
928 8
928 80
928 146
928 515
928 563
928 689
928 738
929 10
929 162
929 208
929 364
929 588
929 650
930 104
930 550
930 673
931 2
932 1
932 42
932 165
932 568
932 784
933 888
934 131
935 0
935 792
936 54
936 96
936 881
937 3
938 774
939 245
940 401
941 670
944 104
944 107
944 524
944 808
944 825
945 356
945 692
946 61
946 393
946 834
947 224
948 864
949 2
949 952
950 33
950 725
951 525
951 529
952 328
952 337
952 854
954 404
954 470
954 841
957 709
960 46
960 147
960 289
960 565
961 96
961 120
961 580
961 593
961 674
961 924
962 329
962 666
962 915
963 98
964 32
966 3
966 285
966 652
966 849
968 512
969 209
969 224
970 8
970 136
970 162
971 130
972 148
974 19
974 784
976 2
976 68
976 794
977 67
977 324
978 26
978 60
978 513
979 424
979 782
980 197
981 74
982 461
983 418
984 32
984 53
984 325
984 456
984 779
986 32
987 676
988 6
989 67
989 482
989 674
990 332
992 92
992 129
993 56
994 792
996 102
996 204
996 259
996 484
996 707
996 932
998 7
998 148
998 418
999 641
1000 9
1000 465
1000 544
1001 32
1001 64
1001 83
1001 820
1002 332
1002 400
1002 453
1002 626
1004 324
1007 67
1011 34
1011 292
1012 0
1013 53
1014 68
1014 576
1015 260
1016 356
1016 640
1017 7
1020 514
