# Synthetic Kronecker Graph 
# Edges are directed 
0 0
0 2
0 14
0 36
0 42
0 47
0 48
0 67
0 68
0 72
0 83
0 85
0 121
1 0
1 4
1 6
1 8
1 12
1 16
1 32
1 34
1 49
1 50
1 68
1 84
1 85
1 96
1 100
2 1
2 16
3 0
3 9
3 17
3 20
3 57
3 64
3 80
4 3
4 24
4 27
4 40
4 72
5 8
5 14
5 20
5 48
5 65
5 99
6 7
6 16
6 82
6 109
6 110
7 42
7 97
8 4
8 83
9 4
9 19
9 32
9 99
10 8
10 16
10 38
11 32
11 42
11 47
12 8
12 9
12 35
12 40
13 8
13 10
13 34
14 3
14 7
14 32
14 33
14 53
14 95
15 10
15 12
15 18
15 32
16 16
16 41
16 49
16 67
16 75
16 81
16 82
17 9
17 75
17 91
18 7
18 9
18 34
18 40
18 72
18 77
19 41
19 77
19 100
20 33
20 91
21 0
21 46
21 56
21 80
21 88
22 2
22 8
22 113
23 14
23 80
25 3
25 14
25 65
25 72
26 40
26 108
26 113
28 33
30 52
32 8
32 30
32 31
32 32
32 65
33 0
33 60
35 0
35 2
35 26
35 72
35 84
36 0
36 16
36 17
36 33
36 83
36 120
37 22
37 64
37 84
38 5
38 8
38 23
38 41
38 64
38 78
39 3
39 8
40 0
40 4
40 9
40 15
40 21
41 32
41 42
41 69
42 2
42 96
43 0
43 35
44 7
44 8
44 12
44 18
44 26
45 16
46 24
47 17
47 68
48 16
48 34
48 38
48 50
48 70
48 96
48 100
49 4
49 24
49 27
49 110
51 72
52 0
52 4
52 10
52 15
52 44
52 99
54 65
54 104
56 26
56 30
56 46
57 66
58 3
58 5
58 68
58 69
59 2
59 106
63 22
63 106
63 108
64 0
64 5
64 6
64 10
64 53
64 127
65 4
65 58
65 64
65 88
66 0
66 13
67 0
67 20
67 69
67 112
68 14
68 28
68 37
68 41
68 56
68 116
69 1
69 4
69 34
70 9
71 10
71 32
71 74
72 9
72 17
72 69
73 8
73 104
74 0
74 28
75 37
75 97
76 16
76 24
76 75
77 75
78 16
78 35
79 24
79 82
80 4
80 5
80 64
80 66
81 38
81 85
82 32
83 1
83 2
83 34
83 50
83 124
84 45
84 72
85 0
85 24
86 0
87 29
90 1
90 22
90 74
90 96
91 16
91 87
92 16
92 29
92 64
93 0
93 2
93 64
94 51
94 96
95 66
96 72
96 96
97 0
97 4
97 15
97 28
97 68
98 21
98 23
98 56
99 37
99 65
100 17
100 80
101 17
101 43
101 84
102 26
102 73
103 32
104 68
104 92
105 0
106 2
106 8
106 28
107 3
107 64
107 96
108 6
110 3
110 6
111 81
112 35
112 76
113 64
113 107
114 48
114 101
115 7
116 101
117 112
120 2
120 51
121 21
124 13
124 56
125 5
125 24
125 36
