# Synthetic Kronecker Graph 
# Edges are directed 
0 11
0 15
0 28
0 38
0 40
0 52
0 69
0 72
0 74
0 108
0 133
0 135
0 145
0 195
0 207
0 209
0 256
0 298
0 340
0 352
0 360
0 400
0 458
0 487
0 544
0 604
0 630
0 647
0 650
0 960
0 993
1 15
1 52
1 56
1 107
1 192
1 196
1 273
1 334
1 355
1 518
1 546
1 600
1 604
1 633
1 642
1 719
1 803
1 904
1 987
2 5
2 28
2 91
2 100
2 169
2 172
2 272
2 313
2 328
2 381
2 468
2 525
2 720
2 768
2 813
2 912
3 4
3 6
3 8
3 45
3 64
3 80
3 150
3 211
3 387
3 448
3 528
3 674
3 691
4 0
4 1
4 3
4 5
4 8
4 34
4 53
4 56
4 96
4 132
4 192
4 386
4 457
4 473
4 482
4 512
4 520
4 521
4 656
4 658
4 752
4 932
5 26
5 28
5 96
5 152
5 282
5 402
5 494
5 514
5 601
5 650
5 661
5 852
6 10
6 13
6 18
6 56
6 66
6 114
6 261
6 288
6 323
6 586
6 593
6 657
6 771
6 796
7 0
7 54
7 84
7 108
7 228
7 256
7 269
7 386
7 644
8 0
8 1
8 9
8 12
8 34
8 145
8 163
8 242
8 264
8 299
8 343
8 409
8 420
8 484
8 527
8 592
8 768
8 807
8 875
8 910
8 977
9 32
9 89
9 137
9 264
9 328
9 386
9 589
9 610
10 0
10 17
10 18
10 50
10 88
10 204
10 208
10 356
10 516
10 576
10 676
10 690
10 944
10 1002
11 45
11 146
11 516
11 536
11 836
12 1
12 16
12 81
12 194
12 281
12 323
12 385
12 612
12 652
12 844
13 2
13 19
13 32
13 158
13 450
13 550
13 600
13 778
14 254
14 268
14 450
14 456
14 539
14 608
14 639
14 817
14 840
15 17
15 31
15 97
15 560
15 726
15 848
16 6
16 8
16 32
16 67
16 82
16 98
16 123
16 152
16 224
16 262
16 294
16 296
16 320
16 393
16 513
16 554
16 576
16 586
16 625
16 682
16 791
16 981
17 5
17 32
17 38
17 147
17 320
17 332
17 336
17 439
17 594
17 752
17 783
17 795
17 968
18 4
18 256
18 347
18 534
18 616
19 17
19 128
19 132
19 216
19 260
19 384
19 416
19 517
19 519
20 0
20 18
20 26
20 68
20 128
20 131
20 238
20 264
20 386
20 395
20 544
20 551
20 877
21 0
21 36
21 160
21 192
21 200
21 273
21 452
21 465
21 605
22 32
22 95
22 322
22 674
23 256
23 289
23 298
23 317
23 417
23 649
23 792
24 81
24 96
24 130
24 433
24 528
24 545
24 634
24 800
24 849
24 1002
25 58
25 180
25 325
25 516
25 545
25 800
25 921
26 132
26 273
26 340
26 433
26 501
26 513
26 610
26 631
26 907
27 146
27 175
27 384
27 513
27 644
27 800
27 833
28 64
28 68
28 80
28 162
28 362
28 406
28 440
28 513
28 552
28 789
29 2
29 40
29 148
29 396
29 790
29 824
30 3
30 25
30 65
30 540
30 573
30 897
31 482
31 837
32 0
32 24
32 28
32 29
32 36
32 41
32 94
32 100
32 161
32 196
32 200
32 279
32 328
32 424
32 516
32 541
32 596
32 624
32 656
32 780
32 873
32 969
33 8
33 48
33 64
33 66
33 73
33 136
33 257
33 264
33 280
33 288
33 298
33 401
33 544
33 604
33 944
34 40
34 52
34 70
34 117
34 161
34 309
34 324
34 340
34 380
34 420
34 648
34 980
35 13
35 72
35 88
35 108
35 132
35 160
35 424
36 85
36 90
36 96
36 100
36 368
36 412
36 528
36 641
36 798
36 897
37 169
37 194
37 353
37 393
37 528
37 592
37 614
37 652
37 770
37 834
37 902
37 966
38 0
38 2
38 97
38 264
38 306
38 416
38 538
38 780
38 865
38 1004
39 16
39 131
39 132
39 210
39 224
39 312
39 416
39 546
39 653
40 3
40 13
40 15
40 151
40 192
40 256
40 262
40 294
40 311
40 320
40 322
40 404
40 514
40 528
40 543
40 706
41 1
41 37
41 256
41 272
41 403
41 600
41 897
42 71
42 86
42 132
42 258
42 324
42 449
42 514
42 800
42 837
42 960
43 240
43 524
43 546
43 802
43 934
44 8
44 154
44 256
44 283
44 339
44 384
44 513
44 522
44 563
45 172
45 572
45 864
45 962
46 330
47 417
47 564
48 66
48 256
48 270
48 288
48 292
48 304
48 384
48 608
48 640
49 1
49 7
49 82
49 107
49 133
49 150
49 201
49 512
49 524
49 584
49 585
49 605
50 13
50 64
50 66
50 67
50 73
50 142
50 225
50 243
50 265
50 362
50 399
50 552
50 900
51 67
51 96
51 624
52 0
52 17
52 80
52 205
52 210
52 405
52 658
53 167
53 530
53 638
54 32
54 39
54 336
54 674
54 897
55 164
55 417
55 512
56 64
56 587
56 704
56 906
57 18
57 109
57 161
57 279
57 395
57 417
57 822
57 858
57 994
58 151
58 261
58 648
58 917
59 224
59 232
59 261
59 772
60 4
60 50
60 80
60 81
60 187
60 345
60 515
60 864
61 14
61 166
61 291
61 391
61 536
61 582
61 640
61 657
63 80
63 576
63 668
64 32
64 36
64 78
64 127
64 164
64 167
64 205
64 208
64 256
64 265
64 333
64 334
64 353
64 473
64 540
64 574
64 817
64 960
64 989
64 994
65 0
65 3
65 64
65 147
65 306
65 356
65 446
65 526
65 529
65 587
66 0
66 134
66 144
66 177
66 192
66 284
66 291
66 321
66 375
66 528
66 544
66 877
66 954
67 0
67 9
67 34
67 49
67 299
67 386
67 535
67 664
67 668
67 755
68 17
68 32
68 84
68 116
68 278
68 453
68 785
68 786
68 832
68 859
69 2
69 64
69 131
69 466
69 806
69 812
69 988
70 5
70 8
70 386
70 537
70 642
70 704
70 897
71 2
71 6
71 32
71 864
72 16
72 62
72 295
72 384
72 533
72 582
72 584
72 588
72 755
73 9
73 16
73 64
73 142
73 223
74 1
74 12
74 56
74 75
74 79
74 161
74 529
74 853
74 864
75 36
75 688
76 52
76 153
76 193
76 194
76 306
76 462
76 552
76 557
76 709
77 40
77 252
77 301
77 488
77 592
78 0
78 72
78 185
78 257
78 265
78 499
78 752
78 964
79 0
79 70
79 219
79 544
79 554
79 789
80 34
80 48
80 102
80 257
80 292
80 294
80 312
80 533
80 549
80 560
80 580
80 854
81 2
81 18
81 56
81 68
81 84
81 197
81 288
81 292
81 416
81 556
81 719
81 774
81 833
82 20
82 40
82 82
82 301
82 517
82 521
82 538
82 709
82 836
83 208
83 225
83 528
83 708
84 106
84 240
84 324
84 433
84 833
84 841
84 1002
85 80
85 169
85 290
85 484
85 537
85 976
86 10
86 74
86 78
86 90
86 193
86 299
86 385
87 298
87 325
87 344
87 400
87 517
87 521
87 648
87 650
88 10
88 101
88 260
88 423
88 561
88 897
89 61
89 68
89 88
89 201
89 437
89 640
89 654
89 938
89 998
90 14
90 34
90 413
90 780
90 832
91 132
91 531
92 96
92 329
92 466
92 513
92 592
92 643
93 188
94 22
94 665
95 16
95 192
95 330
96 65
96 68
96 123
96 210
96 311
96 403
96 460
96 511
96 596
96 800
96 1001
97 196
97 257
97 666
98 67
98 128
98 248
98 392
98 640
98 823
99 69
99 185
99 580
99 591
99 802
100 1
100 8
100 28
100 32
100 114
100 203
100 448
101 8
101 124
101 165
101 579
101 587
101 672
101 768
101 792
102 44
102 276
102 592
102 775
103 16
103 320
104 32
104 84
104 161
104 267
105 130
105 171
105 512
105 832
106 129
106 256
106 520
106 585
107 0
107 516
108 28
108 104
108 148
108 390
108 448
108 596
108 650
108 843
108 947
109 145
109 360
110 576
112 0
112 33
112 40
112 47
112 72
112 394
112 453
112 530
112 549
112 586
113 67
113 90
113 182
113 400
113 581
114 44
114 65
114 152
114 448
114 800
115 40
115 164
115 266
115 314
115 544
116 269
116 270
116 290
116 382
116 654
116 784
117 16
117 536
118 535
118 628
118 905
119 0
119 246
119 357
119 810
120 40
120 257
120 595
120 659
120 901
122 37
122 266
122 339
122 386
123 12
124 132
124 399
124 465
124 686
124 712
126 15
126 210
126 640
126 773
126 876
127 18
128 2
128 13
128 40
128 69
128 144
128 274
128 320
128 436
128 544
128 560
128 664
128 676
128 782
128 897
128 912
128 929
129 15
129 20
129 28
129 33
129 106
129 134
129 147
129 149
129 194
129 232
129 240
129 388
129 517
129 536
129 548
129 576
129 601
129 632
129 930
129 961
130 7
130 10
130 101
130 221
130 281
130 301
130 389
130 560
130 611
130 658
130 722
130 924
131 68
131 91
131 160
131 193
131 272
131 280
131 736
131 998
132 1
132 160
132 302
132 361
132 380
132 548
132 907
133 274
133 294
133 321
133 346
133 625
133 738
133 769
134 1
134 27
134 41
134 141
134 276
134 305
134 548
134 666
135 0
135 74
135 129
135 176
135 186
135 403
136 1
136 18
136 22
136 54
136 236
136 389
136 420
136 657
136 660
136 977
137 0
137 26
137 72
137 156
137 174
137 194
137 522
137 545
137 609
137 768
137 818
137 920
138 360
138 554
138 576
138 592
138 656
138 662
138 796
139 53
139 246
139 252
139 316
139 518
139 584
139 642
140 3
140 21
140 156
140 370
140 396
140 562
140 617
140 876
141 17
141 72
141 128
141 518
141 581
142 258
142 330
142 480
142 529
142 577
142 772
142 801
142 857
142 889
142 978
143 1
143 34
143 100
143 257
144 0
144 19
144 69
144 100
144 141
144 352
144 358
144 390
144 781
144 786
144 788
145 69
145 101
145 177
145 202
145 418
145 465
145 672
145 882
146 195
146 371
146 393
146 420
146 500
146 610
147 70
147 73
147 241
147 269
147 332
147 522
147 544
147 688
147 970
148 30
148 72
148 80
148 130
148 217
148 256
148 272
148 305
148 520
148 835
149 137
149 155
149 264
149 400
149 512
149 516
149 943
150 8
150 10
150 11
150 38
150 138
150 311
150 448
150 544
150 553
150 774
151 2
151 336
152 9
152 16
152 168
152 256
153 260
153 268
154 146
154 300
154 770
155 457
156 80
156 124
156 137
156 147
156 169
156 459
156 486
156 681
156 832
157 28
157 154
157 266
157 338
157 448
157 613
157 908
158 0
158 26
158 641
159 76
159 304
159 529
160 0
160 6
160 14
160 49
160 66
160 133
160 137
160 150
160 227
160 257
160 481
160 517
160 647
160 736
160 817
161 132
161 326
161 393
161 424
161 520
162 70
162 256
162 272
162 325
162 349
162 544
163 8
163 296
163 773
164 14
164 58
164 133
164 271
164 393
164 514
164 576
165 265
165 620
165 736
166 9
166 18
166 99
166 194
166 212
166 240
166 320
166 520
166 825
167 232
167 294
167 356
167 513
167 970
168 8
168 14
168 67
168 287
168 516
169 57
169 79
169 585
169 672
170 5
170 146
170 156
170 266
170 268
170 302
170 708
171 96
171 290
172 14
172 128
172 288
172 468
172 833
173 217
174 2
175 285
175 288
175 978
176 2
176 58
176 129
176 140
176 141
176 152
176 256
176 282
176 420
176 496
176 848
177 88
177 267
177 271
177 593
177 704
178 8
178 549
178 961
179 23
179 104
179 326
179 604
179 916
180 49
180 53
180 264
180 467
180 651
180 846
180 928
181 271
181 372
181 902
182 797
183 26
183 298
184 0
184 531
185 58
185 106
185 260
185 643
185 696
186 13
186 631
187 83
187 163
188 112
188 136
188 201
188 217
188 677
189 128
189 612
189 900
190 80
190 132
190 770
192 4
192 5
192 8
192 47
192 65
192 72
192 97
192 98
192 135
192 161
192 258
192 300
192 326
192 332
192 513
192 560
192 608
193 112
193 136
193 157
193 179
193 266
193 464
193 938
194 16
194 117
194 786
194 811
195 64
195 179
195 435
196 2
196 61
196 70
196 132
196 529
196 538
196 651
197 66
197 130
197 419
197 420
197 952
198 225
198 417
198 429
198 521
198 656
198 845
199 529
199 975
199 996
200 32
200 91
200 147
200 514
200 676
200 730
200 852
200 864
200 906
201 104
201 307
201 486
202 21
202 71
202 781
202 829
203 16
203 547
204 36
204 240
204 376
204 408
204 651
205 113
205 221
205 662
206 20
206 320
206 393
206 454
207 26
207 146
208 4
208 16
208 44
208 50
208 56
208 132
208 191
208 272
208 281
208 288
208 513
208 568
208 708
208 912
209 48
209 56
209 68
209 144
209 384
210 260
210 320
210 420
210 568
211 278
212 1
212 27
212 42
212 227
212 281
212 288
212 358
212 602
212 706
212 899
214 84
214 469
214 642
214 666
215 96
215 540
216 72
216 151
216 305
216 574
217 328
217 519
218 772
219 130
219 768
220 59
221 526
222 97
222 134
222 295
222 448
223 22
223 117
223 273
224 16
224 26
224 43
224 128
224 257
224 265
224 412
224 524
224 871
224 872
225 199
226 688
226 790
226 805
226 849
226 851
227 663
228 1
228 88
228 154
228 261
228 898
229 35
229 80
229 89
229 516
229 642
229 660
230 11
230 104
230 268
230 306
230 549
230 833
231 281
231 446
232 10
232 280
232 540
232 637
233 150
233 168
233 658
234 64
234 521
234 552
234 776
235 0
235 111
235 538
235 944
236 0
236 85
236 560
236 786
238 0
238 384
238 641
239 2
239 66
240 48
240 544
240 553
241 5
241 40
241 64
241 73
241 289
242 0
242 37
242 75
242 98
242 193
243 64
243 301
243 556
243 596
243 768
244 16
244 70
245 194
245 514
246 500
246 536
247 80
248 55
248 161
249 25
250 351
250 418
250 520
250 564
251 525
251 777
252 2
252 148
252 209
252 257
252 521
252 560
256 14
256 51
256 128
256 137
256 144
256 149
256 161
256 257
256 272
256 287
256 304
256 313
256 546
256 590
256 632
256 665
256 677
256 793
256 964
257 24
257 25
257 33
257 56
257 79
257 174
257 391
257 556
257 640
257 680
257 800
258 16
258 32
258 82
258 272
258 545
258 641
258 804
259 65
259 94
259 105
259 320
259 448
259 776
260 0
260 15
260 32
260 33
260 104
260 265
260 282
260 308
260 514
260 576
260 578
261 24
261 209
261 225
261 300
261 384
261 448
261 616
261 970
262 64
262 99
262 104
262 640
262 657
263 0
263 86
263 96
263 228
263 232
263 544
263 705
263 722
263 899
263 996
264 0
264 2
264 64
264 131
264 132
264 212
264 545
264 659
264 776
264 970
265 257
265 272
265 384
265 585
266 87
266 116
266 129
266 205
266 293
266 520
266 776
267 32
267 36
267 276
267 353
267 514
267 527
267 570
267 580
267 645
268 133
268 180
268 418
268 427
268 512
268 514
268 537
268 569
268 578
268 658
268 971
269 0
269 113
269 384
269 625
269 772
270 4
270 25
270 192
270 228
270 288
270 641
270 896
271 34
271 73
271 421
271 598
271 676
271 923
272 1
272 8
272 23
272 193
272 275
272 294
272 448
272 516
272 604
272 636
272 724
272 832
273 51
273 145
273 224
273 257
273 288
273 499
273 583
273 657
273 697
273 841
273 934
274 14
274 48
274 84
274 132
274 144
275 64
275 287
275 327
275 360
276 133
276 172
276 227
276 514
276 969
277 64
277 108
277 481
277 549
277 954
278 20
278 53
278 83
278 277
279 52
279 70
279 72
279 498
280 9
280 160
280 172
280 420
280 548
280 561
280 730
280 750
280 770
281 273
281 288
281 520
282 206
282 264
282 607
282 709
283 10
283 208
283 456
284 256
284 273
284 640
284 773
285 2
285 40
285 243
285 625
285 798
286 773
287 128
287 549
287 624
288 4
288 10
288 56
288 76
288 102
288 125
288 147
288 750
288 863
288 905
289 26
289 82
289 146
289 147
289 276
289 400
289 464
289 502
289 768
289 832
289 852
290 19
290 33
290 68
290 200
290 205
290 258
290 281
290 292
290 385
290 453
290 577
290 612
290 699
291 0
291 22
291 102
292 2
292 11
292 594
293 12
293 704
293 780
294 1
294 82
294 810
295 113
295 738
296 0
296 86
296 144
296 232
296 324
296 409
296 582
296 689
296 956
297 0
297 97
297 109
297 114
297 131
297 295
297 390
297 709
297 802
297 914
298 144
298 205
299 66
299 642
300 9
300 48
300 144
300 322
300 387
300 576
300 612
300 684
301 596
301 845
302 708
303 146
304 20
304 144
304 218
304 280
304 329
304 392
304 710
304 942
305 6
305 264
305 400
305 548
305 580
305 761
306 160
306 201
306 224
306 354
306 432
306 516
306 586
307 17
308 132
308 136
308 139
308 258
308 291
308 657
308 865
309 64
309 154
309 256
309 644
309 856
310 384
310 928
311 134
311 273
311 346
311 376
312 0
312 50
312 582
313 709
313 775
315 17
315 33
315 129
315 545
316 146
316 162
316 706
317 38
317 52
317 337
318 37
318 132
319 18
319 152
319 579
320 10
320 18
320 128
320 257
320 291
320 472
320 656
320 773
321 6
321 17
321 41
321 52
321 75
321 170
321 288
321 290
321 436
321 512
321 529
321 648
321 715
322 32
322 57
322 272
323 19
323 68
323 108
323 516
323 778
324 97
324 299
324 616
324 1006
325 19
325 195
325 330
325 800
326 0
326 244
326 258
326 336
326 460
327 8
327 281
327 284
327 834
328 32
328 144
328 203
328 640
328 886
329 4
329 180
329 194
329 208
329 269
329 446
330 37
330 64
330 272
330 644
330 693
331 4
331 598
331 824
332 224
332 259
332 514
332 528
332 702
333 17
333 136
334 22
335 540
335 840
336 53
336 370
336 384
336 547
336 587
337 87
337 232
337 388
337 588
337 692
337 786
338 4
338 42
338 76
338 153
338 176
338 705
339 2
339 4
339 336
339 397
340 42
340 435
341 606
341 672
341 786
341 816
342 256
342 772
342 784
342 844
343 6
343 20
343 354
343 675
344 73
344 153
344 640
344 672
345 0
345 15
346 130
347 103
348 41
348 331
348 390
349 160
350 272
350 523
350 562
350 643
350 665
351 50
352 13
352 81
352 272
352 494
352 652
352 786
353 34
353 44
353 216
353 256
354 10
354 522
354 549
356 146
356 207
356 232
356 274
356 723
357 38
357 120
357 136
357 512
357 771
358 3
358 9
358 308
358 368
358 545
359 71
360 250
360 280
360 306
360 357
360 418
360 432
362 9
362 20
362 37
362 96
362 210
363 962
364 33
364 516
364 536
364 552
364 600
364 818
365 10
365 135
365 935
366 307
367 180
367 200
368 150
368 176
368 390
368 781
369 12
369 18
369 530
370 64
370 256
370 259
370 264
370 385
370 643
371 41
372 15
372 131
372 136
372 187
372 711
373 841
374 518
376 593
377 8
377 586
378 840
379 292
379 304
380 233
380 568
380 618
381 284
381 296
382 272
382 529
382 542
383 49
384 3
384 68
384 142
384 264
384 600
384 773
384 912
385 49
385 72
385 131
385 228
385 270
385 443
385 966
386 9
386 24
386 75
386 512
386 521
386 692
386 800
386 885
387 82
387 160
387 260
387 977
388 88
388 121
388 273
388 502
388 532
389 74
389 99
389 179
389 248
389 389
389 805
390 28
390 114
390 328
390 533
390 552
390 563
390 650
391 53
392 0
392 49
392 144
392 577
393 8
393 280
393 454
393 461
393 565
394 256
394 261
394 413
394 435
394 896
395 541
396 66
396 124
396 144
396 273
396 303
396 454
396 529
396 581
396 645
396 770
396 864
397 66
397 83
397 133
397 258
397 512
397 769
397 803
398 16
398 324
398 368
398 864
400 4
400 44
400 65
400 72
400 301
400 388
400 545
400 728
401 128
401 272
401 576
401 674
401 774
402 36
402 40
402 97
402 138
402 615
402 641
403 24
403 512
403 654
403 704
404 19
404 32
404 533
404 768
405 136
405 517
406 146
406 245
406 302
406 384
406 650
406 836
408 21
408 68
408 344
408 576
408 602
409 578
410 40
410 208
412 34
413 140
413 402
414 228
414 533
414 553
414 595
415 435
416 2
416 13
416 19
416 24
416 32
416 174
416 182
416 320
416 521
416 636
416 749
416 827
416 896
416 918
417 61
417 898
417 996
418 8
418 18
418 100
418 257
418 396
418 482
418 681
419 96
419 128
419 850
419 967
420 77
420 149
420 339
420 628
420 706
420 712
420 768
421 0
421 32
421 338
422 18
422 201
422 354
423 348
424 48
424 168
424 264
424 348
424 420
424 921
425 9
425 706
427 8
427 65
427 136
427 266
427 778
428 340
428 515
428 800
428 918
429 8
429 145
429 739
430 225
430 385
430 392
430 774
430 776
430 863
431 544
432 256
432 323
432 672
433 32
433 152
433 310
433 902
434 136
434 256
434 422
434 523
434 531
436 43
436 68
436 199
437 214
437 768
438 1
438 33
438 556
439 913
440 42
440 201
440 256
440 265
440 296
440 528
440 529
441 129
441 768
442 320
442 594
443 338
443 768
444 257
445 292
445 515
445 594
447 514
448 96
448 98
448 100
448 390
448 401
448 416
448 418
448 580
448 640
448 662
448 681
449 128
449 160
449 172
449 256
449 293
449 313
450 23
450 38
450 158
451 64
451 387
451 741
451 966
452 0
452 96
452 384
452 540
452 592
452 633
452 641
452 646
453 0
453 658
454 114
455 4
456 6
456 33
456 72
456 656
457 9
457 129
457 552
458 578
458 644
459 32
460 48
460 82
460 588
461 57
461 803
462 60
462 149
464 8
464 483
464 578
464 582
464 936
465 142
465 682
466 80
466 388
467 256
467 915
468 264
468 392
469 64
470 36
470 114
470 416
470 456
472 405
472 805
472 912
473 4
473 132
473 702
474 300
474 628
474 745
475 280
476 10
476 384
477 393
478 70
479 160
479 208
480 137
480 148
480 420
480 513
481 133
481 322
482 17
482 178
482 194
483 132
483 291
484 329
484 585
484 590
484 844
484 912
485 17
485 267
485 721
486 101
487 156
488 120
488 535
488 840
489 528
490 144
491 499
491 580
492 94
492 381
492 401
492 430
492 769
494 257
496 572
497 684
498 415
500 86
500 106
500 272
500 526
501 395
501 619
503 172
503 532
505 196
509 146
509 784
511 34
512 36
512 41
512 105
512 143
512 148
512 172
512 194
512 208
512 289
512 320
512 394
512 426
512 482
512 577
512 640
512 782
512 961
513 4
513 46
513 102
513 130
513 289
513 321
513 332
513 352
513 587
513 605
513 771
513 846
513 885
513 901
513 963
514 4
514 131
514 137
514 174
514 220
514 282
514 386
514 581
514 778
514 794
514 947
515 17
515 118
515 257
515 444
515 533
515 662
515 837
516 1
516 62
516 80
516 109
516 220
516 258
516 259
516 308
516 322
516 437
516 876
517 21
517 217
517 224
517 323
517 513
517 516
517 648
518 62
518 360
518 576
518 784
519 128
519 150
519 173
519 321
519 810
520 94
520 152
520 218
520 270
520 330
520 332
520 445
520 553
520 581
520 786
520 847
521 6
521 52
521 82
521 131
521 320
521 344
521 520
521 713
521 828
522 128
522 130
522 322
522 332
522 579
522 641
522 870
523 519
523 603
524 19
524 128
524 132
524 269
524 297
524 453
525 2
525 194
525 515
525 608
525 795
526 34
526 276
526 320
526 848
527 722
528 10
528 64
528 72
528 136
528 214
528 256
528 259
528 384
528 459
528 560
528 581
528 630
528 667
528 726
529 0
529 80
529 98
529 256
529 512
529 533
529 593
529 642
530 2
530 20
530 841
531 208
531 416
531 566
531 640
531 690
532 5
532 23
532 129
532 296
532 663
533 36
533 72
533 78
533 100
533 154
533 180
533 385
533 504
533 655
534 82
534 513
534 646
535 0
535 544
535 818
535 834
535 848
536 4
536 8
536 37
536 458
537 4
537 37
537 514
537 705
537 709
538 106
538 256
538 278
538 536
538 588
538 642
538 771
540 64
540 130
540 640
541 0
541 161
541 588
542 56
542 275
542 322
542 324
542 802
543 8
543 280
543 520
544 10
544 13
544 18
544 19
544 32
544 52
544 59
544 338
544 383
544 403
544 440
544 464
544 528
544 529
544 544
544 768
544 801
545 10
545 40
545 47
545 86
545 129
545 658
546 13
546 260
546 264
546 384
546 408
546 512
546 552
547 68
547 257
547 561
547 657
547 809
547 875
548 136
548 148
548 264
548 472
548 499
548 569
549 277
549 400
549 402
550 56
550 168
550 288
550 638
550 930
551 83
552 0
552 9
552 134
552 260
552 394
552 516
552 528
552 536
552 613
552 641
552 711
552 775
553 80
553 83
553 139
553 180
554 77
554 184
554 270
554 310
554 453
554 704
555 26
555 274
555 529
556 64
556 147
556 226
556 256
556 528
556 801
557 4
557 656
558 257
558 316
558 657
558 710
559 668
560 55
560 79
560 199
560 260
560 326
560 338
560 508
561 28
561 300
561 324
562 12
562 656
563 82
564 138
564 230
564 231
564 336
564 436
564 685
565 57
565 88
565 573
566 1
566 356
567 17
568 40
568 68
568 296
568 419
568 582
568 812
569 212
569 822
570 931
571 32
571 459
572 7
572 17
572 419
572 816
573 17
573 24
573 166
573 448
573 586
574 35
574 256
574 546
576 0
576 8
576 12
576 114
576 128
576 140
576 168
576 224
576 288
576 308
576 562
576 721
577 4
577 128
577 130
577 338
577 712
578 0
578 68
578 200
578 270
578 512
578 576
578 677
578 690
579 16
579 626
579 672
580 44
580 49
580 137
580 152
580 232
580 274
580 298
580 548
580 578
580 830
581 22
581 308
581 366
581 547
582 200
582 259
583 144
583 194
584 17
584 97
584 262
584 272
584 483
584 519
584 537
584 554
584 610
584 616
584 665
584 705
584 995
585 43
585 80
585 224
585 529
585 960
586 40
586 84
588 280
588 301
588 676
588 688
589 313
589 577
589 588
590 28
590 33
590 39
590 132
590 224
590 421
591 657
592 10
592 276
592 309
592 657
592 900
592 917
593 4
593 16
593 21
593 32
593 33
593 850
593 884
594 0
594 10
594 73
594 532
595 129
595 304
595 876
596 27
596 107
596 169
596 297
597 165
597 490
597 496
597 564
598 186
598 950
600 0
600 11
600 33
600 70
600 74
600 210
600 257
601 12
601 198
601 578
602 11
602 80
602 139
602 262
602 290
602 513
602 813
603 12
603 17
603 212
603 306
604 44
604 256
607 336
608 3
608 305
608 394
608 441
608 512
608 804
609 3
609 66
609 67
609 83
609 196
609 820
610 10
610 94
610 258
610 348
611 332
611 524
611 665
612 0
612 85
612 288
612 588
612 643
612 898
612 978
613 142
613 418
613 517
614 151
614 487
614 522
614 668
616 64
616 176
616 214
616 218
616 782
617 46
617 50
617 512
617 580
618 57
618 131
618 256
618 550
618 563
618 792
619 160
619 232
619 594
620 258
620 269
620 302
620 856
622 49
622 418
623 61
624 70
624 147
624 266
624 304
624 455
625 22
625 34
625 76
626 308
626 856
627 521
628 138
629 628
630 548
630 617
630 704
630 722
631 360
632 110
632 611
632 640
632 856
633 14
634 897
635 145
635 256
636 42
636 66
636 579
637 262
639 230
639 380
640 24
640 67
640 301
640 336
640 388
640 432
640 454
640 520
640 675
640 739
640 833
641 1
641 32
641 34
641 74
641 80
641 102
641 327
641 827
642 106
642 138
642 388
642 520
642 804
643 840
644 0
644 10
644 17
644 32
644 387
644 519
644 552
644 562
644 604
644 773
645 34
645 45
646 0
646 2
646 67
646 384
646 457
646 512
646 519
646 576
646 673
647 337
647 608
647 865
648 8
648 71
648 96
648 384
648 538
648 558
648 670
649 9
649 18
649 34
649 124
649 275
650 2
650 32
650 84
650 492
650 745
650 792
650 844
650 936
651 0
651 176
651 260
651 528
651 536
651 704
651 834
652 26
652 384
652 405
652 537
652 576
652 712
652 784
654 17
654 65
654 99
654 276
654 620
654 768
655 639
655 1005
656 0
656 50
656 66
656 114
656 642
657 270
657 667
658 42
658 140
658 818
658 929
659 1
659 424
659 635
659 734
660 270
660 273
660 410
660 547
660 572
660 640
660 767
660 932
661 136
661 291
661 304
661 404
662 1
662 161
663 6
663 204
663 222
663 453
663 532
663 801
664 267
664 289
664 308
664 460
665 118
665 304
665 515
665 525
668 64
668 307
668 352
668 592
669 141
669 321
670 142
670 260
670 336
670 441
672 19
672 130
672 280
672 345
672 392
672 663
672 771
672 976
673 6
673 68
673 124
673 155
673 320
673 576
673 652
673 688
673 856
674 8
674 160
674 262
674 534
674 740
674 752
674 865
675 259
675 522
675 530
676 13
676 263
676 347
676 533
676 774
677 10
677 12
677 705
678 224
679 78
679 532
679 534
680 32
680 37
680 192
680 258
680 522
680 631
680 743
680 821
680 896
682 29
682 274
682 593
682 938
683 344
683 828
684 96
684 286
684 932
686 181
686 817
686 922
687 34
687 978
688 258
688 866
689 403
689 522
690 773
690 834
691 78
692 18
692 258
692 472
692 672
692 857
692 960
693 4
694 37
694 611
696 726
697 261
698 0
698 17
698 266
699 102
699 515
700 154
700 782
701 8
701 66
702 833
704 22
704 34
704 54
704 66
704 70
704 80
704 261
704 336
704 514
704 545
704 855
704 920
705 0
705 209
705 293
705 493
705 539
706 53
706 148
706 370
706 395
707 0
707 138
707 184
707 243
707 260
707 406
707 679
707 704
707 771
707 865
708 69
708 320
708 549
709 144
709 233
709 547
710 348
711 8
711 49
711 245
711 862
712 408
712 592
712 625
712 852
713 80
714 16
714 526
716 8
716 85
716 171
716 228
717 915
718 266
718 272
718 296
719 34
719 454
719 771
720 263
720 513
720 577
720 969
721 35
721 98
721 170
721 742
721 818
722 0
722 57
722 101
722 581
723 304
723 328
723 741
724 136
724 257
726 48
727 4
727 12
727 56
728 63
729 64
729 66
729 160
729 234
730 29
730 97
730 752
734 204
735 162
736 2
736 64
736 211
737 24
737 33
737 48
737 992
738 9
738 34
738 145
738 352
738 512
739 1
739 52
739 338
739 640
740 90
740 396
740 552
740 591
740 663
740 908
741 8
741 585
742 20
742 65
744 40
744 73
744 287
744 323
746 200
746 358
746 560
747 37
748 66
748 258
748 352
748 354
748 538
748 608
748 836
749 181
750 35
750 40
751 561
752 1
753 1
754 256
754 929
755 348
755 496
756 66
757 144
758 60
758 535
760 337
760 648
764 710
765 168
765 517
766 200
766 424
766 529
767 297
768 0
768 4
768 16
768 34
768 52
768 70
768 75
768 128
768 230
768 305
769 2
769 16
769 131
769 145
769 169
769 232
769 297
770 0
770 8
770 36
770 136
770 268
770 299
770 328
770 488
770 707
771 81
771 101
771 363
771 394
771 842
772 105
772 139
772 522
773 36
773 57
773 70
773 79
773 260
773 468
774 0
774 308
774 393
774 613
774 853
775 94
775 184
776 8
776 54
776 65
776 72
776 96
776 113
776 673
776 973
777 0
777 49
777 64
777 117
777 201
777 641
778 35
778 66
778 104
778 331
778 400
778 672
779 72
779 184
779 224
779 420
779 552
780 33
780 96
780 107
780 210
780 588
780 675
781 1
781 29
782 19
782 68
782 94
782 257
782 513
782 577
782 902
783 12
783 197
783 279
783 392
783 771
783 898
784 0
784 4
784 28
784 97
784 282
784 325
784 398
784 439
784 448
784 514
784 648
785 8
785 22
785 363
785 538
785 774
786 8
786 20
786 146
786 153
786 166
786 288
786 432
786 661
786 722
786 802
787 36
787 121
787 160
787 257
788 24
788 25
788 35
788 160
788 545
788 724
788 740
788 930
789 546
789 561
789 845
790 108
790 346
790 516
790 863
791 11
791 83
791 161
791 208
791 548
792 34
792 225
792 520
792 569
792 579
792 586
793 392
793 592
793 720
794 1
794 6
794 255
794 273
794 644
795 330
796 16
796 18
796 76
797 78
797 99
797 256
798 43
799 68
799 90
800 0
800 25
800 68
800 356
800 564
801 0
801 22
801 75
801 194
801 234
801 296
801 334
801 590
801 705
802 24
802 781
803 56
803 68
803 521
803 536
804 9
804 21
804 132
804 144
804 520
805 801
806 2
807 3
807 37
807 512
808 180
808 273
808 545
808 550
808 556
808 683
808 749
809 134
809 174
809 196
809 267
810 888
811 95
811 128
811 407
811 520
812 0
812 40
812 74
812 211
812 224
812 812
814 130
814 343
815 22
816 99
816 195
816 504
816 579
817 91
817 182
817 724
818 365
818 625
819 193
820 117
820 276
820 755
821 418
821 516
822 97
823 216
824 50
824 160
824 362
824 514
825 139
826 96
827 55
828 63
829 160
830 532
832 27
832 296
832 553
833 421
833 900
834 6
834 76
834 513
834 536
834 549
834 617
835 60
835 169
835 194
835 736
836 0
836 64
836 100
836 256
836 805
837 3
837 8
837 114
837 132
837 154
838 18
838 186
838 911
839 22
839 146
840 17
840 127
840 592
840 1008
841 48
841 279
842 225
842 261
842 372
843 174
844 144
844 281
844 398
845 1
845 80
845 302
846 584
849 160
849 836
850 0
850 152
851 268
852 323
852 680
853 321
854 104
855 202
856 32
856 134
856 224
856 275
857 418
858 113
858 281
858 657
859 526
860 66
860 163
861 1
862 114
862 131
862 420
864 12
864 91
864 231
864 641
865 0
865 6
865 69
865 132
865 304
865 368
865 640
866 128
866 139
866 364
867 260
867 412
868 42
868 60
868 137
869 1
869 645
870 68
870 97
870 959
871 0
872 19
872 318
872 322
872 541
873 16
873 512
874 256
876 427
876 514
878 20
879 567
880 4
880 256
880 528
880 530
880 777
881 53
882 326
884 267
885 683
886 626
887 448
889 65
889 258
889 544
892 153
894 849
895 518
895 684
896 1
896 36
896 44
896 46
896 196
896 269
896 277
897 5
897 79
897 211
897 272
897 873
898 15
898 128
898 172
898 639
898 827
899 10
899 20
899 32
899 128
899 412
899 622
899 704
899 786
900 0
900 68
900 90
900 129
900 357
900 839
901 0
901 66
901 100
901 192
901 537
902 294
902 586
902 785
903 80
903 256
903 656
904 30
904 345
904 544
904 577
904 785
905 24
905 47
905 332
906 104
906 789
907 30
907 344
908 12
908 129
908 524
909 22
909 640
910 258
910 768
912 18
912 150
912 204
912 824
913 49
913 419
913 776
914 154
914 641
914 647
914 941
915 101
915 680
916 66
916 98
916 200
916 278
916 762
916 840
917 516
917 675
918 64
918 135
918 144
918 179
919 123
919 144
920 106
920 732
920 898
921 945
922 65
922 893
923 643
924 546
924 786
924 821
924 936
925 529
926 566
927 49
927 364
928 21
928 244
928 492
929 16
929 18
929 54
929 264
929 318
929 529
929 580
930 475
931 256
932 5
933 39
933 143
934 27
934 627
936 3
936 67
936 98
936 198
936 264
936 267
937 595
939 544
940 9
940 32
940 155
941 194
941 673
941 837
942 172
944 288
944 580
944 768
946 26
946 34
946 102
946 148
946 258
946 290
946 480
946 648
947 195
947 473
948 145
950 88
951 561
956 260
956 450
958 220
960 80
960 336
960 460
960 778
961 0
961 752
961 834
962 100
963 516
964 36
964 129
964 256
964 689
965 39
965 235
965 262
965 672
966 114
967 22
967 150
967 725
968 3
968 67
968 546
968 630
969 72
969 165
969 180
970 454
970 525
970 550
972 160
974 278
974 521
975 574
976 161
976 176
977 1
977 912
978 88
978 122
978 172
978 201
978 640
980 546
982 980
984 236
984 315
984 560
984 770
986 8
986 17
987 0
989 352
989 405
990 268
991 257
992 164
992 458
992 496
993 16
993 194
994 283
995 803
996 531
998 3
998 290
998 705
999 4
999 64
1000 65
1000 67
1001 195
1001 784
1003 502
1003 897
1004 4
1004 338
1006 416
1008 3
1008 18
1008 418
1009 36
1009 208
1010 152
1011 333
1011 745
1012 260
1012 918
1013 36
1013 68
1016 741
1017 290
1017 408
1019 367
1020 337
1021 257
