# Synthetic Kronecker Graph 
# Edges are directed 
0 0
0 3
0 10
0 18
0 64
0 81
0 88
0 164
0 174
0 209
0 263
0 273
0 288
0 320
0 404
0 423
0 457
0 458
0 536
0 556
0 561
0 579
0 587
0 616
0 641
0 768
0 771
0 985
0 1036
0 1041
0 1060
0 1091
0 1104
0 1116
0 1122
0 1152
0 1191
0 1315
0 1320
0 1326
0 1793
1 130
1 233
1 266
1 274
1 297
1 403
1 443
1 576
1 592
1 648
1 709
1 834
1 1024
1 1108
1 1152
1 1523
1 1665
1 1825
1 1862
2 0
2 8
2 16
2 25
2 138
2 150
2 258
2 306
2 366
2 385
2 532
2 593
2 645
2 672
2 757
2 777
2 832
2 1042
2 1094
2 1152
2 1184
2 1541
2 1557
2 1816
2 1955
3 96
3 224
3 312
3 421
3 433
3 473
3 524
3 544
3 753
3 774
3 1061
3 1073
3 1100
3 1156
3 1376
3 1812
4 0
4 8
4 20
4 69
4 75
4 85
4 101
4 279
4 325
4 333
4 340
4 513
4 535
4 666
4 672
4 808
4 826
4 923
4 928
4 1011
4 1024
4 1368
4 1544
4 1552
4 1561
4 1600
4 1665
4 1760
5 11
5 28
5 66
5 77
5 131
5 392
5 542
5 544
5 822
5 1058
5 1106
5 1559
5 1653
5 1684
6 38
6 41
6 137
6 150
6 154
6 168
6 213
6 290
6 363
6 384
6 410
6 493
6 515
6 536
6 540
6 545
6 644
6 982
6 1120
6 1165
6 1171
6 1284
6 1493
7 0
7 44
7 128
7 260
7 421
7 512
7 513
7 584
7 1000
7 1042
7 1203
7 1246
7 1280
7 1506
7 1792
7 2000
8 4
8 41
8 70
8 148
8 178
8 259
8 300
8 318
8 352
8 358
8 390
8 460
8 469
8 484
8 896
8 1072
8 1224
8 1254
8 1259
8 1305
8 1323
8 1504
8 1552
8 1698
8 1731
8 1984
8 2025
9 4
9 548
9 552
9 565
9 581
9 784
9 812
9 899
9 1078
9 1183
9 1411
9 1415
10 6
10 32
10 49
10 64
10 105
10 179
10 294
10 1027
10 1089
10 1090
10 1164
10 1250
10 1393
10 1456
10 1552
10 1833
11 32
11 53
11 278
11 539
11 583
11 786
11 844
11 1104
11 1109
11 1476
11 1664
11 1913
11 1972
12 65
12 68
12 75
12 91
12 92
12 342
12 580
12 641
12 738
12 768
12 803
12 912
12 1041
12 1158
12 1216
12 1297
13 55
13 518
13 528
13 772
13 1448
13 1449
13 1544
14 0
14 2
14 21
14 114
14 449
14 512
14 817
14 930
14 1025
14 1158
14 1536
14 1560
14 2032
15 67
15 74
15 146
15 336
15 387
15 392
15 548
15 656
15 662
15 904
15 1033
15 1288
15 1823
15 1946
15 1983
16 15
16 71
16 82
16 172
16 244
16 769
16 1048
16 1216
16 1280
16 1536
16 1613
16 1794
16 1808
16 1991
16 2039
17 20
17 34
17 45
17 192
17 226
17 272
17 273
17 329
17 400
17 448
17 508
17 798
17 800
17 1288
17 1316
17 1413
17 1596
17 1680
17 1805
18 0
18 1
18 3
18 50
18 152
18 329
18 384
18 522
18 560
18 768
18 1069
18 1095
18 1121
18 1168
18 1249
18 1537
19 18
19 102
19 514
19 561
19 1024
19 1321
20 0
20 72
20 115
20 256
20 339
20 405
20 426
20 548
20 1309
20 1392
20 1504
20 1665
20 1729
21 2
21 10
21 34
21 249
21 359
21 1106
21 1485
21 1601
21 1603
21 1687
21 1991
22 0
22 209
22 512
22 1722
23 0
23 641
23 664
23 1093
23 1626
23 1792
24 40
24 80
24 176
24 299
24 365
24 540
24 619
24 773
24 1707
25 1
25 8
25 288
25 578
25 1088
25 1097
26 53
26 172
26 181
26 221
26 306
26 656
26 676
26 711
26 906
26 1100
26 1238
26 1249
26 1289
27 91
27 268
27 330
27 424
27 812
27 893
27 896
27 928
27 1088
27 1568
27 1832
28 132
28 156
28 200
28 213
28 746
28 1644
28 1984
29 3
29 47
29 51
29 142
29 145
29 180
29 194
29 328
29 740
29 1068
29 1093
29 1300
29 1433
29 1624
30 60
30 139
30 280
30 610
30 1081
30 1648
31 730
31 834
31 967
31 1036
31 1608
31 1970
32 2
32 16
32 20
32 48
32 57
32 70
32 105
32 142
32 238
32 372
32 376
32 453
32 515
32 527
32 536
32 740
32 769
32 913
32 960
32 1024
32 1228
32 1410
32 1544
32 1545
32 1563
32 2025
33 80
33 128
33 170
33 209
33 224
33 258
33 642
33 1104
33 1195
33 1291
33 1666
33 1785
34 29
34 85
34 90
34 128
34 139
34 270
34 482
34 536
34 556
34 580
34 729
34 769
34 910
34 928
34 1142
34 1155
34 1176
34 1202
34 1352
34 1392
34 1444
34 1563
35 256
35 336
35 666
35 1028
35 1532
35 1680
35 1688
35 1820
36 28
36 34
36 104
36 167
36 261
36 300
36 385
36 451
36 472
36 546
36 846
36 931
36 1154
36 1235
36 1477
36 1616
36 1942
37 27
37 152
37 167
37 291
37 353
37 552
37 773
37 1056
37 1080
37 1310
37 1583
38 32
38 120
38 124
38 134
38 193
38 418
38 448
38 514
38 540
38 1089
38 1570
39 0
39 8
39 76
39 400
39 540
39 980
39 1171
39 1228
39 1428
40 0
40 7
40 32
40 35
40 108
40 152
40 264
40 772
40 1330
40 1686
40 1739
41 384
41 436
41 560
41 769
41 833
41 1607
42 0
42 256
42 344
42 441
42 555
42 786
42 1163
42 1426
43 7
43 25
43 43
43 260
43 628
43 852
43 1044
44 163
44 273
44 531
44 688
44 1036
44 1422
44 1445
44 1622
45 200
45 264
45 722
45 1682
46 48
46 51
46 101
46 884
46 1219
46 1280
47 3
47 64
47 72
47 151
47 524
47 1169
48 116
48 139
48 362
48 417
48 540
48 678
48 710
48 1052
48 1094
48 1160
48 1164
48 1218
48 1464
49 1
49 34
49 257
49 1348
49 1478
49 1871
50 81
50 156
50 280
50 306
50 541
50 579
50 769
50 1072
50 1154
50 1282
50 1543
50 1642
50 1675
51 24
51 472
51 788
51 818
51 1041
52 8
52 56
52 64
52 80
52 108
52 121
52 136
52 160
52 273
52 518
52 708
53 44
53 195
53 800
53 914
53 1134
53 1190
53 1824
53 1954
54 8
54 41
54 160
54 576
54 768
54 1985
55 552
55 1024
56 6
56 91
56 98
56 136
56 163
56 258
56 362
56 625
56 771
56 780
56 825
56 840
56 995
56 1432
56 1508
56 1563
56 1696
57 18
57 32
57 36
57 533
57 577
57 1027
58 53
58 67
58 82
58 100
58 406
58 1512
58 1992
59 32
59 520
59 804
59 1548
60 2
60 69
60 191
60 337
60 1040
60 1184
60 1319
60 1334
61 78
61 164
61 1378
63 770
63 1184
64 45
64 57
64 144
64 296
64 329
64 339
64 352
64 437
64 544
64 656
64 814
64 1036
64 1220
64 1240
64 1284
65 480
65 537
65 692
65 780
65 850
65 897
65 948
65 1026
65 1027
65 1094
65 1136
65 1188
65 1465
65 1546
65 1585
66 195
66 274
66 279
66 582
66 1090
66 1106
66 1152
66 1301
66 1317
67 265
67 713
67 1041
67 1094
67 1378
67 1500
67 1811
68 248
68 384
68 396
68 464
68 500
68 564
68 748
68 788
68 802
68 897
68 1026
68 1042
68 1066
68 1280
68 1553
68 1557
68 1680
68 1976
69 65
69 80
69 146
69 281
69 896
69 1088
69 1120
69 1174
70 32
70 120
70 144
70 268
70 425
70 672
70 1122
70 1536
71 30
71 37
71 208
71 344
71 416
71 545
71 1308
71 1536
71 1765
72 7
72 35
72 48
72 193
72 536
72 782
72 824
72 904
72 1025
72 1186
72 1216
72 1232
73 44
73 544
73 576
73 681
73 778
73 911
73 1064
73 1162
73 1284
73 1287
73 1378
74 4
74 146
74 179
74 449
74 531
74 645
74 662
74 677
74 1099
74 1152
74 1216
74 1230
74 1283
74 1305
74 1396
74 1552
74 1732
74 1810
75 433
75 489
75 532
75 1059
75 1064
75 1415
75 1594
75 1691
76 3
76 7
76 11
76 23
76 37
76 260
76 403
76 707
76 739
76 831
76 908
76 980
76 1032
76 1697
77 5
77 82
77 252
77 562
77 643
77 785
77 1075
77 1313
77 1856
77 1920
78 97
78 266
78 433
78 833
78 1004
78 1057
78 1099
78 1547
78 1728
79 16
79 80
79 912
79 1026
80 131
80 172
80 192
80 297
80 384
80 392
80 410
80 460
80 467
80 596
80 704
80 802
80 818
80 1065
80 1373
80 1421
81 2
81 40
81 68
81 482
81 496
81 848
81 938
81 1236
81 1320
81 1360
81 1800
82 83
82 107
82 195
82 196
82 256
82 473
82 1121
82 1196
83 442
83 624
83 649
84 61
84 268
84 321
84 385
84 456
84 792
84 818
84 1060
84 1062
85 128
85 256
85 800
85 1024
85 1026
85 1507
85 1600
86 68
87 34
87 172
87 219
87 780
87 1061
87 1220
88 64
88 158
88 160
88 212
88 266
88 358
88 404
88 465
88 1082
88 1280
88 1329
89 21
89 1065
89 1160
89 1314
89 1357
89 1608
89 1664
90 116
90 193
90 292
90 468
90 777
90 1933
91 82
91 1172
92 8
92 78
92 81
92 550
92 1350
92 1476
92 1568
93 141
93 152
93 198
93 766
94 568
94 904
94 1042
94 1413
95 1
95 277
96 36
96 72
96 82
96 102
96 148
96 167
96 215
96 289
96 512
96 594
96 883
96 1028
96 1060
96 1200
96 1283
96 1460
96 1730
97 18
97 98
97 516
97 629
97 727
97 1193
97 1539
97 1650
98 20
98 130
98 262
98 323
98 576
98 928
98 934
98 960
98 1026
98 1061
98 1362
98 1822
99 126
99 296
99 529
100 2
100 145
100 216
100 266
100 330
100 1121
100 1296
100 1774
101 3
101 27
101 49
101 287
101 520
101 688
101 977
101 1309
101 1638
102 52
102 1032
102 1568
103 1434
104 8
104 66
104 69
104 88
104 406
104 600
104 641
104 1026
104 1094
104 1241
104 1280
104 1349
104 1536
104 1537
104 1543
104 1757
105 16
105 32
105 397
105 456
105 675
105 1281
106 41
106 98
106 101
106 525
106 580
106 707
106 768
107 132
107 161
107 330
107 384
107 1037
107 1433
107 1528
108 36
108 118
108 321
108 468
108 541
108 597
108 914
108 1095
108 1600
109 38
109 323
109 385
109 713
109 1669
110 780
110 1377
111 352
111 554
112 9
112 18
112 272
112 515
112 529
112 737
112 1320
112 1589
113 4
113 160
113 512
113 833
113 1198
113 1230
113 1315
113 1544
114 70
114 353
114 512
114 852
114 1112
114 1350
114 1476
115 60
115 364
115 896
115 1188
115 1434
116 281
116 328
116 519
116 1040
116 1421
116 1520
117 385
117 913
118 342
118 516
118 560
118 740
118 1687
119 410
120 35
120 63
120 200
120 456
120 512
120 591
120 662
120 1066
120 1537
120 1960
121 176
121 830
121 1554
122 160
122 300
122 544
122 771
122 1868
123 64
123 66
123 420
123 689
123 818
123 1368
124 6
124 386
124 544
124 922
124 1171
125 288
125 821
125 1154
125 1298
126 357
126 1297
126 1672
126 1714
126 1720
127 1490
128 1
128 4
128 44
128 64
128 76
128 116
128 130
128 170
128 199
128 200
128 456
128 594
128 640
128 704
128 777
128 994
128 1026
128 1028
128 1064
128 1092
128 1122
128 1157
128 1166
128 1285
128 1295
128 1312
128 1358
128 1408
128 1676
128 1839
128 1891
129 48
129 52
129 66
129 76
129 304
129 525
129 533
129 589
129 616
129 712
129 768
129 1030
129 1033
129 1056
129 1392
129 1446
129 1536
129 1849
130 61
130 152
130 160
130 368
130 487
130 518
130 544
130 772
130 897
130 898
130 1034
130 1069
130 1073
130 1091
130 1220
130 1250
130 1337
130 1361
130 1737
130 1804
131 16
131 35
131 265
131 308
131 417
131 1152
131 1284
131 1288
131 1520
131 1537
131 1572
131 1688
131 1921
132 1
132 16
132 132
132 148
132 270
132 432
132 545
132 581
132 643
132 1050
132 1320
132 1576
132 1588
132 1604
132 1637
132 1648
133 69
133 121
133 149
133 288
133 337
133 864
133 928
133 1266
133 1286
133 1818
134 25
134 75
134 92
134 154
134 194
134 382
134 600
134 624
134 678
134 813
134 917
134 1047
134 1280
134 1313
134 1376
134 1428
134 1620
135 16
135 25
135 641
135 965
135 1736
136 1
136 97
136 144
136 234
136 256
136 384
136 588
136 613
136 896
136 1037
136 1040
136 1281
136 1312
136 1415
136 1668
136 1828
136 1855
137 17
137 36
137 305
137 385
137 402
137 528
137 1060
137 1064
137 1362
138 587
138 1040
138 1113
138 1804
139 308
139 928
139 1040
140 8
140 112
140 256
140 258
140 848
140 1159
140 1263
140 1386
140 1591
140 1600
140 1687
140 1802
141 100
141 130
141 267
141 901
141 1064
141 1280
141 1409
141 1585
141 1684
142 32
142 131
142 712
143 37
143 172
143 233
143 513
143 540
143 576
143 850
143 942
143 1027
143 1505
144 14
144 84
144 576
144 586
144 704
144 1076
144 1680
145 266
145 676
145 1096
145 1176
145 1828
145 1860
146 16
146 36
146 192
146 552
146 588
146 628
146 793
146 905
146 1190
146 1229
146 1248
146 1574
146 1664
146 1670
147 0
147 213
147 1059
147 1105
147 1229
147 1412
148 193
148 464
148 496
148 528
148 576
148 633
148 816
148 826
148 1017
148 1117
148 1882
149 3
149 47
149 256
149 296
149 448
149 500
149 770
149 1418
149 1568
150 136
150 272
150 688
150 1556
151 28
151 300
151 940
152 4
152 6
152 8
152 16
152 84
152 168
152 169
152 217
152 530
152 656
152 769
152 1159
152 1558
152 1672
152 1744
152 1830
153 26
153 386
153 534
154 24
154 176
154 198
154 280
154 315
154 374
154 593
154 610
154 712
154 928
154 1130
154 1575
154 1843
155 528
155 1153
155 1856
156 321
156 1409
157 14
157 225
157 592
158 16
158 276
158 784
158 872
158 1409
158 1541
159 144
159 800
159 1058
159 1417
160 0
160 20
160 40
160 97
160 105
160 114
160 281
160 302
160 362
160 450
160 513
160 608
160 642
160 672
160 883
160 1025
160 1568
160 1684
161 36
161 321
161 1040
161 1280
161 1334
161 1602
162 0
162 24
162 32
162 66
162 160
162 193
162 489
162 518
162 880
162 934
162 1004
162 1329
162 1512
163 64
163 68
163 69
163 548
163 768
163 774
163 1368
163 1537
164 0
164 18
164 48
164 67
164 148
164 323
164 385
164 396
164 568
164 603
164 650
164 1032
164 1108
164 1171
164 1667
165 258
165 660
165 771
165 1200
165 1282
166 13
166 80
166 85
166 267
166 1172
166 1280
167 310
167 772
167 1564
168 2
168 24
168 34
168 75
168 82
168 135
168 190
168 201
168 287
168 336
168 356
168 517
168 598
168 753
168 777
168 833
168 1274
168 1737
168 1872
169 130
169 149
169 512
169 1248
169 1632
170 9
170 309
170 386
170 858
170 1776
171 4
171 180
171 194
171 272
171 660
171 1282
171 1880
172 0
172 3
172 72
172 78
172 206
172 262
172 1419
172 1680
172 1684
172 1690
173 290
173 776
173 785
173 1802
174 45
174 281
174 293
174 608
174 1108
174 1321
175 137
175 201
175 1601
175 1976
176 329
176 336
176 448
176 513
176 517
176 520
176 544
176 1028
176 1114
176 1173
176 1502
177 526
177 997
177 1043
177 1227
178 397
178 656
178 692
178 781
178 1366
178 1544
178 1664
179 8
179 112
179 1044
180 0
180 130
180 340
180 555
180 1024
180 1157
180 1696
180 1953
180 1984
181 0
181 65
182 262
182 264
182 292
182 547
182 918
182 1296
182 1472
182 1475
182 1688
183 140
183 608
183 1540
184 1
184 16
184 96
184 130
184 515
184 664
184 836
184 840
184 1040
184 1088
184 1552
184 1797
185 56
185 576
185 1472
185 1540
186 576
186 960
186 1038
186 1458
186 1921
187 168
187 305
187 909
187 1035
187 1364
188 274
188 1085
189 266
189 274
190 32
190 269
191 1251
192 1
192 10
192 21
192 320
192 321
192 353
192 429
192 516
192 522
192 577
192 586
192 818
192 928
192 1140
192 1162
192 1326
192 1482
192 1788
192 1810
193 10
193 18
193 206
193 247
193 306
193 517
193 1008
193 1344
193 1402
193 1512
194 0
194 5
194 55
194 64
194 66
194 128
194 284
194 290
194 1344
194 1726
195 805
195 1328
196 101
196 105
196 129
196 178
196 226
196 348
196 560
196 612
196 1106
196 1122
197 13
197 87
197 153
197 320
197 1028
197 1080
197 1154
197 1240
198 9
198 12
198 80
198 568
198 1006
198 1025
198 1092
198 1110
198 1487
199 17
199 26
199 225
199 683
199 817
199 1031
200 3
200 66
200 577
200 856
201 72
201 106
201 302
201 364
201 565
201 1057
201 1452
201 1528
201 1616
202 3
202 936
202 1380
202 1412
203 48
203 1122
204 0
204 661
204 1169
204 1698
204 1724
205 1
205 290
205 520
205 525
205 646
205 1038
205 1946
206 178
206 393
206 520
206 1474
207 582
208 0
208 36
208 161
208 238
208 320
208 864
208 1679
208 1921
209 140
209 160
209 652
209 1024
209 1114
210 6
210 7
210 105
210 229
210 289
210 392
210 433
210 1762
211 372
211 435
211 466
211 740
212 128
212 149
212 1073
212 1349
212 1667
213 16
213 148
213 1482
213 2009
214 919
214 1808
215 282
215 547
216 200
216 206
216 212
216 419
216 780
216 1248
216 1497
216 1665
217 4
217 21
217 133
217 172
217 512
218 522
218 1632
218 1642
219 277
219 616
219 880
220 16
220 514
220 1538
221 192
221 386
221 672
221 1033
222 128
222 257
222 1024
222 1192
222 1698
222 1872
223 30
223 1154
223 1281
223 1743
224 128
224 266
224 274
224 437
224 481
224 526
224 1082
224 1284
224 1348
224 1610
224 1802
225 6
225 290
225 518
225 1190
225 1337
225 1537
226 1166
226 1605
226 1860
227 60
227 87
227 162
227 800
228 4
228 25
228 144
228 267
228 514
228 581
228 1322
228 1737
229 4
229 777
229 803
230 3
230 132
230 400
230 940
230 1091
230 1399
230 1798
230 1924
231 134
231 144
231 1654
232 257
232 265
232 338
232 970
232 1960
233 0
233 34
233 728
233 820
233 1044
234 40
234 784
234 868
235 392
235 1028
235 1587
235 1831
236 20
236 182
236 1160
237 135
237 1198
238 109
238 128
238 1072
239 240
239 1581
240 131
240 587
240 650
240 709
240 1042
240 1216
241 1040
242 13
242 16
242 84
242 112
242 1435
242 1461
242 1698
243 465
243 776
243 1693
244 82
244 289
244 337
244 650
244 1539
245 305
246 100
246 1093
246 1352
247 104
247 113
247 1027
247 1840
248 336
248 575
248 641
249 621
249 675
249 1600
250 267
250 290
250 1139
250 1220
251 34
252 16
252 392
252 897
252 1029
252 1844
253 32
253 88
254 529
255 84
255 1107
256 14
256 73
256 93
256 272
256 321
256 525
256 657
256 752
256 805
256 1032
256 1064
256 1152
256 1156
256 1163
256 1232
256 1284
256 1296
256 1327
256 1500
256 1573
256 1806
256 2004
257 10
257 44
257 60
257 153
257 298
257 631
257 656
257 671
257 1545
258 3
258 40
258 43
258 44
258 54
258 363
258 593
258 612
258 742
258 945
258 1031
258 1106
258 1447
258 1461
258 1596
258 1600
259 36
259 73
259 160
259 244
259 312
259 388
259 481
259 524
259 576
259 667
259 709
259 902
259 983
259 1152
259 1158
259 1317
259 1816
260 1
260 5
260 101
260 120
260 130
260 229
260 240
260 270
260 532
260 629
260 1038
260 1084
260 1309
260 1457
260 1469
260 1712
260 1824
261 33
261 169
261 608
261 800
261 1024
261 1155
261 1393
261 1668
261 1675
262 85
262 130
262 325
262 548
262 700
262 1536
262 1987
263 20
263 41
263 528
263 1065
263 1320
263 1398
263 1575
264 267
264 368
264 400
264 484
264 512
264 566
264 585
264 681
264 784
264 869
264 1026
264 1168
264 1202
264 1564
264 1700
264 1861
264 1876
264 1902
264 1922
265 24
265 60
265 145
265 186
265 197
265 836
265 1040
265 1220
265 1937
266 0
266 160
266 180
266 192
266 197
266 284
266 292
266 392
266 654
266 679
266 684
266 1034
266 1092
266 1350
266 1352
266 1397
266 1749
267 100
267 256
267 280
267 308
267 682
267 1424
268 3
268 18
268 112
268 199
268 320
268 400
268 492
268 960
268 1057
268 1064
268 1434
268 1443
268 1565
269 67
269 82
269 90
269 144
269 234
269 276
269 338
269 394
269 466
269 512
269 804
270 114
270 388
270 513
271 163
271 275
271 441
271 558
271 1372
272 26
272 27
272 32
272 80
272 90
272 171
272 192
272 256
272 273
272 313
272 400
272 406
272 512
272 596
272 604
272 673
272 753
272 1098
272 1171
272 1440
272 1685
272 1929
273 0
273 52
273 76
273 99
273 584
273 776
273 1068
273 1108
273 1112
273 1344
273 1404
273 1597
274 41
274 64
274 136
274 192
274 576
274 913
274 1062
274 1152
274 1280
274 1649
274 1667
275 148
275 1034
275 1872
275 1954
275 1994
275 2006
276 20
276 82
276 129
276 268
276 274
276 353
276 518
276 560
276 768
276 875
276 1080
276 1576
276 1715
276 1796
276 1997
277 172
277 236
277 394
277 402
277 1797
278 9
278 66
278 290
278 532
278 536
278 584
278 594
278 1024
278 1472
279 16
279 88
279 129
279 169
279 1698
280 4
280 19
280 133
280 278
280 772
280 1050
280 1081
280 1284
280 1432
280 1555
281 70
281 128
281 150
281 259
281 672
281 1040
281 1169
281 1773
281 1840
282 0
282 89
282 116
282 305
282 390
282 523
282 596
282 945
282 1408
282 1508
282 1540
283 96
283 288
283 368
283 655
283 852
283 1074
283 1264
283 1284
284 72
284 130
284 594
284 1282
284 1796
284 1801
285 641
285 800
285 818
285 1232
286 1
286 490
286 775
287 96
288 5
288 18
288 19
288 54
288 64
288 192
288 193
288 312
288 533
288 898
288 1048
288 1312
288 1384
288 1611
288 1813
289 65
289 84
289 528
289 530
289 546
289 628
289 772
289 1124
290 1
290 9
290 97
290 132
290 400
290 545
290 669
290 781
290 1745
290 2032
291 98
291 657
291 1540
292 64
292 258
292 594
292 642
292 696
292 1045
292 1072
292 1146
292 1766
293 92
293 128
293 134
293 182
293 363
293 372
293 415
293 1929
294 1
294 2
294 3
294 134
294 144
294 1234
294 1418
294 1456
295 135
295 257
295 385
295 1024
295 1089
295 1826
296 24
296 32
296 67
296 84
296 153
296 205
296 780
296 832
296 1121
296 1612
297 8
297 262
297 361
297 906
297 1028
297 1040
297 1059
297 1448
298 142
298 154
298 284
298 517
298 576
298 768
298 1102
298 1674
298 1756
298 1958
299 190
299 268
299 1196
299 1385
299 1422
299 1916
299 1986
300 114
300 115
300 520
300 640
300 723
300 1282
301 9
301 145
301 301
301 693
301 768
301 1561
302 76
302 132
302 1730
303 161
303 596
304 96
304 122
304 166
304 309
304 356
304 400
304 459
304 505
304 513
304 612
304 640
304 1218
304 1345
305 71
305 674
305 1282
306 6
306 28
306 60
306 149
306 524
306 639
306 885
306 1088
307 71
307 1478
307 1800
308 449
308 512
308 585
308 833
308 1152
308 1516
309 10
309 20
310 346
310 400
311 676
311 773
312 1
312 120
312 256
312 669
312 1322
312 1642
313 140
313 272
313 385
313 1116
314 12
314 16
314 329
314 465
314 840
314 1037
314 1448
315 128
316 176
316 483
317 1286
317 1367
318 28
318 273
318 1105
318 1538
319 404
319 1353
320 2
320 31
320 78
320 131
320 256
320 258
320 317
320 525
320 544
320 661
320 834
320 853
320 992
320 1028
320 1136
320 1193
320 1329
320 1603
320 2004
321 151
321 157
321 322
321 516
321 720
321 1043
321 1292
321 1413
321 1668
322 21
322 162
322 218
322 522
322 624
322 633
322 1028
322 1216
323 416
323 782
323 1109
324 1
324 10
324 46
324 162
324 169
324 176
324 192
324 289
324 356
324 562
324 589
324 776
324 1026
324 1056
324 1076
324 1300
324 1576
325 16
325 138
325 840
325 842
325 1098
325 1803
326 36
326 276
326 859
326 1112
326 1229
326 1554
327 280
327 322
327 775
328 29
328 32
328 35
328 80
328 130
328 161
328 472
328 704
328 776
328 1088
328 1713
329 68
329 134
329 271
329 1038
329 1315
330 2
330 432
330 514
330 1032
330 1120
330 1576
331 145
331 256
331 321
331 1381
332 0
332 70
332 257
332 514
332 556
332 622
332 624
332 712
332 1080
332 1094
332 1220
332 1290
332 1896
333 272
333 364
334 0
334 560
334 832
334 1026
334 1051
335 453
336 224
336 548
336 662
336 1025
336 1056
337 4
337 672
337 894
337 1342
337 1394
338 137
338 140
338 149
338 196
338 265
338 552
338 684
338 824
338 1456
338 1666
339 688
339 707
339 787
339 928
339 1049
340 5
340 116
340 552
340 712
340 716
340 1545
341 34
341 96
341 248
341 528
341 1692
342 888
342 1232
343 16
343 28
343 293
343 1204
344 4
344 18
344 37
344 53
344 140
344 194
344 256
344 264
344 1056
344 1692
345 256
345 260
345 1024
345 1155
346 1
346 137
346 168
346 260
346 731
346 1184
346 1353
347 1600
347 1608
348 290
348 648
348 773
348 978
349 1106
349 1129
349 1168
350 1520
350 1886
351 36
351 273
352 0
352 320
352 325
352 394
352 538
352 642
352 1552
352 1569
352 1696
353 273
353 306
353 528
353 1040
353 1120
353 1217
353 1480
353 1583
353 1793
354 17
354 66
354 80
354 292
354 524
354 1448
354 1712
354 1752
355 64
355 512
355 1037
355 1280
356 0
356 10
356 706
356 734
356 784
356 1090
356 1155
356 1736
357 12
357 128
357 230
357 338
357 1025
358 75
358 152
358 192
358 1216
359 321
359 1040
359 1406
359 1602
360 22
360 44
360 157
360 259
360 1209
360 1317
360 1664
360 1698
361 384
361 1585
362 115
362 520
362 1333
362 1386
362 1496
363 12
363 388
364 522
364 712
364 1168
365 42
365 417
366 52
366 80
366 280
366 962
366 1089
366 1156
366 1570
367 987
368 129
368 134
368 228
368 368
368 1040
368 1044
368 1065
368 1084
368 1594
368 1632
368 1870
368 1906
368 1991
368 1996
369 128
369 263
369 558
369 868
369 1027
369 1037
369 1090
369 1556
370 32
370 384
370 793
370 804
370 1112
371 258
371 469
371 518
371 609
371 1601
372 25
372 204
372 834
373 1409
374 535
374 1196
374 1562
375 256
375 2009
376 353
376 512
376 1065
376 1216
376 1338
376 1504
376 1649
377 16
377 48
377 385
377 1412
378 14
378 1024
378 1071
378 1538
378 1600
379 1320
379 1932
380 820
381 11
381 588
381 781
381 861
382 531
382 1138
383 1200
384 7
384 18
384 133
384 160
384 192
384 216
384 320
384 486
384 495
384 557
384 1379
384 1579
384 1600
384 1602
384 1621
384 1678
385 1
385 12
385 74
385 224
385 931
385 1269
385 1642
386 33
386 40
386 49
386 61
386 154
386 194
386 313
386 595
386 612
386 709
386 715
386 1056
386 1075
386 1132
386 1360
387 32
387 63
387 156
387 787
387 1167
387 1410
387 1875
388 69
388 200
388 273
388 512
388 548
388 1328
388 1573
389 8
389 387
389 522
389 608
389 685
389 1044
390 31
390 48
391 46
391 720
391 800
391 815
391 1447
391 1536
392 21
392 38
392 39
392 80
392 278
392 338
392 629
392 996
392 1026
392 1055
392 1171
392 1800
392 1825
392 1834
392 2016
393 15
393 46
393 64
393 70
393 1044
393 1282
393 1320
394 7
394 64
394 216
394 258
394 320
394 360
394 592
394 774
394 1583
394 1595
394 1843
394 1925
395 128
395 203
395 213
395 348
395 1412
396 37
396 146
396 560
396 1184
396 1808
397 23
397 504
397 993
398 85
398 297
398 480
398 1133
399 545
399 736
399 1628
399 1969
400 42
400 72
400 106
400 186
400 260
400 292
400 518
400 596
400 928
400 1192
400 1282
400 1328
401 74
401 77
401 100
401 258
401 1098
401 1665
402 168
402 1032
402 1409
402 1554
402 1936
403 123
403 523
403 719
403 1125
403 1680
404 39
404 48
404 256
404 808
404 944
404 1046
404 1333
404 1368
404 1777
405 155
405 206
405 281
405 1136
405 1285
406 37
406 78
406 271
406 770
406 1120
406 1347
407 202
407 1137
408 4
408 10
408 38
408 168
408 450
408 672
408 916
408 1040
409 1
409 451
409 541
409 544
409 1091
410 75
410 553
410 1185
410 1353
410 1677
410 1722
411 1464
412 481
412 545
412 748
412 1024
413 1042
413 1080
413 1805
414 142
415 24
415 567
415 1356
416 9
416 12
416 81
416 161
416 329
416 927
416 1036
416 1094
416 1102
416 1516
417 66
417 585
417 1147
417 1230
417 1346
418 0
418 16
418 42
418 256
418 270
418 312
419 124
419 257
419 1097
420 0
420 41
420 297
420 988
420 1080
420 1668
420 1686
421 167
421 678
421 1537
421 1834
422 19
422 1532
423 128
423 232
423 512
423 1558
424 145
424 667
424 1157
424 1390
424 1472
424 1575
425 383
425 441
425 1128
425 1308
426 150
426 152
426 743
426 1862
427 554
427 1156
428 34
428 102
428 291
428 810
429 338
429 1591
430 140
430 836
430 929
430 1268
432 77
432 160
432 518
432 1748
433 208
433 321
433 1025
433 1029
433 1040
433 1295
434 0
434 200
434 532
434 641
434 1043
436 124
436 321
436 386
436 936
436 1096
437 0
437 440
437 640
437 1409
437 1557
438 106
438 549
438 680
438 1033
438 1043
439 136
440 2
440 377
440 769
440 1130
441 41
441 1609
442 40
442 593
445 35
445 136
445 256
448 65
448 288
448 603
448 641
448 649
448 769
448 932
448 1043
448 1074
448 1152
448 1360
448 1382
448 1556
448 1618
449 7
449 145
449 321
449 465
449 513
450 136
450 590
450 768
450 1096
450 1836
450 1952
450 1976
451 8
451 284
451 405
451 594
451 853
452 2
452 19
452 133
452 257
452 906
452 1104
452 1832
453 36
453 309
453 314
453 412
453 513
453 949
454 13
454 297
454 596
455 28
455 582
455 744
455 1052
455 1078
455 1107
455 1336
456 245
456 282
456 514
456 537
456 621
456 1478
456 1622
456 1665
457 6
457 38
457 39
457 67
457 68
457 260
457 1818
458 161
458 1285
459 40
459 1299
459 1538
459 1880
460 282
460 1052
460 1128
461 532
461 560
461 1280
461 1329
462 48
462 1576
463 0
463 81
464 64
464 630
464 817
464 1112
464 1620
464 1828
465 8
465 48
465 336
465 448
465 1036
465 1568
466 392
466 458
466 1094
466 1702
467 303
467 1143
468 378
468 1030
470 888
471 64
471 130
471 254
471 577
472 32
472 80
472 98
472 514
472 541
472 610
472 912
472 1124
472 1970
473 11
473 160
474 589
474 1029
474 1120
475 166
475 856
476 652
476 1580
477 528
479 260
480 520
480 1042
480 1134
480 1316
480 1803
480 1863
481 352
481 604
481 650
481 1301
481 1554
481 1569
482 453
482 513
482 524
482 656
482 1048
482 1180
482 1410
482 1661
483 360
483 808
484 70
484 304
484 1029
484 1280
485 162
485 258
485 513
485 554
485 1600
486 81
486 1600
487 16
487 308
487 915
487 1313
487 1388
487 1472
487 1671
487 1689
488 12
488 64
488 370
488 385
488 1416
489 512
489 833
490 393
490 770
490 1609
491 26
492 137
492 304
493 216
494 775
494 847
494 1607
495 1570
496 1045
497 112
497 422
498 1052
498 1088
498 1831
499 129
500 274
500 337
500 391
500 910
501 6
501 644
501 1045
503 131
503 544
504 387
504 513
505 256
505 276
505 661
505 833
507 1098
508 180
509 35
509 515
510 1163
512 16
512 36
512 70
512 101
512 128
512 194
512 272
512 282
512 585
512 658
512 773
512 780
512 1054
512 1068
512 1132
512 1528
512 1569
512 1588
512 1638
513 0
513 129
513 130
513 133
513 162
513 192
513 193
513 196
513 257
513 284
513 449
513 520
513 603
513 978
513 1032
513 1056
513 1088
513 1089
513 1655
513 1669
514 36
514 64
514 196
514 257
514 529
514 651
514 713
514 720
514 1033
514 1201
514 1306
514 1536
514 1538
514 1632
514 1976
515 130
515 165
515 188
515 398
515 418
515 524
515 547
515 676
515 932
515 1028
515 1122
515 1366
515 1599
516 80
516 170
516 202
516 281
516 422
516 788
516 1082
516 1091
516 1106
516 1259
516 1304
516 1626
517 5
517 144
517 190
517 647
517 832
517 963
517 1100
517 1157
517 1352
517 1354
518 37
518 69
518 166
518 256
518 366
518 522
518 588
518 711
518 721
518 792
518 1019
518 1044
518 1321
518 1427
519 20
519 72
519 129
519 256
519 349
519 408
519 548
519 918
519 1003
519 1025
519 1033
520 23
520 38
520 41
520 50
520 69
520 134
520 193
520 200
520 262
520 456
520 531
520 540
520 579
520 594
520 679
520 707
520 826
520 1024
520 1026
520 1167
520 1322
520 1668
520 1728
520 1743
520 2038
521 16
521 35
521 275
521 427
521 446
521 769
521 1138
521 1546
521 1602
522 128
522 170
522 393
522 464
522 576
522 1043
522 1044
522 1118
522 1177
522 1348
522 1539
523 4
523 151
523 541
523 784
523 864
523 1446
523 1794
524 0
524 2
524 132
524 161
524 263
524 276
524 293
524 345
524 422
524 524
524 789
524 806
524 820
524 1068
524 1568
525 32
525 230
525 266
525 322
525 422
525 795
525 843
525 1058
525 1072
525 1094
526 8
526 134
526 274
526 297
526 325
526 1376
526 1712
527 71
527 80
527 143
527 146
527 526
527 651
527 923
527 1413
527 1925
528 26
528 133
528 186
528 258
528 309
528 354
528 464
528 696
528 816
528 904
528 1041
528 1070
528 1098
528 1440
528 1568
529 3
529 34
529 277
529 397
529 616
529 898
529 1040
530 36
530 300
530 325
530 356
530 420
530 552
530 1092
530 1095
530 1220
530 1244
530 1246
530 1966
531 4
531 290
531 409
531 1061
531 1417
532 4
532 41
532 48
532 67
532 102
532 176
532 260
532 776
532 1065
533 64
533 680
533 713
533 1026
533 1408
533 1418
534 326
534 532
534 562
534 942
534 1032
534 1160
534 1425
534 1427
534 1506
535 292
535 570
535 593
535 817
535 1073
536 7
536 36
536 68
536 80
536 138
536 257
536 403
536 546
536 1028
536 1152
536 1161
536 1685
537 56
537 72
537 393
537 528
537 580
537 737
537 1160
537 1351
537 1396
537 1538
538 10
538 16
538 368
538 474
538 521
538 713
538 1538
539 209
539 1443
540 27
540 203
540 261
540 768
540 769
540 1046
540 1378
540 1556
541 1067
542 194
542 274
542 486
542 529
542 648
542 1542
543 19
543 550
543 1220
543 1616
544 68
544 129
544 484
544 514
544 517
544 520
544 600
544 742
544 844
544 1026
544 1034
544 1048
544 1232
544 1398
544 1442
544 1548
544 1676
545 32
545 72
545 80
545 148
545 801
545 1026
545 1099
545 1494
546 5
546 416
546 516
546 556
546 572
546 610
546 812
546 1184
546 1198
546 1828
547 0
547 160
547 672
547 880
547 1104
547 2016
548 22
548 33
548 88
548 212
548 256
548 370
548 575
548 672
548 908
548 1090
548 1219
548 1412
549 158
549 167
549 225
549 450
549 460
549 469
549 1360
549 1828
550 208
550 1444
551 64
551 78
551 140
551 322
551 1842
552 129
552 640
552 1472
553 80
553 295
553 456
553 657
553 930
553 1029
553 1096
554 177
554 339
554 393
554 488
554 679
554 684
554 1736
554 1868
555 0
555 64
555 66
555 572
555 1121
556 2
556 20
556 32
556 54
556 97
556 129
556 1035
556 1061
557 32
557 454
557 520
557 548
557 1472
558 17
558 441
558 1000
558 1152
558 1180
558 1285
559 1028
560 66
560 100
560 259
560 423
560 583
560 633
560 728
560 795
560 1594
561 20
561 42
561 339
561 354
561 492
561 1320
561 1375
562 1428
562 1883
563 261
563 1250
563 1318
563 1865
564 16
564 36
564 47
564 135
564 730
564 1028
564 1052
564 1093
564 1526
564 1925
565 68
565 130
565 273
566 25
566 136
566 268
566 339
566 347
566 522
566 525
566 608
566 641
567 156
567 556
567 578
567 640
568 147
568 289
568 334
568 857
568 1069
568 1272
568 1295
569 80
569 1092
569 1348
570 325
570 1256
570 1456
571 25
571 1280
572 218
572 1282
572 1763
573 134
573 1174
573 1216
573 1282
574 66
574 1357
575 68
576 49
576 72
576 147
576 157
576 200
576 360
576 529
576 778
576 985
576 1073
576 1198
576 1199
576 1225
576 1355
576 1545
576 1555
576 1589
576 1632
576 1843
577 4
577 9
577 18
577 78
577 184
577 198
577 242
577 256
577 318
577 644
577 1218
577 1248
577 1252
577 1268
577 1280
577 1504
577 1840
577 1921
578 35
578 100
578 306
578 384
578 388
578 664
578 695
578 770
578 818
578 1037
578 1100
578 1285
578 1298
578 1541
578 1704
578 1992
579 168
579 255
579 256
579 542
579 926
579 1570
579 1720
580 6
580 10
580 38
580 41
580 216
580 264
580 337
580 420
580 547
580 1036
580 1078
580 1308
580 2029
581 34
581 46
581 101
581 368
581 1134
581 1476
581 1561
582 45
582 109
582 202
582 264
582 305
582 1364
582 1392
582 1414
583 96
583 605
583 1034
583 1096
583 1319
583 1841
584 6
584 160
584 489
584 670
584 676
584 769
584 820
584 1457
584 1600
584 1601
585 130
585 145
585 269
585 294
585 836
585 1009
585 1152
585 1156
585 1268
585 1292
585 1666
586 9
586 91
586 131
586 513
586 578
586 656
586 1027
587 0
587 2
587 138
587 404
587 995
587 1206
588 129
588 173
588 435
588 560
588 1656
589 394
589 1026
589 1313
589 1475
590 25
590 56
590 620
590 824
590 1056
590 1460
590 1492
590 1796
591 132
591 784
592 2
592 6
592 45
592 68
592 130
592 132
592 265
592 394
592 513
592 1062
592 1092
592 1153
592 1224
592 1320
592 1570
592 1808
593 24
593 67
593 148
593 200
593 272
593 1040
593 1302
593 1618
593 1654
594 12
594 322
594 522
595 0
595 296
596 12
596 138
596 653
596 1068
596 1227
596 1640
597 9
597 388
597 560
597 1307
597 1504
597 1540
598 256
598 504
598 1136
598 1280
598 1831
599 594
599 914
599 1088
600 1
600 128
600 165
600 621
600 1416
600 1536
601 37
601 40
601 131
601 496
601 791
601 924
601 1385
601 1728
602 714
602 1202
602 1287
603 131
603 267
603 1088
604 4
604 365
605 36
605 192
605 324
605 616
605 1052
606 353
606 355
606 1794
606 1812
607 257
608 25
608 27
608 38
608 54
608 83
608 168
608 426
608 530
608 1282
608 1298
608 1941
609 104
609 1042
609 1369
610 41
610 42
610 138
610 378
610 1792
610 1957
611 27
611 308
611 324
612 128
612 167
612 530
612 1301
612 1802
613 105
613 264
613 579
613 1137
613 1160
614 4
614 164
614 262
614 768
614 793
614 1973
615 195
615 415
615 715
615 818
615 1536
616 192
616 1552
617 10
617 255
617 340
617 520
617 1540
617 1552
617 1566
618 344
618 520
618 1119
618 1245
619 462
620 29
620 392
620 1346
620 1713
621 141
621 666
621 1672
621 1821
622 1295
623 314
624 0
624 256
625 130
625 132
625 239
625 259
625 267
625 1168
626 135
626 173
626 190
626 195
626 600
626 1443
626 1537
627 426
628 17
628 192
628 380
628 640
628 1136
628 1188
628 1421
628 1489
629 66
629 151
629 260
629 1318
629 1548
630 356
630 1412
630 1536
631 1043
632 76
632 192
633 1040
633 1176
633 1678
634 537
634 1242
635 120
635 422
636 10
638 64
639 643
639 644
639 1122
640 7
640 19
640 37
640 46
640 155
640 215
640 898
640 1037
640 1093
640 1152
640 1219
640 1280
640 1336
640 1344
640 1506
640 1509
640 1565
640 1816
640 2025
641 17
641 18
641 764
641 909
641 1116
641 1225
641 1590
642 135
642 558
642 635
642 1042
642 1106
642 1172
642 1205
642 1968
643 78
643 142
643 360
643 530
643 761
643 922
643 1192
643 1323
643 1414
643 1504
643 1704
643 1907
644 103
644 141
644 265
644 329
644 440
644 592
644 926
644 1394
644 1549
645 0
645 1058
645 1710
646 140
646 152
646 178
646 316
646 322
646 1073
646 1154
646 1172
646 1201
646 1238
648 23
648 85
648 192
648 222
648 548
648 974
648 1296
649 144
649 1026
649 1320
649 1556
649 1594
650 273
650 501
650 512
650 744
650 1156
650 1543
651 13
651 17
651 26
651 48
652 2
652 3
652 55
652 153
652 248
652 257
652 595
652 598
652 616
652 659
652 1024
652 1038
652 1369
652 1604
653 168
653 241
653 260
653 321
653 665
653 825
654 384
654 1040
654 1344
656 20
656 36
656 50
656 182
656 392
656 404
656 522
656 836
656 845
656 1041
656 1064
656 1198
657 9
657 106
657 516
657 554
657 1856
658 14
658 71
658 348
658 388
658 450
658 468
658 1256
658 1538
659 10
659 162
659 261
659 280
659 1054
660 193
660 260
660 405
660 788
660 808
661 1095
662 280
662 512
662 541
662 1028
662 1095
662 1575
663 24
663 85
663 264
663 649
663 1348
663 1449
664 1282
664 1797
665 432
665 1096
665 1809
666 176
666 402
666 1032
666 1088
666 1091
666 1184
667 1048
667 1296
668 2
668 4
668 132
668 162
668 560
668 600
668 928
668 1186
668 1414
669 34
669 386
669 1304
670 48
670 340
670 389
670 548
670 916
670 1954
671 1308
672 18
672 21
672 256
672 452
672 601
672 1052
672 1110
672 1762
672 1952
673 113
673 128
673 192
673 194
674 19
674 33
674 273
674 604
674 984
674 1099
674 1116
675 80
675 138
675 368
675 1334
676 563
676 1328
677 1135
677 1748
678 43
678 1008
678 1049
679 281
679 792
680 32
680 34
680 418
680 582
680 792
680 898
680 1161
680 1684
681 883
681 1554
681 1836
682 74
682 1459
683 322
683 1411
684 3
684 113
684 176
684 1031
684 1696
685 444
686 63
686 906
686 1537
688 5
688 66
688 142
688 353
688 1036
688 1184
688 1196
688 1440
688 1892
689 363
689 593
689 1013
689 1670
690 20
690 64
690 292
690 381
690 578
690 1800
691 147
691 270
691 1816
692 45
692 304
692 520
692 614
692 619
692 769
692 1290
693 208
693 762
693 1108
693 1314
694 57
694 364
694 413
694 432
694 466
694 1024
696 16
696 288
696 698
696 1152
696 1353
697 257
697 545
697 576
697 1602
698 371
698 1097
699 296
700 160
700 777
700 1280
700 1338
702 937
703 1370
704 65
704 161
704 352
704 420
704 734
704 804
704 880
704 1058
704 1088
704 1302
704 1304
704 1828
705 21
705 208
705 264
705 411
705 448
705 1029
705 1122
705 1312
706 3
706 64
706 74
706 207
706 257
706 522
706 552
706 1288
706 1306
706 1672
707 131
707 552
707 578
707 1074
708 64
708 135
708 306
708 797
708 976
708 1040
708 1377
709 284
709 332
709 1040
709 1090
710 230
710 514
710 648
710 768
710 1352
710 1668
711 34
711 867
712 261
712 446
712 683
712 808
712 1155
712 1289
712 1584
713 44
713 106
713 1056
713 1552
714 900
715 596
715 1024
716 848
716 1288
716 1296
716 1410
716 1677
716 1808
717 208
717 305
717 581
717 721
718 45
718 576
719 1042
719 1088
719 1225
720 12
720 176
720 272
720 349
720 544
720 777
720 1238
720 1259
720 1369
720 1379
720 1542
720 1879
721 14
721 392
722 259
722 344
722 1064
722 1186
722 1538
722 1547
723 834
723 1392
724 9
724 131
724 1570
725 148
725 536
726 584
727 1673
728 257
728 545
728 640
728 1621
728 1977
729 26
729 28
729 360
729 799
731 158
731 592
731 1564
732 18
732 30
733 3
733 348
733 353
734 352
734 583
735 321
736 34
736 641
736 660
736 1096
736 1156
736 1796
737 34
737 101
737 538
737 731
737 1043
738 298
738 519
738 1280
738 1548
738 1838
740 202
740 207
741 358
741 628
741 1024
742 165
742 177
742 735
742 968
744 1044
744 1165
745 1271
746 488
746 528
746 552
746 654
747 297
747 1057
748 289
748 1896
750 128
750 1088
751 36
751 857
751 1602
752 164
752 1408
753 148
753 180
753 1923
754 650
755 281
755 330
757 1555
757 1604
758 26
758 88
759 1328
760 2
760 5
760 15
760 452
760 700
760 1024
760 1104
761 8
761 254
761 1993
762 240
762 1380
763 9
764 581
765 770
766 1056
767 1200
768 20
768 96
768 104
768 156
768 163
768 165
768 198
768 280
768 416
768 528
768 728
768 770
768 771
768 775
768 1026
768 1058
768 1228
768 1478
769 3
769 204
769 210
769 272
769 417
769 514
769 645
769 937
769 1072
769 1221
769 1865
770 596
770 847
770 1105
770 1332
770 1540
771 387
771 453
771 640
771 888
771 896
771 965
771 980
771 1665
772 0
772 18
772 1202
772 1346
772 1428
773 193
773 1024
773 1092
773 1552
774 0
774 19
774 73
774 156
774 160
774 292
774 450
774 705
774 1097
774 1211
774 1408
775 87
775 514
775 1361
775 1784
776 8
776 16
776 66
776 86
776 98
776 425
776 488
776 549
776 672
776 806
776 814
776 900
776 1539
776 1556
776 1697
776 1800
777 21
777 194
777 198
777 1153
777 1713
778 1036
778 1129
778 1568
778 1648
778 1674
779 176
779 579
780 16
780 178
780 194
780 213
780 400
780 546
780 845
780 1025
780 1152
781 2
781 74
781 450
781 1028
781 1302
782 656
783 1472
784 66
784 140
784 194
784 256
784 834
784 1040
784 1084
784 1088
784 1343
785 51
785 67
785 144
785 457
785 480
785 770
785 1033
785 1057
785 1560
786 0
786 34
786 492
786 709
786 904
786 1025
786 1036
786 1045
786 1155
787 16
787 288
788 56
788 80
788 132
788 189
788 400
788 587
788 1025
788 1043
788 1088
788 1427
789 73
789 291
789 520
789 1069
789 1117
790 37
790 98
790 100
790 1225
790 1277
791 259
791 452
792 450
792 524
793 48
793 96
793 420
793 1024
793 1505
794 289
794 534
794 642
794 768
794 1382
794 1670
794 1936
794 2025
795 67
795 1497
796 14
796 1033
796 1154
798 644
798 1220
800 209
800 258
800 548
800 801
800 1196
800 1354
800 1417
800 1570
800 1620
801 24
801 93
801 206
801 208
801 353
801 393
801 482
801 1050
801 1152
801 1252
802 20
802 179
802 194
802 312
802 1857
803 98
803 457
803 484
803 596
803 1091
803 1282
803 1368
804 32
804 59
804 229
804 841
804 1024
804 1184
805 52
805 96
805 1033
806 142
806 237
806 840
807 58
807 260
807 290
808 0
808 266
808 406
808 872
808 1138
808 1317
808 1829
808 1928
809 964
810 1373
810 1376
811 202
811 677
811 1159
812 44
812 384
813 20
813 392
813 727
813 1190
813 1784
814 936
814 1856
816 1024
816 1057
816 1602
817 233
817 461
817 515
817 616
818 8
818 342
818 561
818 656
818 684
818 1186
818 1539
818 1689
819 452
819 642
819 1730
819 1763
820 533
820 1528
821 5
822 160
822 480
822 1037
822 1072
822 1230
823 352
823 1040
824 9
824 388
824 1550
825 5
825 1364
826 513
826 531
826 1049
827 68
827 513
828 516
828 1057
829 281
829 1312
829 1674
831 1555
832 20
832 34
832 211
832 568
832 627
832 1154
832 1281
832 1474
832 1785
832 1920
832 1936
833 28
833 48
833 262
833 370
833 508
833 592
833 594
833 902
833 964
833 1676
834 18
834 1045
834 1052
834 1091
834 1234
835 65
835 1024
836 24
836 176
836 235
836 289
836 698
837 20
837 38
837 305
837 513
837 529
837 705
837 1209
837 1280
838 134
838 593
838 908
839 545
840 117
840 231
840 404
840 532
840 644
840 1792
840 1803
841 322
842 34
842 127
842 512
842 515
842 1887
843 296
843 772
844 35
844 1037
845 1057
845 1240
845 1301
847 128
847 137
848 2
848 20
848 32
848 266
848 339
848 801
848 965
848 1089
848 1106
849 150
849 163
849 420
849 512
849 1088
849 1317
849 1412
849 1448
851 4
851 580
852 4
852 286
852 643
853 102
853 136
853 900
853 1072
853 1552
855 392
856 0
856 129
856 282
856 1092
856 1161
857 434
857 1308
858 71
858 105
858 180
858 1242
858 1581
860 1561
861 210
861 560
861 765
861 1026
861 1689
864 21
864 296
864 528
864 556
864 641
864 736
864 833
864 1044
864 1553
864 1817
865 520
865 1213
866 670
866 1152
866 1513
866 1613
866 1680
866 1940
867 158
867 593
867 646
867 1408
868 15
868 152
868 161
868 521
868 618
868 620
868 1474
869 295
869 456
869 552
869 1290
870 39
870 66
870 682
870 729
870 1575
871 79
872 9
872 264
872 265
873 792
873 1553
874 534
874 566
875 748
876 121
876 576
876 650
877 576
877 588
877 1966
878 1296
878 1430
878 1671
879 776
879 1443
880 264
880 312
880 417
880 587
880 802
880 818
880 1089
880 1840
881 22
881 264
881 1171
882 129
882 1305
883 513
884 16
884 1104
884 1540
884 1987
885 37
886 128
886 610
887 962
888 40
888 140
888 340
888 1425
888 1763
889 0
889 385
889 896
889 1410
890 679
890 1358
891 12
891 34
891 1539
892 9
892 33
892 174
892 574
895 1728
896 2
896 40
896 48
896 81
896 104
896 117
896 168
896 258
896 548
896 688
896 1312
896 1920
897 64
897 163
897 258
897 709
897 804
897 815
897 1461
898 98
898 512
898 689
898 712
898 808
898 1036
898 1072
898 1106
898 1418
899 98
899 764
899 1286
899 1507
900 387
900 1032
901 9
901 272
901 1024
901 1220
903 1840
904 290
904 516
904 601
904 783
904 790
904 1058
904 1293
905 37
905 515
905 1061
905 1170
906 52
906 129
906 288
906 1056
907 114
907 417
907 1032
908 252
909 128
909 1680
910 1963
911 53
911 194
911 1371
912 276
912 293
912 320
912 327
912 354
912 580
912 713
912 1024
912 1116
912 1143
912 1320
913 278
913 806
913 851
913 913
914 230
914 276
914 1223
914 1621
915 144
916 460
916 513
916 849
917 36
917 740
917 881
917 1028
918 329
919 587
919 783
920 264
920 1057
920 1156
921 94
921 320
921 616
922 674
922 1024
922 1029
923 128
923 444
923 1280
924 616
925 313
925 350
926 276
927 133
927 440
928 24
928 192
928 328
928 416
928 1077
929 8
929 910
929 1156
930 7
930 320
930 322
930 899
930 1043
930 1282
931 167
931 596
932 230
932 960
932 1041
932 1846
933 44
933 49
933 70
933 1096
933 1350
933 1891
934 104
934 812
935 1988
936 114
936 258
936 585
936 752
936 816
936 821
936 1864
936 1954
937 384
937 1043
938 129
938 384
939 96
939 740
939 859
940 658
940 1028
940 1840
941 1537
942 780
942 1541
943 37
944 435
944 1158
944 1825
944 2034
945 1056
945 1263
946 8
946 581
946 1024
946 1466
946 1538
946 1819
947 351
948 336
948 434
948 784
948 1050
948 1282
948 1571
949 775
949 1298
950 641
951 328
951 1024
952 146
952 292
953 134
954 210
954 287
954 1038
955 1696
956 1
957 16
957 238
958 50
958 1057
958 1096
959 963
960 0
960 210
960 876
960 1097
960 1156
960 1448
961 375
961 434
961 523
961 1124
962 73
962 644
962 1572
963 215
963 648
964 0
964 612
964 1045
964 1854
965 66
965 490
965 1348
965 1416
966 24
966 200
966 409
966 847
966 1033
966 1116
967 148
968 12
968 24
968 808
968 963
968 1492
968 1585
968 1667
969 80
969 258
969 369
969 435
969 705
970 72
970 131
970 437
971 129
971 1921
972 6
972 151
972 1203
972 1297
972 1472
972 1608
973 5
973 373
973 1411
973 1800
974 277
974 292
974 1033
976 0
976 201
977 128
977 265
977 1096
977 1686
978 480
978 1089
978 1938
979 40
980 10
980 34
981 845
982 222
982 546
982 1028
982 1609
983 128
984 0
984 550
985 256
985 262
985 1028
985 1105
986 98
986 256
987 775
988 433
990 118
990 808
990 1344
992 152
992 402
992 883
992 1315
992 1474
992 1550
993 70
993 656
993 1966
994 27
994 651
994 789
996 1
996 697
996 1120
996 1164
997 837
998 28
1000 39
1002 950
1003 705
1004 385
1004 1341
1006 1682
1007 1160
1008 705
1008 852
1008 1176
1008 1845
1009 1280
1010 650
1012 18
1012 784
1013 3
1015 178
1016 216
1016 345
1017 259
1021 1101
1022 849
1022 1284
1023 513
1024 2
1024 66
1024 112
1024 144
1024 277
1024 354
1024 402
1024 406
1024 440
1024 544
1024 784
1024 806
1024 815
1024 1277
1024 1285
1024 1288
1024 1289
1024 1369
1024 1417
1024 1419
1024 1442
1024 1730
1024 1845
1025 51
1025 508
1025 524
1025 667
1025 752
1025 801
1025 817
1025 1088
1025 1212
1025 1375
1025 1572
1026 22
1026 32
1026 104
1026 142
1026 192
1026 281
1026 300
1026 440
1026 453
1026 640
1026 781
1026 1088
1026 1153
1026 1399
1026 1453
1026 1625
1026 1680
1026 1798
1026 1881
1027 12
1027 17
1027 34
1027 76
1027 395
1027 513
1027 534
1027 576
1027 593
1027 610
1027 786
1027 1165
1027 1584
1027 1942
1028 45
1028 328
1028 385
1028 463
1028 476
1028 642
1028 680
1028 769
1028 791
1028 1032
1028 1104
1028 1164
1028 1200
1029 54
1029 459
1029 513
1029 614
1029 640
1029 653
1029 769
1029 804
1029 898
1029 1028
1029 1056
1029 1280
1029 1640
1030 39
1030 85
1030 148
1030 243
1030 264
1030 304
1030 640
1030 1097
1030 1434
1030 1817
1031 261
1031 346
1031 594
1031 1031
1031 1575
1032 32
1032 210
1032 218
1032 242
1032 260
1032 448
1032 584
1032 656
1032 723
1032 759
1032 813
1032 884
1032 919
1032 1154
1032 1327
1032 1620
1033 82
1033 333
1033 522
1033 548
1033 596
1033 600
1033 720
1033 1571
1033 1875
1034 27
1034 34
1034 80
1034 111
1034 241
1034 690
1034 716
1034 776
1034 1024
1034 1158
1034 1192
1034 1216
1034 1409
1035 19
1035 1169
1035 1765
1035 1936
1036 69
1036 166
1036 478
1036 777
1036 1064
1036 1074
1036 1289
1036 1410
1036 1873
1037 10
1037 74
1037 209
1037 307
1037 341
1037 1408
1038 653
1038 1593
1039 56
1039 218
1039 268
1039 964
1039 1089
1040 0
1040 9
1040 16
1040 211
1040 322
1040 328
1040 352
1040 443
1040 551
1040 582
1040 595
1040 1024
1040 1460
1040 1648
1040 1729
1040 1763
1041 21
1041 34
1041 136
1041 180
1041 191
1041 259
1041 300
1041 376
1041 528
1041 689
1041 1029
1041 1030
1041 1106
1041 1195
1041 1264
1041 1280
1041 1368
1041 1572
1042 128
1042 206
1042 288
1042 576
1042 1024
1042 1158
1042 1526
1043 4
1043 66
1043 92
1043 178
1043 240
1043 259
1043 278
1043 339
1043 518
1043 1089
1043 1225
1044 2
1044 5
1044 69
1044 101
1044 133
1044 226
1044 297
1044 804
1044 1410
1045 33
1045 258
1045 261
1045 641
1045 818
1045 850
1045 1308
1046 110
1046 313
1046 528
1046 659
1046 849
1046 1305
1047 107
1047 136
1047 233
1047 864
1047 1952
1048 128
1048 745
1048 1055
1048 1074
1048 1098
1048 1264
1048 1304
1048 1492
1048 1622
1048 1720
1049 170
1049 618
1049 788
1049 851
1049 1057
1049 1217
1049 1563
1049 1792
1049 2017
1050 49
1050 697
1050 944
1050 1570
1051 0
1051 69
1051 303
1051 784
1051 1069
1052 1
1052 2
1052 20
1052 34
1052 65
1052 592
1052 736
1052 1054
1053 49
1053 400
1053 656
1053 669
1053 1572
1053 1868
1054 84
1054 208
1054 584
1054 801
1054 914
1054 1125
1055 954
1055 2018
1056 40
1056 96
1056 194
1056 257
1056 274
1056 292
1056 426
1056 523
1056 664
1056 1089
1056 1290
1056 1604
1056 1624
1056 1722
1056 1864
1057 4
1057 16
1057 75
1057 97
1057 547
1057 960
1057 1736
1058 0
1058 261
1058 354
1058 546
1058 576
1058 657
1058 720
1058 1629
1058 1664
1059 68
1059 76
1059 192
1059 386
1059 482
1059 1161
1059 1218
1059 1281
1060 5
1060 39
1060 45
1060 138
1060 204
1060 306
1060 322
1060 392
1060 521
1060 584
1060 1502
1060 1544
1060 1650
1060 1862
1060 1992
1061 0
1061 21
1061 298
1061 310
1061 459
1061 522
1061 600
1061 651
1061 714
1062 13
1062 171
1062 186
1062 750
1062 1064
1062 1292
1062 1408
1062 1600
1063 120
1063 587
1063 661
1063 700
1063 768
1064 20
1064 58
1064 192
1064 201
1064 296
1064 324
1064 447
1064 576
1064 640
1064 651
1064 785
1064 804
1064 1027
1064 1169
1064 1280
1064 1510
1064 1537
1064 1540
1064 1592
1064 1632
1064 1920
1065 4
1065 51
1065 520
1065 1152
1065 1445
1065 1984
1066 12
1066 144
1066 148
1066 268
1066 292
1066 301
1066 1264
1067 285
1067 414
1067 512
1067 1603
1067 1874
1068 120
1068 180
1068 632
1068 635
1068 768
1068 842
1068 992
1069 69
1069 305
1069 526
1069 563
1069 1309
1070 192
1070 291
1070 371
1070 464
1070 528
1070 699
1070 1417
1071 258
1071 584
1071 640
1072 2
1072 131
1072 151
1072 174
1072 275
1072 297
1072 1043
1072 1065
1072 1089
1072 1158
1072 1732
1073 28
1073 130
1073 289
1073 519
1073 584
1073 779
1073 960
1073 1027
1073 1088
1073 1603
1073 1738
1074 2
1074 26
1074 81
1074 102
1074 182
1074 200
1074 536
1074 643
1074 872
1074 1808
1074 1909
1074 1920
1075 519
1075 552
1075 580
1075 1044
1076 195
1076 537
1076 792
1076 1072
1076 1225
1077 193
1077 520
1077 1218
1078 205
1078 450
1078 565
1078 1680
1079 482
1079 709
1080 2
1080 40
1080 250
1080 380
1080 586
1080 1165
1080 1280
1080 1426
1080 1675
1081 10
1081 652
1081 683
1081 771
1081 928
1081 1032
1081 1048
1082 540
1082 1091
1082 1152
1082 1346
1082 1401
1082 1984
1083 6
1084 290
1084 512
1084 520
1084 714
1085 2
1085 825
1085 992
1086 16
1086 81
1087 149
1087 1171
1087 1884
1087 1922
1088 6
1088 9
1088 17
1088 80
1088 96
1088 224
1088 470
1088 528
1088 574
1088 645
1088 1024
1088 1162
1088 1418
1088 1536
1088 1610
1088 1772
1088 1938
1089 8
1089 381
1089 541
1089 1220
1089 1669
1090 5
1090 17
1090 128
1090 256
1090 392
1090 545
1090 864
1090 1098
1090 1296
1090 1893
1091 64
1091 258
1091 299
1091 464
1091 664
1091 868
1091 933
1091 1296
1091 1607
1092 1
1092 10
1092 384
1092 552
1092 970
1092 1109
1092 1824
1092 1975
1093 46
1093 1210
1094 264
1094 390
1094 521
1094 529
1094 533
1094 542
1094 1579
1095 126
1095 266
1095 751
1095 1060
1095 1617
1096 44
1096 52
1096 120
1096 182
1096 700
1096 1152
1096 1798
1096 1840
1097 81
1097 179
1097 1426
1097 1664
1098 868
1099 1610
1100 32
1100 64
1100 165
1100 322
1100 393
1100 899
1100 1137
1100 1180
1100 1236
1101 546
1101 614
1101 783
1101 1042
1101 1809
1102 5
1102 468
1102 560
1103 136
1103 426
1103 793
1103 1864
1104 1
1104 3
1104 138
1104 320
1104 388
1104 524
1104 611
1104 1152
1104 1720
1105 138
1105 515
1105 728
1105 1449
1106 73
1106 461
1106 741
1106 1056
1106 1072
1106 1419
1106 1729
1106 1757
1106 1864
1107 2
1107 107
1107 196
1107 554
1107 1360
1107 1792
1108 129
1108 299
1108 1078
1108 1291
1108 1588
1109 32
1109 705
1109 1073
1110 104
1110 402
1110 872
1110 1096
1111 1940
1112 14
1112 256
1112 640
1113 78
1113 465
1113 515
1113 516
1113 866
1113 897
1114 37
1114 196
1114 338
1114 609
1114 1037
1114 1384
1114 1832
1114 1856
1115 520
1115 808
1115 1536
1116 1163
1117 770
1118 832
1118 899
1118 1808
1118 1824
1118 1848
1119 268
1119 1729
1120 182
1120 256
1120 554
1120 577
1120 666
1120 712
1120 1026
1121 326
1121 1029
1121 1833
1122 32
1122 133
1122 885
1123 10
1123 513
1124 1229
1125 88
1125 897
1126 127
1126 257
1126 812
1126 904
1126 966
1127 33
1127 172
1128 72
1128 97
1128 466
1128 556
1128 640
1128 1940
1128 1962
1129 48
1129 320
1129 1028
1130 7
1130 12
1130 20
1130 66
1130 134
1130 400
1130 428
1130 905
1131 848
1131 1162
1131 1256
1131 1560
1132 264
1132 732
1133 353
1133 1108
1134 268
1135 556
1135 1838
1136 4
1136 21
1136 39
1136 65
1136 91
1136 152
1136 579
1136 1137
1136 1681
1137 6
1137 10
1137 112
1137 134
1137 530
1137 1179
1137 1546
1137 1672
1138 513
1138 514
1138 592
1139 66
1139 1421
1140 104
1140 776
1140 920
1141 0
1141 1
1141 1173
1142 437
1143 51
1144 3
1144 162
1144 208
1144 384
1144 1298
1144 1480
1145 18
1145 1030
1145 1098
1146 649
1148 147
1149 1542
1151 2
1151 1860
1152 64
1152 78
1152 189
1152 239
1152 261
1152 272
1152 330
1152 448
1152 457
1152 480
1152 770
1152 794
1152 898
1152 966
1152 1027
1152 1042
1152 1322
1152 1473
1152 1619
1152 1710
1153 230
1153 713
1153 853
1153 897
1153 1048
1153 1140
1153 1157
1153 1209
1153 1233
1153 1280
1153 1600
1154 34
1154 64
1154 83
1154 404
1154 448
1154 481
1154 530
1154 612
1154 920
1154 1024
1154 1076
1154 1189
1154 1314
1155 16
1155 493
1155 514
1155 610
1155 644
1155 1155
1155 1448
1156 66
1156 216
1156 258
1156 377
1156 391
1156 792
1156 1024
1156 1120
1156 1152
1156 1234
1156 1240
1156 1264
1156 1736
1156 2021
1157 0
1157 16
1157 738
1157 1072
1157 1123
1158 34
1158 384
1158 593
1158 709
1158 776
1158 841
1158 1038
1158 1108
1158 1298
1158 1450
1159 0
1159 13
1159 38
1159 313
1159 457
1159 1828
1160 28
1160 154
1160 274
1160 288
1160 417
1160 1032
1160 1795
1161 169
1161 873
1162 34
1162 265
1162 527
1162 584
1162 628
1162 898
1162 940
1163 27
1163 128
1163 138
1163 288
1163 338
1163 354
1163 681
1163 852
1163 1908
1164 18
1164 565
1164 658
1164 1025
1164 1417
1165 320
1165 518
1165 528
1165 1280
1165 1732
1166 676
1167 704
1167 774
1167 1154
1168 18
1168 96
1168 228
1168 264
1168 297
1168 325
1168 384
1168 1543
1169 354
1169 361
1169 1954
1170 10
1170 42
1170 59
1170 544
1170 1036
1170 1286
1170 1572
1170 1710
1171 36
1171 257
1171 393
1171 824
1171 915
1172 138
1172 517
1172 668
1172 785
1172 836
1172 960
1172 1030
1172 1063
1172 1256
1173 62
1173 275
1173 361
1173 641
1173 1240
1174 89
1174 102
1174 320
1174 1231
1174 1547
1175 1688
1176 144
1176 201
1176 206
1176 420
1176 421
1176 809
1176 964
1176 1088
1176 1100
1176 1211
1176 1524
1176 1952
1177 4
1177 118
1177 156
1177 392
1177 823
1177 1576
1178 165
1178 176
1178 520
1178 852
1178 1568
1178 2011
1179 98
1180 172
1181 18
1181 596
1181 1520
1182 27
1182 256
1182 355
1182 521
1182 601
1183 532
1184 1
1184 24
1184 36
1184 178
1184 322
1184 496
1184 529
1184 697
1184 1442
1184 1550
1184 1586
1185 3
1185 521
1185 644
1185 909
1185 1155
1185 1202
1185 1569
1185 1601
1186 1
1186 104
1186 144
1186 274
1186 324
1186 369
1186 561
1186 609
1186 768
1186 960
1186 1096
1186 1253
1187 235
1187 393
1187 1063
1187 1800
1188 46
1188 132
1188 801
1188 832
1188 1174
1189 78
1189 229
1189 550
1189 1024
1189 1622
1189 1842
1190 9
1190 154
1190 224
1190 1670
1191 176
1191 193
1191 301
1191 512
1191 1234
1191 1285
1192 1090
1192 1410
1192 1476
1193 581
1193 588
1193 1300
1193 1409
1193 1440
1194 133
1194 154
1194 556
1194 898
1195 268
1195 594
1195 801
1195 1082
1195 1451
1196 2
1196 593
1196 865
1196 1025
1196 1218
1196 1445
1197 1170
1197 1718
1198 133
1198 1152
1198 1664
1199 642
1200 8
1200 49
1200 60
1200 172
1200 435
1200 770
1201 138
1201 336
1201 524
1201 551
1201 920
1201 1089
1201 1298
1202 141
1202 336
1202 689
1203 262
1204 41
1204 43
1204 93
1204 386
1204 464
1204 1219
1205 1030
1205 1410
1206 256
1206 772
1206 1089
1208 803
1208 1024
1208 1488
1209 840
1209 876
1209 1278
1210 208
1210 512
1210 1217
1211 614
1212 465
1212 649
1212 796
1212 1152
1212 1344
1213 26
1213 520
1215 962
1215 1049
1216 52
1216 88
1216 149
1216 152
1216 513
1216 533
1216 582
1216 1024
1216 1500
1216 1549
1216 1701
1216 1704
1216 1800
1217 24
1217 53
1217 56
1217 129
1217 1156
1217 1160
1217 1203
1217 1555
1217 1696
1217 1938
1218 45
1218 130
1218 132
1218 184
1218 288
1218 588
1218 1219
1218 1250
1219 1
1219 103
1219 204
1219 1031
1219 1152
1219 1174
1219 1570
1220 130
1220 305
1220 897
1220 1043
1220 1090
1221 4
1221 180
1221 660
1221 1093
1222 776
1222 1378
1223 10
1223 266
1223 757
1223 1031
1223 1068
1223 1398
1223 1551
1224 6
1224 20
1224 256
1224 258
1224 262
1224 272
1224 474
1225 17
1225 580
1225 590
1225 1044
1225 1840
1226 908
1226 998
1226 1098
1226 1537
1227 66
1227 520
1227 608
1227 790
1228 169
1228 324
1228 646
1229 135
1229 274
1229 324
1229 395
1229 459
1231 546
1232 204
1232 256
1232 257
1232 1308
1233 32
1233 68
1233 534
1233 659
1234 151
1234 290
1234 293
1234 612
1234 769
1234 1312
1235 1017
1235 1625
1236 1289
1236 1539
1236 1553
1237 1120
1237 1876
1238 212
1238 1442
1239 425
1240 72
1240 129
1240 143
1240 1184
1240 1635
1240 1796
1241 83
1241 224
1242 1231
1242 1296
1242 1559
1242 1842
1243 259
1243 840
1243 1152
1243 1584
1244 49
1244 1025
1245 1026
1246 264
1247 584
1247 737
1247 946
1247 1480
1248 111
1248 278
1248 1025
1248 1088
1248 1154
1248 1163
1248 1764
1249 586
1249 775
1249 904
1249 1832
1250 0
1250 421
1250 512
1250 1096
1250 1541
1250 1584
1251 553
1252 540
1253 77
1253 280
1254 75
1254 76
1254 320
1254 546
1255 78
1255 648
1255 833
1255 1034
1256 664
1256 768
1256 1540
1257 389
1260 61
1260 1637
1261 38
1261 1669
1262 43
1262 329
1262 449
1262 776
1263 234
1264 216
1264 279
1264 520
1264 769
1264 1294
1266 7
1266 1032
1266 1064
1268 1604
1269 266
1269 1299
1269 1541
1271 93
1271 1395
1271 1940
1272 54
1272 1164
1272 1558
1273 1104
1273 1248
1274 1059
1275 276
1275 1937
1277 1058
1278 26
1278 1097
1280 98
1280 131
1280 133
1280 140
1280 212
1280 260
1280 288
1280 289
1280 304
1280 812
1280 880
1280 933
1280 1034
1280 1082
1280 1154
1280 1420
1280 1575
1280 1604
1281 2
1281 4
1281 88
1281 116
1281 145
1281 146
1281 176
1281 457
1281 526
1281 898
1281 1160
1281 1312
1281 1721
1282 148
1282 169
1282 407
1282 628
1282 660
1282 838
1282 848
1282 954
1282 1041
1282 1176
1282 1212
1282 1297
1283 25
1283 32
1283 338
1283 620
1284 2
1284 30
1284 384
1284 417
1284 469
1284 524
1284 612
1284 930
1284 1088
1284 1160
1284 1202
1284 1308
1284 1458
1284 1538
1284 1746
1284 2000
1285 40
1285 58
1285 292
1285 1451
1285 1538
1285 1652
1286 128
1286 655
1286 1024
1286 1081
1286 1200
1286 1452
1287 65
1287 278
1287 417
1287 528
1287 980
1287 1028
1287 1155
1287 1572
1287 1640
1288 24
1288 68
1288 233
1288 390
1288 396
1288 781
1288 1063
1288 1093
1288 1153
1288 1233
1288 1260
1288 1574
1288 1682
1288 1800
1288 1808
1289 4
1289 64
1289 512
1289 537
1289 1040
1290 87
1290 136
1290 260
1290 576
1290 609
1290 1032
1290 1045
1291 305
1291 353
1291 1056
1291 1408
1291 1861
1292 112
1292 322
1292 1038
1292 1040
1292 1476
1294 329
1294 578
1294 797
1295 177
1295 1587
1296 0
1296 5
1296 96
1296 320
1296 352
1296 769
1296 792
1296 1152
1296 1280
1296 1536
1296 1898
1297 22
1297 328
1297 718
1297 1152
1297 1221
1297 1628
1298 24
1298 33
1298 114
1298 388
1298 688
1298 930
1298 947
1298 1092
1298 1170
1299 245
1299 293
1299 676
1299 1344
1299 1488
1299 1648
1300 304
1300 458
1300 1082
1300 1140
1301 520
1301 590
1301 674
1301 1041
1301 1095
1302 9
1302 141
1303 706
1303 1283
1304 68
1304 167
1304 320
1304 346
1304 1301
1305 753
1305 928
1305 961
1305 998
1306 264
1306 302
1306 456
1306 589
1306 794
1306 852
1306 1541
1306 1560
1306 1945
1307 40
1307 50
1308 1166
1308 1830
1309 544
1309 826
1309 1857
1310 65
1310 256
1312 5
1312 13
1312 16
1312 24
1312 65
1312 98
1312 104
1312 134
1312 141
1312 265
1312 415
1312 546
1312 576
1312 588
1312 832
1312 1056
1312 1108
1312 1285
1312 1351
1312 1787
1313 0
1313 501
1313 728
1314 12
1314 18
1314 26
1314 50
1314 70
1314 224
1314 292
1314 1184
1314 1544
1315 28
1315 275
1315 556
1316 73
1316 512
1316 610
1316 641
1316 1123
1316 1556
1316 1834
1317 40
1317 784
1317 919
1317 977
1318 444
1318 512
1318 1024
1318 1078
1318 1539
1319 4
1319 150
1319 597
1319 1104
1319 1861
1320 7
1320 42
1320 80
1320 140
1320 208
1320 274
1320 344
1320 454
1320 1088
1321 113
1321 212
1321 328
1321 518
1321 526
1321 556
1321 1700
1322 1859
1323 0
1323 450
1323 866
1323 1060
1324 528
1324 613
1324 1105
1324 1475
1325 152
1325 277
1325 589
1326 8
1326 273
1327 194
1327 1352
1328 33
1328 164
1328 230
1328 544
1328 1030
1328 1173
1328 1234
1328 1746
1329 0
1329 135
1329 641
1329 1002
1329 1053
1329 1717
1329 1795
1329 1848
1330 0
1330 70
1330 1804
1331 10
1331 368
1331 514
1331 545
1332 62
1332 180
1332 534
1332 655
1333 60
1333 840
1333 888
1335 368
1336 12
1336 202
1336 283
1337 282
1337 1094
1337 1234
1337 1283
1337 1566
1338 10
1338 33
1338 547
1338 1668
1338 1720
1339 66
1339 68
1339 170
1339 1544
1340 130
1340 419
1340 1256
1340 1361
1341 106
1341 128
1341 633
1341 662
1342 1106
1342 1601
1342 1672
1343 1666
1344 308
1344 546
1344 800
1344 937
1344 1124
1344 1679
1344 1798
1345 2
1345 98
1345 293
1345 306
1345 696
1345 1734
1346 0
1346 81
1346 140
1346 304
1346 416
1346 420
1346 561
1346 1108
1346 1288
1346 1544
1347 264
1347 388
1347 452
1347 2024
1348 20
1348 104
1348 356
1348 937
1348 1217
1348 1360
1349 1
1349 75
1349 434
1349 1314
1350 1026
1350 1088
1350 1361
1350 1554
1352 70
1352 116
1352 143
1352 1200
1352 1952
1353 42
1353 576
1353 609
1353 1163
1354 245
1354 532
1354 1040
1354 1124
1354 1264
1355 154
1355 662
1355 1097
1357 94
1357 130
1357 519
1357 1064
1357 1291
1359 924
1360 11
1360 13
1360 76
1360 259
1360 385
1360 405
1360 942
1360 1041
1360 1097
1360 1156
1360 1395
1360 1445
1360 1756
1361 129
1361 226
1361 541
1361 1368
1362 650
1362 1930
1363 1108
1364 7
1364 33
1364 377
1364 611
1364 1187
1365 1800
1366 132
1366 512
1366 1194
1368 929
1368 1098
1369 652
1370 449
1370 1280
1371 40
1371 173
1371 1703
1372 97
1372 515
1374 272
1375 129
1376 2
1376 267
1376 534
1376 856
1376 1225
1376 1552
1377 330
1377 1168
1377 1576
1377 1764
1378 68
1378 116
1378 121
1378 656
1379 1648
1379 1926
1380 12
1380 16
1380 25
1380 288
1381 76
1381 160
1381 260
1381 345
1381 418
1381 425
1381 586
1381 768
1381 811
1382 137
1382 659
1382 1029
1383 324
1383 536
1383 920
1383 1025
1384 538
1385 48
1385 261
1385 706
1386 642
1386 679
1386 1013
1386 1090
1386 1126
1388 518
1388 963
1389 285
1389 1664
1390 393
1390 753
1390 1264
1391 548
1392 36
1392 84
1392 522
1392 1818
1393 384
1394 8
1394 256
1394 1160
1396 332
1397 8
1397 188
1397 1180
1397 1184
1398 1080
1398 1170
1398 1300
1399 576
1400 512
1400 921
1400 1281
1401 536
1401 1026
1401 1041
1402 6
1402 1417
1402 1665
1404 1074
1404 1731
1404 1746
1405 12
1406 168
1408 58
1408 323
1408 806
1408 983
1408 1024
1408 1578
1408 1775
1409 1
1409 236
1409 832
1409 1160
1409 1664
1410 4
1410 1539
1410 1577
1410 1670
1410 1800
1411 12
1411 502
1411 525
1411 1040
1412 19
1412 277
1412 600
1412 672
1412 704
1412 1026
1412 1065
1412 1688
1413 2
1413 529
1413 1632
1414 80
1414 212
1414 544
1414 600
1414 617
1414 820
1414 929
1415 512
1415 960
1415 1409
1415 1890
1416 1
1416 84
1416 194
1416 421
1416 529
1416 1280
1416 1779
1417 1030
1417 1064
1417 1445
1417 1623
1417 1856
1418 1166
1418 1633
1419 1553
1420 513
1420 556
1420 560
1420 580
1420 1096
1420 1389
1420 1796
1423 76
1423 398
1423 1641
1424 83
1424 112
1424 609
1424 762
1424 1088
1424 1097
1424 1828
1425 4
1425 23
1425 49
1425 64
1425 67
1425 603
1426 204
1426 370
1426 572
1426 1793
1427 136
1427 1236
1427 1545
1427 1714
1428 643
1428 1028
1428 1069
1428 1078
1428 1168
1429 1284
1430 671
1430 1801
1431 81
1431 1169
1432 145
1432 154
1432 361
1432 519
1433 74
1433 396
1433 1905
1434 260
1434 437
1434 1096
1434 1416
1435 64
1435 1025
1436 322
1436 1104
1438 917
1440 192
1440 526
1440 528
1440 579
1440 1280
1440 1940
1441 20
1441 558
1441 1054
1441 1224
1441 1408
1442 60
1442 805
1442 1077
1443 16
1443 386
1443 822
1443 1672
1444 112
1444 138
1444 545
1444 719
1444 812
1445 608
1445 628
1445 1155
1445 1544
1446 0
1446 1664
1447 566
1447 836
1447 1295
1448 70
1448 566
1448 739
1449 197
1449 1242
1449 1889
1450 21
1450 130
1450 256
1450 654
1450 1056
1451 0
1451 772
1451 816
1451 834
1452 209
1452 1152
1453 3
1453 518
1453 576
1454 52
1454 400
1456 28
1456 154
1456 457
1456 1296
1458 776
1459 1622
1460 37
1461 730
1462 48
1462 896
1462 1056
1463 130
1463 902
1464 10
1464 148
1465 73
1465 224
1465 416
1465 435
1466 581
1466 1921
1467 56
1467 246
1468 1050
1469 1
1469 515
1469 529
1470 528
1471 208
1471 512
1472 333
1472 1032
1472 1542
1472 1575
1473 918
1474 282
1474 352
1474 1049
1474 1475
1475 145
1475 1867
1476 0
1476 356
1476 1292
1478 1744
1479 172
1480 16
1480 428
1480 1024
1480 1284
1481 2
1481 33
1481 344
1481 513
1481 516
1481 1378
1482 0
1482 76
1482 127
1482 788
1482 1157
1483 528
1483 1088
1483 1392
1483 1729
1484 17
1485 46
1487 296
1487 950
1487 1060
1487 1105
1488 137
1488 451
1488 1157
1488 1232
1488 1276
1488 1482
1488 1564
1489 852
1489 1107
1489 1348
1490 56
1492 350
1493 12
1493 630
1494 107
1494 282
1495 72
1497 62
1497 824
1497 1532
1498 1570
1499 196
1500 1366
1501 512
1502 209
1502 579
1503 443
1504 116
1504 210
1504 270
1504 468
1505 344
1506 1060
1506 1064
1506 1345
1507 8
1508 786
1510 131
1510 1181
1511 1184
1512 938
1512 1072
1513 48
1513 583
1513 640
1514 1157
1515 1058
1515 1619
1516 194
1516 201
1516 310
1516 631
1516 1433
1517 768
1518 71
1520 40
1520 64
1520 131
1520 1824
1521 74
1521 204
1521 1282
1522 4
1522 162
1522 1545
1523 299
1524 128
1524 416
1524 1624
1525 398
1528 260
1529 1316
1530 481
1530 647
1530 774
1530 972
1531 158
1532 928
1532 1081
1535 210
1536 64
1536 65
1536 128
1536 160
1536 186
1536 194
1536 209
1536 288
1536 344
1536 367
1536 465
1536 536
1536 578
1536 644
1536 1032
1536 1048
1536 1072
1536 1097
1536 1117
1536 1155
1536 1159
1536 1184
1536 1293
1536 1298
1536 1459
1536 1670
1536 1722
1537 4
1537 49
1537 324
1537 391
1537 976
1537 1028
1537 1556
1537 1661
1537 1692
1537 1816
1538 99
1538 138
1538 225
1538 355
1538 517
1538 555
1538 1119
1538 1224
1538 1724
1538 1888
1539 97
1539 265
1539 404
1539 736
1539 747
1539 1156
1539 1160
1539 1793
1539 1826
1540 103
1540 331
1540 426
1540 929
1540 1082
1540 1340
1540 1714
1540 1794
1540 1814
1541 58
1541 71
1541 83
1541 264
1541 917
1541 978
1541 1968
1542 640
1542 1149
1543 332
1543 489
1543 816
1543 1366
1543 1582
1544 326
1544 427
1544 513
1544 618
1544 658
1544 767
1544 1008
1544 1626
1545 66
1545 142
1545 197
1545 1066
1545 1544
1545 1636
1546 0
1546 17
1546 66
1546 193
1546 205
1546 550
1546 1126
1546 1411
1546 1577
1547 551
1548 7
1548 49
1548 459
1548 528
1548 772
1548 796
1548 1096
1548 1290
1548 1620
1548 1726
1549 20
1549 141
1549 280
1550 42
1550 120
1550 347
1550 1072
1550 1735
1551 257
1551 864
1551 1089
1552 23
1552 27
1552 586
1552 793
1552 1304
1552 1344
1552 1725
1552 1805
1552 1826
1553 2
1553 72
1553 133
1553 213
1553 1152
1554 113
1554 168
1554 275
1554 854
1554 1034
1554 1064
1554 1292
1554 1352
1554 1605
1554 1766
1555 26
1555 129
1555 186
1555 297
1555 1029
1555 1936
1556 53
1556 82
1556 131
1556 169
1556 260
1556 264
1556 308
1556 708
1556 800
1556 1160
1557 232
1557 324
1557 772
1557 1555
1558 42
1558 150
1558 256
1558 273
1558 1540
1559 96
1559 616
1559 682
1559 707
1560 52
1560 68
1560 288
1560 393
1560 806
1560 1056
1560 1766
1561 1
1561 1024
1561 1028
1561 1218
1562 780
1562 1292
1563 7
1563 320
1563 1683
1564 25
1564 113
1564 580
1564 757
1564 1282
1564 1440
1565 130
1565 146
1565 194
1565 990
1566 23
1566 296
1566 1163
1567 18
1567 139
1567 192
1567 512
1568 0
1568 617
1568 657
1568 673
1568 753
1568 844
1568 1325
1568 1530
1568 1799
1569 0
1569 155
1569 158
1569 208
1569 328
1569 480
1569 656
1569 770
1569 772
1569 1664
1569 1680
1570 12
1570 168
1570 272
1570 529
1570 562
1570 1285
1570 1441
1571 606
1571 888
1571 1120
1572 25
1572 176
1572 475
1572 528
1572 580
1572 625
1572 1040
1572 1162
1572 1318
1572 1332
1572 1536
1573 276
1573 398
1573 524
1573 676
1573 1312
1573 1408
1573 1834
1574 64
1574 111
1574 392
1574 393
1574 1353
1574 1672
1575 29
1576 2
1576 392
1576 1087
1576 1284
1576 1329
1577 80
1577 274
1577 384
1578 129
1578 200
1578 1136
1579 1205
1580 131
1580 266
1580 352
1581 144
1581 600
1581 967
1581 1030
1582 1200
1582 1309
1583 26
1583 289
1584 65
1584 192
1584 871
1584 1414
1584 1556
1585 97
1585 369
1585 392
1585 655
1586 129
1586 268
1586 270
1586 629
1586 770
1586 836
1586 1051
1586 1368
1586 1431
1586 1720
1587 438
1588 14
1588 1568
1589 42
1589 789
1589 865
1589 1201
1590 135
1591 192
1591 267
1592 467
1592 516
1592 872
1592 960
1592 1041
1592 1174
1592 1369
1593 66
1593 90
1593 205
1594 144
1594 1168
1595 113
1595 169
1596 600
1596 1681
1597 110
1597 365
1597 424
1597 673
1597 1131
1598 1031
1599 296
1600 1
1600 46
1600 64
1600 448
1600 678
1600 792
1600 1024
1600 1134
1600 1135
1600 1188
1600 1370
1601 92
1601 97
1601 1025
1601 1475
1601 1632
1602 1037
1602 1158
1603 22
1603 24
1603 34
1603 532
1603 1074
1603 1357
1603 1412
1604 112
1604 129
1604 138
1604 1160
1604 1584
1605 162
1605 1041
1605 1344
1606 68
1606 70
1606 192
1606 608
1606 668
1606 1230
1607 770
1607 1056
1608 22
1608 50
1608 88
1608 362
1608 1092
1608 1856
1609 141
1609 277
1609 356
1609 1052
1609 1538
1609 1752
1610 34
1610 325
1610 613
1610 773
1610 1024
1610 1033
1610 1536
1611 64
1611 177
1611 514
1611 598
1611 1087
1612 1
1612 209
1612 977
1613 326
1613 1792
1614 17
1614 256
1614 646
1614 962
1614 1537
1614 1664
1615 528
1615 546
1615 676
1616 151
1616 152
1616 1033
1616 1440
1616 1570
1617 224
1617 256
1617 792
1617 923
1617 2027
1618 144
1618 288
1618 309
1618 1619
1618 1674
1619 75
1619 1175
1620 19
1620 82
1620 832
1620 1174
1620 1993
1621 12
1621 293
1621 914
1621 1064
1622 898
1622 1136
1623 260
1623 512
1624 178
1624 306
1625 1
1625 166
1625 402
1625 649
1625 1034
1625 1473
1626 1674
1627 294
1628 228
1630 80
1630 161
1632 358
1632 513
1633 3
1633 155
1633 270
1634 468
1634 636
1635 25
1635 305
1635 588
1636 256
1636 1041
1636 1100
1636 1139
1636 1489
1637 1377
1638 656
1638 864
1638 1440
1639 17
1639 92
1639 858
1640 176
1640 192
1640 555
1641 64
1641 401
1641 1282
1642 36
1642 433
1642 602
1642 1032
1643 9
1643 1154
1644 771
1645 256
1646 512
1647 56
1648 70
1648 1972
1649 1892
1650 212
1651 564
1651 1984
1652 0
1652 521
1652 1720
1653 425
1653 1017
1653 1548
1654 17
1654 650
1654 1282
1655 1070
1655 1372
1656 161
1656 262
1657 52
1657 73
1657 1224
1658 148
1658 340
1658 560
1658 1316
1658 1490
1659 12
1659 1049
1660 136
1660 513
1660 648
1660 1677
1661 48
1661 514
1661 1574
1662 91
1662 178
1662 320
1662 1564
1663 1616
1664 37
1664 100
1664 106
1664 131
1664 212
1664 265
1664 513
1664 579
1664 653
1664 748
1664 755
1664 1077
1664 1096
1664 1565
1664 1625
1664 1793
1665 64
1665 69
1665 128
1665 147
1665 165
1665 217
1665 223
1665 224
1665 531
1665 537
1665 679
1665 798
1665 1698
1665 1774
1666 153
1666 179
1666 197
1666 207
1666 387
1666 493
1666 799
1666 1185
1666 1552
1666 1664
1667 129
1667 1361
1667 1796
1668 1
1668 34
1668 147
1668 166
1668 1384
1668 1536
1668 1768
1669 88
1669 288
1669 484
1670 168
1670 1037
1670 1360
1671 128
1671 162
1671 276
1672 128
1672 176
1672 192
1672 338
1672 827
1672 1560
1673 48
1673 131
1673 238
1673 405
1673 1096
1673 1312
1673 1665
1673 1696
1674 401
1674 695
1674 1495
1675 160
1675 341
1675 821
1675 867
1675 1062
1675 1282
1676 1968
1677 1106
1677 1581
1680 557
1680 1125
1680 1302
1681 171
1681 523
1681 544
1681 1156
1681 1556
1681 2014
1682 50
1682 123
1682 676
1682 1171
1682 1636
1683 288
1683 710
1683 1192
1684 162
1684 228
1684 330
1684 522
1684 986
1684 1393
1684 1978
1686 714
1687 0
1687 378
1687 1026
1687 1264
1687 1540
1688 619
1688 1290
1688 1984
1689 135
1689 704
1689 1211
1689 1216
1689 1748
1690 737
1690 1033
1690 1061
1690 1542
1692 67
1692 528
1692 589
1692 675
1692 731
1692 1917
1693 355
1693 1352
1693 1601
1695 512
1696 10
1696 12
1696 77
1696 136
1696 160
1696 282
1696 856
1696 1108
1696 1367
1696 1427
1697 76
1697 148
1697 515
1697 743
1697 1155
1697 1688
1698 48
1698 121
1698 944
1699 1036
1700 272
1700 1920
1702 476
1703 225
1704 43
1704 93
1704 1119
1704 1173
1705 384
1705 678
1705 1190
1706 66
1707 1729
1708 65
1708 722
1709 1761
1711 369
1712 86
1712 321
1712 520
1712 1520
1713 142
1713 160
1713 552
1713 1603
1714 356
1714 1745
1715 16
1715 1346
1716 0
1716 546
1717 43
1717 324
1717 1180
1718 17
1718 1124
1718 1690
1719 1140
1720 65
1720 77
1722 166
1722 903
1723 294
1723 1681
1724 166
1725 200
1725 584
1725 1743
1727 1099
1728 32
1728 513
1728 697
1728 841
1728 1060
1728 1578
1728 1656
1728 1884
1729 29
1729 256
1729 272
1729 448
1729 1794
1729 1842
1730 196
1730 272
1730 281
1730 303
1730 536
1730 832
1730 1028
1731 6
1731 133
1732 24
1732 70
1732 970
1732 1033
1732 1050
1732 1162
1732 1285
1732 1542
1732 1594
1733 163
1733 339
1733 1473
1733 1629
1734 202
1734 393
1734 1203
1734 1296
1735 140
1735 624
1735 777
1735 1032
1736 40
1736 553
1736 1332
1737 32
1737 896
1737 1236
1738 140
1740 296
1740 1152
1740 1170
1741 393
1741 784
1741 1302
1742 292
1744 10
1744 620
1744 1819
1745 2
1745 46
1745 648
1745 1729
1746 62
1746 610
1746 677
1746 812
1747 1092
1748 47
1748 124
1748 210
1748 1720
1750 16
1750 334
1750 1040
1752 22
1752 163
1752 1140
1752 1292
1753 9
1753 16
1754 387
1755 28
1756 107
1756 260
1756 448
1756 1328
1757 48
1759 1122
1759 1552
1760 579
1760 657
1760 1088
1760 1281
1760 1710
1761 308
1761 747
1762 0
1762 240
1762 288
1764 516
1764 860
1764 1554
1765 154
1765 1292
1765 1368
1766 1085
1766 1180
1767 1028
1768 34
1768 298
1768 507
1770 10
1771 1094
1772 90
1773 2
1773 859
1775 49
1776 1290
1777 211
1777 1488
1778 4
1778 976
1780 1842
1781 1429
1782 9
1783 1146
1783 2018
1784 423
1784 498
1784 1841
1785 288
1785 580
1785 648
1785 2008
1788 352
1788 523
1789 358
1789 1179
1790 513
1792 6
1792 24
1792 52
1792 265
1792 478
1792 593
1792 609
1792 898
1792 1571
1792 1620
1793 73
1793 282
1793 464
1793 638
1793 678
1793 706
1793 777
1793 1429
1794 64
1794 228
1794 1112
1794 1117
1794 1876
1795 91
1795 514
1795 1112
1795 1195
1795 1344
1795 1697
1796 38
1796 344
1796 394
1796 1408
1796 1412
1796 1624
1797 36
1797 40
1797 356
1797 1560
1797 1604
1798 256
1798 561
1798 650
1799 176
1799 629
1799 1284
1799 1552
1799 2016
1800 45
1800 75
1800 99
1800 707
1800 1125
1800 1484
1801 24
1801 256
1801 409
1801 553
1801 1028
1801 1153
1802 46
1802 81
1802 288
1802 358
1802 394
1802 1187
1803 112
1803 1425
1804 32
1804 768
1805 657
1805 1605
1806 49
1806 98
1806 132
1806 205
1806 328
1806 540
1807 583
1807 1198
1807 1839
1807 1870
1808 96
1808 144
1808 194
1808 512
1808 515
1808 1589
1808 1617
1808 1664
1808 1665
1809 275
1809 400
1809 450
1809 1060
1810 108
1810 1041
1811 327
1811 861
1811 1370
1811 1609
1812 132
1812 240
1812 257
1812 326
1812 351
1812 525
1812 768
1812 898
1812 1090
1812 1280
1813 1635
1814 1938
1815 1760
1816 0
1816 48
1816 528
1816 547
1816 688
1817 1679
1817 1859
1818 12
1818 14
1818 46
1818 538
1819 37
1819 792
1820 3
1820 1513
1822 70
1822 130
1822 1543
1823 160
1823 268
1824 21
1824 32
1824 263
1824 856
1824 1077
1824 1340
1825 192
1825 249
1825 514
1825 624
1825 1048
1826 9
1826 272
1826 450
1826 520
1826 1432
1827 259
1827 277
1827 661
1827 1808
1828 3
1828 388
1828 1218
1828 1288
1829 130
1829 585
1829 1765
1830 19
1830 1037
1830 1925
1831 789
1832 26
1832 450
1832 536
1832 1169
1833 173
1833 337
1833 648
1833 1232
1833 1281
1835 64
1835 261
1835 1284
1836 162
1836 218
1836 543
1836 1701
1837 872
1837 1398
1837 1543
1840 1462
1841 131
1842 876
1842 1040
1842 1461
1844 404
1844 714
1844 1374
1844 1411
1845 129
1845 315
1845 790
1846 329
1847 1810
1848 246
1848 588
1849 164
1849 816
1849 920
1850 560
1850 646
1851 36
1851 264
1851 1355
1852 672
1852 1568
1853 598
1853 1968
1854 1026
1854 1750
1855 672
1856 65
1856 82
1856 268
1856 288
1856 684
1856 691
1856 823
1856 1247
1856 1314
1856 1568
1857 68
1857 640
1857 960
1857 1056
1858 40
1858 65
1858 176
1858 240
1858 864
1858 1185
1858 1543
1858 1804
1859 147
1860 305
1861 881
1861 1666
1862 498
1862 521
1862 680
1863 1224
1864 1396
1864 1529
1865 12
1865 18
1865 843
1867 136
1867 1160
1868 914
1868 1266
1868 1888
1869 86
1869 272
1869 384
1869 1732
1870 1230
1871 791
1871 1138
1872 2
1872 5
1872 31
1872 516
1872 844
1872 1104
1872 1293
1872 1571
1873 60
1873 474
1873 836
1873 1286
1873 1616
1874 768
1874 1032
1874 1564
1875 257
1875 977
1876 129
1876 836
1877 132
1878 1094
1878 1102
1879 394
1880 90
1880 386
1880 769
1880 1352
1881 388
1881 522
1881 1292
1882 257
1882 448
1882 530
1882 786
1882 1274
1882 1296
1883 1160
1885 56
1885 465
1885 736
1886 256
1886 436
1888 54
1888 144
1888 163
1888 209
1888 282
1888 771
1888 1677
1889 32
1889 210
1890 381
1890 1283
1890 1557
1891 1103
1891 1155
1892 30
1892 1288
1892 1796
1893 513
1893 1231
1894 774
1895 296
1895 1160
1896 21
1896 115
1896 1052
1896 1284
1897 268
1897 1026
1898 357
1898 556
1898 576
1899 1152
1900 521
1900 809
1901 539
1901 639
1905 128
1905 1027
1905 1282
1905 1478
1905 1618
1905 1664
1908 32
1908 1346
1909 1301
1910 48
1910 513
1912 148
1912 1059
1913 228
1913 324
1913 361
1913 1045
1914 592
1915 140
1915 917
1917 1544
1920 52
1920 70
1920 129
1920 229
1920 481
1920 568
1920 672
1920 754
1920 1177
1920 1544
1921 127
1921 258
1921 300
1921 328
1921 402
1921 518
1921 1108
1922 42
1922 472
1922 626
1922 1116
1922 1230
1922 1593
1922 2032
1923 230
1923 854
1923 1097
1923 1108
1923 1221
1924 138
1924 430
1924 529
1925 307
1925 656
1925 856
1925 1664
1926 144
1926 193
1926 379
1926 546
1926 1560
1927 601
1927 781
1928 255
1928 654
1928 817
1928 1034
1928 1542
1929 37
1929 771
1929 976
1929 1232
1929 1318
1929 1473
1930 817
1930 1186
1931 593
1931 1320
1931 1348
1932 617
1932 1418
1933 332
1933 816
1933 1035
1934 94
1934 846
1934 1089
1935 512
1936 132
1936 274
1936 1117
1937 1
1937 48
1937 157
1937 158
1937 548
1938 434
1938 1025
1939 220
1939 1745
1940 208
1940 608
1940 1154
1940 1336
1940 1702
1941 1288
1941 1356
1942 0
1943 166
1943 620
1943 1056
1944 164
1944 1028
1944 1062
1944 1157
1944 1634
1944 1735
1945 5
1946 348
1947 34
1948 7
1948 26
1948 384
1948 695
1950 254
1951 1
1951 165
1952 12
1952 384
1952 522
1952 722
1952 1051
1952 1068
1952 1088
1952 1235
1952 1519
1953 1
1953 128
1953 262
1953 869
1953 1548
1954 130
1954 523
1954 780
1954 946
1954 984
1955 144
1955 202
1955 615
1955 737
1957 16
1958 105
1958 275
1959 896
1960 104
1960 192
1961 64
1961 531
1961 768
1961 1636
1962 756
1962 934
1963 10
1963 290
1963 397
1964 525
1965 521
1965 720
1966 802
1968 707
1968 1068
1969 260
1969 272
1969 612
1969 674
1969 1448
1970 24
1970 1120
1971 8
1971 19
1972 385
1972 801
1972 1098
1974 288
1975 1056
1977 1056
1978 1442
1981 1092
1984 297
1984 371
1985 544
1986 864
1986 928
1986 1155
1987 2
1987 538
1987 1293
1987 1351
1988 1537
1988 1585
1989 14
1989 301
1989 578
1991 2
1992 0
1992 22
1992 649
1993 289
1993 648
1994 202
1994 1025
1995 24
1996 304
1996 528
1997 1544
1999 0
2000 61
2000 73
2000 833
2000 1056
2000 1097
2002 300
2002 512
2003 0
2003 213
2003 259
2003 584
2004 440
2006 21
2007 54
2008 539
2008 1122
2009 206
2010 582
2010 672
2010 1071
2012 982
2013 32
2013 304
2016 24
2016 299
2017 306
2018 552
2018 1012
2018 2030
2019 516
2020 7
2020 13
2020 323
2020 1698
2022 9
2022 212
2024 1346
2026 291
2026 1089
2026 1154
2026 1294
2029 19
2029 1284
2029 1293
2030 524
2030 1312
2031 1088
2032 532
2033 1577
2033 1604
2034 1294
2035 768
2036 164
2036 648
2039 219
2040 10
2040 321
2040 1161
2042 64
2044 48
2045 1355
