# Synthetic Kronecker Graph 
# Edges are directed 
0 0
0 7
0 41
0 57
0 80
0 113
0 131
0 133
0 227
0 238
0 261
0 272
0 392
0 457
0 505
0 512
0 578
0 580
0 600
0 612
0 776
0 1088
0 1260
0 1321
0 1344
0 1409
0 1447
0 1458
0 1609
0 1666
0 1686
0 1750
0 1780
0 1828
0 1962
0 1984
1 1
1 36
1 44
1 80
1 99
1 144
1 192
1 248
1 262
1 288
1 338
1 409
1 416
1 563
1 593
1 704
1 1050
1 1058
1 1280
1 1320
1 1361
1 1451
1 1664
1 1665
2 5
2 72
2 74
2 128
2 140
2 162
2 312
2 347
2 526
2 580
2 768
2 785
2 821
2 833
2 866
2 920
2 1072
2 1110
2 1147
2 1175
2 1182
2 1263
2 1315
2 1552
2 1569
2 1861
2 1894
3 17
3 48
3 64
3 114
3 542
3 592
3 602
3 652
3 805
3 931
3 1052
3 1235
3 1459
3 1664
3 1731
3 1840
3 1856
3 1970
4 14
4 68
4 96
4 130
4 132
4 144
4 260
4 400
4 475
4 578
4 1026
4 1056
4 1139
4 1240
4 1265
4 1457
4 1462
4 1717
4 1830
5 0
5 50
5 107
5 132
5 136
5 160
5 728
5 773
5 900
5 1033
5 1056
5 1219
5 2025
6 3
6 7
6 96
6 274
6 314
6 533
6 537
6 546
6 630
6 806
6 1036
6 1121
7 154
7 602
7 882
7 1104
7 1152
7 1472
7 1945
8 10
8 37
8 84
8 97
8 114
8 196
8 323
8 384
8 464
8 608
8 744
8 772
8 800
8 806
8 851
8 1024
8 1059
8 1061
8 1073
8 1090
8 1156
8 1157
8 1296
8 1348
8 1543
8 1634
8 1937
8 1992
8 2000
9 0
9 2
9 9
9 16
9 24
9 46
9 542
9 642
9 688
9 1028
9 1032
9 1145
9 1812
9 1869
10 72
10 256
10 480
10 555
10 559
10 611
10 772
10 1041
10 1312
10 1561
10 1565
10 1566
10 1669
10 1680
10 1742
10 1888
11 17
11 23
11 98
11 181
11 216
11 578
11 589
11 1096
11 1122
11 1800
12 1
12 8
12 322
12 372
12 464
12 521
12 549
12 1028
12 1048
12 1168
12 1208
12 1281
12 1458
12 1472
12 1489
12 1700
13 76
13 112
13 318
13 514
13 530
13 594
13 1100
13 1129
13 1280
13 1368
13 1573
13 1712
14 117
14 294
14 864
14 1098
14 1401
15 330
15 554
15 570
15 1032
15 1060
15 1295
16 4
16 5
16 12
16 33
16 36
16 49
16 72
16 138
16 143
16 170
16 192
16 256
16 259
16 385
16 403
16 425
16 512
16 562
16 580
16 609
16 706
16 841
16 969
16 970
16 995
16 1043
16 1056
16 1064
16 1152
16 1208
16 1216
16 1388
16 1445
16 1600
17 1
17 32
17 64
17 80
17 107
17 128
17 196
17 328
17 369
17 457
17 516
17 577
17 580
17 602
17 672
17 714
17 937
17 1192
17 1512
17 1734
17 1798
17 1892
18 12
18 18
18 64
18 81
18 90
18 137
18 258
18 464
18 632
18 642
18 705
18 776
18 1086
18 1327
18 1355
18 1569
18 1760
18 1819
18 1945
19 13
19 82
19 694
19 1068
19 1488
20 19
20 30
20 81
20 177
20 226
20 522
20 585
20 598
20 774
20 864
20 906
20 1112
20 1122
20 1130
20 1231
20 1413
20 1568
20 1769
21 267
21 299
21 367
21 385
21 536
21 1546
22 1
22 381
22 666
22 1032
22 1044
22 1046
22 1057
22 1062
22 1229
22 1785
22 1825
23 16
23 233
23 320
23 521
23 547
23 1129
24 21
24 46
24 48
24 65
24 66
24 117
24 137
24 152
24 160
24 324
24 333
24 368
24 409
24 412
24 544
24 605
24 651
24 704
24 736
24 779
24 928
24 1185
24 1420
24 1603
24 1604
24 1880
25 16
25 64
25 84
25 323
25 484
25 640
25 1094
25 1297
25 1400
25 1544
26 61
26 264
26 555
26 666
26 1038
26 1056
26 1154
26 1184
27 18
27 81
27 96
27 296
27 553
27 578
27 1280
28 83
28 272
28 465
28 594
28 658
28 872
28 881
28 1096
28 1234
28 1556
28 1600
29 3
29 51
29 69
29 130
29 224
29 272
29 329
29 370
29 375
29 866
29 1160
29 1288
29 1315
30 98
30 143
30 176
30 290
30 465
30 577
30 888
30 1423
30 1556
30 1600
31 193
31 256
31 352
31 392
32 36
32 40
32 65
32 84
32 100
32 155
32 169
32 208
32 324
32 345
32 347
32 384
32 416
32 512
32 528
32 583
32 752
32 1056
32 1108
32 1138
32 1196
32 1281
32 1447
32 1563
32 1609
32 1669
32 1740
32 1825
32 1963
33 0
33 33
33 64
33 65
33 95
33 98
33 104
33 128
33 160
33 242
33 512
33 532
33 554
33 588
33 778
33 801
33 1033
33 1056
33 1057
33 1217
33 1281
33 1379
34 8
34 12
34 38
34 128
34 129
34 151
34 201
34 321
34 352
34 658
34 736
34 769
34 848
34 968
34 1049
34 1093
34 1263
34 1338
34 1353
35 32
35 768
35 911
35 1041
35 1070
35 1345
35 1450
35 1579
35 1891
36 37
36 101
36 123
36 136
36 290
36 312
36 463
36 473
36 898
36 1370
36 1516
36 1586
36 1793
37 6
37 26
37 514
37 519
37 525
37 744
37 783
37 1280
37 1281
37 1410
37 1413
37 1445
37 1716
38 17
38 48
38 73
38 98
38 538
38 583
38 593
38 600
38 845
38 1029
38 1093
38 1538
38 1813
39 2
39 45
39 64
39 112
39 124
39 176
39 234
39 522
39 1041
39 1088
39 1280
39 1298
39 1482
40 0
40 2
40 3
40 22
40 164
40 258
40 387
40 482
40 567
40 782
40 1088
40 1281
40 1543
40 1609
40 1652
40 1861
41 151
41 168
41 292
41 602
41 620
41 648
41 1059
41 1125
41 1136
41 1422
41 1620
42 11
42 362
42 912
42 1169
42 1299
42 1329
42 1371
42 1552
42 1584
42 1936
43 112
43 134
43 512
43 934
43 1648
44 107
44 148
44 232
44 259
44 448
44 517
44 576
44 578
44 659
44 969
44 1088
44 1153
45 261
45 1041
45 1329
46 16
46 256
46 258
46 321
46 600
46 1684
47 278
47 429
47 521
47 1220
47 1417
48 11
48 67
48 104
48 362
48 641
48 648
48 910
48 1056
48 1068
48 1100
48 1181
48 1282
48 1611
48 1642
48 1908
49 73
49 130
49 306
49 601
49 658
49 677
49 1057
49 1766
50 3
50 41
50 59
50 240
50 268
50 292
50 338
50 394
50 401
50 489
50 1171
50 1282
50 1337
50 1344
50 1669
50 1677
50 1932
51 9
51 32
51 34
51 134
51 258
51 325
51 481
51 1252
52 304
52 402
52 916
52 960
52 1392
53 1041
53 1068
53 1568
53 1949
54 224
54 274
54 306
54 387
54 514
54 1265
55 4
55 232
55 604
56 136
56 273
56 340
56 648
56 1289
56 1560
56 1924
57 144
57 356
57 594
57 632
57 929
58 32
58 94
58 129
58 271
58 384
58 481
58 512
58 569
58 1161
59 0
59 722
59 1824
60 37
60 355
60 1059
60 1412
61 128
61 326
61 1168
62 10
62 24
62 36
62 262
62 497
62 555
62 977
62 1060
62 1136
62 1435
63 512
63 788
63 966
64 13
64 129
64 136
64 146
64 220
64 228
64 249
64 385
64 514
64 545
64 554
64 578
64 580
64 642
64 832
64 1184
64 1249
64 1280
64 1281
64 1483
64 1504
64 1508
64 1543
64 1632
64 1816
65 32
65 74
65 258
65 309
65 331
65 520
65 526
65 577
65 578
65 662
65 676
65 774
65 804
65 1032
65 1036
65 1122
65 1312
65 1452
65 1510
65 1554
65 1588
65 1650
65 1760
65 1829
66 5
66 10
66 64
66 182
66 192
66 324
66 328
66 584
66 608
66 771
66 1040
66 1046
66 1062
66 1288
66 1313
67 4
67 21
67 148
67 200
67 225
67 258
67 391
67 656
67 800
67 1028
67 1776
67 1812
68 8
68 16
68 157
68 240
68 304
68 321
68 442
68 448
68 523
68 565
68 642
68 962
68 1043
68 1386
68 1544
68 1577
68 1874
69 13
69 171
69 225
69 302
69 350
69 408
69 542
69 624
69 1122
69 1229
69 1952
70 38
70 280
70 298
70 1036
70 1094
70 1357
70 1434
71 48
71 64
71 69
71 92
71 482
71 560
71 1548
72 33
72 80
72 147
72 194
72 256
72 513
72 568
72 592
72 620
72 645
72 1033
72 1156
72 1159
72 1315
72 1537
72 1762
72 1829
73 192
73 296
73 308
73 584
73 902
73 1029
73 1120
73 1928
73 1960
74 0
74 264
74 450
74 708
74 784
74 1616
75 396
75 417
75 482
75 1177
76 67
76 162
76 258
76 382
76 901
76 1830
76 1936
76 2023
77 34
77 135
77 334
77 574
77 648
77 1120
77 1692
77 1794
78 32
78 72
78 197
78 306
78 310
78 1162
78 1453
78 1776
78 1841
79 52
79 397
79 560
80 32
80 152
80 256
80 288
80 354
80 528
80 779
80 806
80 1026
80 1076
80 1080
80 1105
80 1253
80 1445
80 1537
80 1550
80 1806
81 50
81 79
81 121
81 301
81 445
81 593
81 784
81 1026
81 1332
81 1801
82 189
82 208
82 451
82 604
82 1030
82 1040
82 1044
82 1091
82 1280
83 52
83 128
83 203
83 398
83 586
83 832
83 844
83 903
84 172
84 660
84 703
84 1028
84 1045
85 24
85 80
85 273
85 278
85 736
85 916
85 1108
85 1165
85 1316
85 1396
86 83
86 177
86 270
86 394
86 620
86 971
87 434
87 529
87 714
87 897
87 926
87 1024
87 1152
87 1206
88 0
88 21
88 166
88 276
88 288
88 393
88 705
88 913
88 1057
88 1154
88 1312
88 1349
88 1536
88 1668
88 1806
88 1856
88 1889
89 2
89 8
89 34
89 210
89 686
89 1030
89 1736
90 210
90 298
90 316
90 385
90 432
90 652
90 769
90 976
90 1379
90 1838
91 32
91 35
91 52
91 576
91 1582
92 64
92 162
92 513
92 1110
92 1889
93 554
95 484
96 0
96 110
96 120
96 130
96 138
96 180
96 204
96 273
96 283
96 323
96 418
96 520
96 592
96 628
96 642
96 660
96 1056
96 1076
96 1217
96 1298
96 1345
96 1489
96 1568
96 1710
96 1764
96 1798
96 1850
96 1992
97 2
97 140
97 162
97 262
97 328
97 421
97 601
97 776
97 961
97 1088
97 1152
97 1612
98 128
98 194
98 480
98 553
98 673
98 768
98 776
98 852
98 1101
98 1105
98 1312
98 1348
98 1360
98 1408
98 1434
98 1569
98 1684
99 8
99 74
99 162
99 336
99 360
99 480
99 525
99 915
99 1876
100 40
100 96
100 108
100 297
100 532
100 626
100 1046
100 1360
101 1
101 137
101 400
101 520
101 706
101 1072
101 1312
101 1677
102 1
102 20
102 139
102 163
102 261
102 290
102 832
102 1390
102 1802
103 1
103 148
103 331
103 528
103 1118
104 130
104 230
104 256
104 1140
104 1216
104 1308
104 1601
104 1744
105 114
105 836
105 1066
105 1081
106 0
106 12
106 261
106 464
106 1157
106 1685
107 22
107 34
107 576
107 1028
107 1098
107 1537
108 290
108 1168
108 1184
108 1536
109 256
109 384
109 388
109 555
109 580
109 1162
109 1416
110 712
110 1057
110 1350
111 641
111 1042
111 1090
111 1699
112 42
112 130
112 165
112 380
112 576
112 1100
112 1280
112 1331
112 1925
113 306
113 402
113 1251
113 1474
114 2
114 556
114 620
114 1025
114 1536
115 52
115 64
115 312
115 1069
115 1840
116 18
116 88
116 134
116 272
116 364
116 468
116 512
116 1274
116 1293
116 1344
116 1984
117 1416
117 1828
118 97
118 129
118 163
118 585
118 768
118 1109
118 1556
119 344
119 713
119 1065
120 92
120 224
120 480
120 523
120 772
120 1045
120 1332
120 1409
120 1825
122 38
122 96
122 161
122 513
122 784
122 1634
123 530
123 689
124 358
124 728
124 1040
124 1186
126 256
126 371
126 609
127 1054
127 1575
127 1600
128 0
128 6
128 8
128 12
128 15
128 74
128 156
128 185
128 243
128 457
128 468
128 513
128 591
128 722
128 921
128 1024
128 1026
128 1152
128 1176
128 1203
128 1252
128 1290
128 1304
128 1617
129 1
129 16
129 32
129 62
129 65
129 96
129 134
129 139
129 159
129 216
129 224
129 232
129 298
129 536
129 638
129 665
129 908
129 1024
129 1031
129 1130
129 1154
129 1550
130 2
130 11
130 16
130 32
130 105
130 194
130 224
130 263
130 785
130 1021
130 1036
130 1164
130 1408
130 1565
130 1585
130 1829
131 7
131 69
131 233
131 394
131 679
131 854
131 1064
131 1068
132 0
132 161
132 217
132 337
132 608
132 828
132 1116
132 1280
132 1360
132 1395
132 1422
132 1547
133 2
133 52
133 64
133 106
133 132
133 298
133 307
133 519
133 544
133 640
133 896
133 1125
133 1189
133 1312
133 1459
133 1875
134 0
134 48
134 80
134 97
134 328
134 384
134 428
134 529
134 546
134 583
134 1065
134 1284
134 1298
134 1346
134 1600
134 1629
134 1696
135 96
135 145
135 388
135 568
135 646
135 760
135 768
135 875
135 1380
135 1808
136 12
136 20
136 82
136 196
136 299
136 305
136 640
136 868
136 1078
136 1124
136 1196
136 1230
136 1536
136 1548
136 1563
136 1649
136 1840
137 8
137 27
137 108
137 274
137 320
137 624
137 821
137 864
137 954
137 1095
137 1196
137 1557
138 90
138 160
138 274
138 624
138 659
138 688
138 867
138 1040
138 1284
138 1570
138 1923
139 18
139 131
139 453
139 1058
139 1226
139 1831
140 3
140 250
140 268
140 336
140 536
140 616
140 912
140 1066
140 1184
141 1
141 49
141 65
141 266
141 352
141 1009
141 1028
142 1
142 137
142 305
142 673
142 801
142 1072
142 1160
143 74
143 160
143 896
143 1320
143 1322
144 0
144 127
144 139
144 160
144 173
144 288
144 402
144 528
144 584
144 815
144 946
144 1584
144 1713
144 1796
145 6
145 15
145 24
145 106
145 366
145 530
145 680
145 1088
145 1394
146 64
146 96
146 100
146 206
146 466
146 534
146 646
146 948
147 24
147 35
147 249
147 259
147 276
147 297
147 1160
147 1226
147 1272
147 1312
148 18
148 20
148 25
148 86
148 126
148 193
148 200
148 268
148 289
148 512
148 514
148 534
148 613
148 1648
149 337
149 650
149 1656
150 9
150 72
150 147
150 485
150 932
150 1002
150 1049
150 1288
150 1324
150 1377
150 1381
151 908
151 1293
151 1401
151 1410
151 2016
152 0
152 67
152 102
152 352
152 989
152 1284
152 1368
152 1736
153 4
153 8
153 40
153 71
153 343
153 738
153 1292
153 1328
153 1540
154 185
154 196
154 275
154 280
154 579
154 848
154 1071
155 48
155 308
156 79
156 305
156 536
156 640
156 1027
156 1090
156 1288
157 106
157 709
157 1602
157 1805
159 404
159 512
159 1180
160 24
160 72
160 74
160 224
160 264
160 275
160 328
160 473
160 704
160 803
160 1024
160 1159
160 1539
160 1556
160 1560
160 1940
160 1987
161 12
161 254
161 524
161 534
161 844
161 961
161 1240
161 1290
162 1
162 9
162 400
162 520
162 536
162 581
162 656
162 861
162 1480
162 1920
162 1992
163 75
163 84
163 264
163 657
163 1308
163 1827
164 50
164 193
164 264
164 274
164 363
164 515
164 517
164 641
164 832
164 840
164 850
164 912
164 1064
164 1320
165 10
165 57
165 178
165 1131
166 36
166 64
166 65
166 604
166 1060
166 1113
166 1369
166 1628
166 1724
166 1923
167 98
167 137
167 256
167 525
167 844
167 1570
168 1
168 3
168 141
168 270
168 336
168 448
168 516
168 790
168 1032
168 1296
168 1880
169 330
169 1041
169 1056
169 1431
170 8
170 16
170 20
170 140
170 154
170 386
170 418
170 921
170 1072
170 1074
170 1098
171 307
171 420
171 786
171 1002
171 1792
172 65
172 389
172 518
172 1059
172 1088
173 85
173 96
173 282
173 408
173 810
173 1066
173 1320
173 1536
174 106
174 308
174 369
174 1636
174 1751
174 1811
175 724
176 57
176 82
176 145
176 149
176 993
176 1107
176 1657
176 1784
177 130
177 417
178 32
178 384
178 514
178 848
178 932
179 134
179 297
179 430
179 449
179 925
180 197
180 265
180 324
180 532
180 536
180 854
180 1492
181 50
181 80
181 450
181 834
181 1024
181 1536
181 1682
181 1701
182 22
182 45
182 146
182 302
182 538
182 911
182 1412
183 1833
184 374
184 861
184 1036
184 1124
184 1186
184 1552
185 24
185 54
185 834
185 1044
185 1228
186 16
186 53
186 208
186 807
187 73
187 172
187 175
187 1384
188 75
188 349
188 896
188 1536
189 242
189 276
189 277
189 1026
190 6
190 128
190 384
190 1259
191 112
191 142
191 257
192 47
192 85
192 98
192 280
192 371
192 398
192 514
192 557
192 640
192 1040
192 1100
192 1160
192 1481
192 1558
192 1884
193 4
193 20
193 51
193 157
193 177
193 204
193 520
193 560
193 586
193 1024
193 1091
193 1282
193 1352
193 1658
194 257
194 305
194 566
194 918
194 1739
194 1787
195 2
195 42
195 282
195 397
195 514
195 576
195 1281
195 1753
196 0
196 98
196 137
196 142
196 268
196 280
196 438
196 777
196 790
196 833
196 876
196 1033
196 1122
196 1152
196 1205
196 1538
196 1609
196 1672
196 1800
197 144
197 267
197 359
197 360
197 1056
197 1316
197 1564
198 452
198 578
198 656
198 1067
198 1072
199 320
199 556
199 637
199 904
199 1032
199 1202
199 1555
200 0
200 7
200 38
200 336
200 518
200 521
200 992
200 1140
200 1231
200 1368
201 835
201 1098
201 1866
202 57
202 123
202 656
202 1398
203 17
203 19
203 258
204 328
204 339
204 386
204 1074
205 33
206 35
206 82
206 90
206 130
206 334
206 450
206 638
206 833
206 1010
206 1062
206 1713
207 1556
207 1700
208 19
208 54
208 133
208 609
208 649
208 704
208 1152
208 1249
208 1619
208 1829
209 33
209 161
209 1181
209 1344
209 1537
209 1918
210 36
210 192
210 622
210 737
210 928
210 1290
211 20
211 128
211 1025
212 515
212 820
212 1024
212 1794
213 1089
213 1161
213 1365
213 1416
213 1688
214 0
214 35
214 170
214 280
214 369
214 1014
214 1935
215 17
215 484
216 1710
217 832
217 922
217 1083
217 1112
218 24
218 514
218 1409
218 1857
219 556
219 1170
219 1284
220 657
220 814
221 788
221 1024
221 1605
221 1734
222 560
222 1321
223 768
224 20
224 168
224 261
224 449
224 483
224 512
224 580
224 906
224 1009
224 1185
224 1697
224 1864
224 1972
225 1
225 73
225 113
225 171
225 179
225 593
225 678
225 1158
226 170
226 332
226 423
226 560
226 619
226 708
226 1121
226 1846
227 26
227 70
227 256
227 899
227 1038
227 1144
227 1210
227 1286
228 214
228 727
228 802
228 1075
228 1152
228 1727
229 132
229 145
229 330
229 1032
231 46
231 146
231 328
231 546
231 1031
231 1044
232 89
232 122
232 386
232 580
232 1178
232 1539
233 72
233 103
233 256
233 1092
233 1861
234 21
235 340
235 514
235 848
235 1088
235 1289
236 43
236 82
236 864
236 1796
237 160
237 276
238 512
238 772
238 1030
239 5
239 146
239 1409
239 1825
240 14
240 44
240 67
240 316
240 384
240 1306
240 1348
241 0
241 32
241 78
241 104
241 776
241 833
241 1045
241 1536
242 94
242 247
242 328
242 523
242 685
242 1056
242 1570
243 72
243 328
244 274
244 298
244 1920
245 77
245 522
245 542
245 1684
246 1548
247 442
247 672
248 132
248 339
248 545
248 1024
248 1026
248 1447
248 1619
249 36
249 1145
249 1805
250 20
250 96
250 658
250 1473
250 1538
252 399
252 1497
253 192
253 1713
253 1771
253 1836
254 612
254 660
254 1280
254 1636
255 592
255 1120
255 1296
256 0
256 1
256 20
256 56
256 88
256 138
256 140
256 260
256 312
256 416
256 473
256 545
256 547
256 646
256 652
256 848
256 1091
256 1170
256 1204
256 1373
256 1890
257 30
257 36
257 70
257 80
257 128
257 198
257 346
257 547
257 642
257 1026
257 1038
257 1157
257 1184
257 1292
257 1576
257 1896
258 0
258 36
258 64
258 70
258 76
258 113
258 244
258 342
258 541
258 593
258 620
258 644
258 665
258 769
258 1253
258 1491
258 1570
258 1701
258 1761
258 1848
258 1889
259 38
259 161
259 237
259 1024
259 1472
259 1697
259 1731
260 38
260 121
260 206
260 390
260 421
260 545
260 546
260 562
260 640
260 999
260 1048
260 1058
260 1086
260 1195
260 1608
261 24
261 228
261 230
261 355
261 360
261 525
261 672
261 918
261 1107
261 1288
261 1421
261 1613
261 1674
261 1957
262 105
262 116
262 172
262 182
262 224
262 229
262 256
262 938
262 1297
262 1578
262 1601
262 1716
263 224
263 402
264 4
264 66
264 169
264 186
264 369
264 628
264 693
264 743
264 868
264 900
264 1026
264 1088
264 1160
264 1352
264 1440
264 1456
264 1632
265 42
265 56
265 79
265 130
265 136
265 526
265 821
265 850
265 1604
265 1728
266 2
266 85
266 92
266 94
266 102
266 556
266 644
266 1102
266 1329
266 1392
266 1536
267 67
267 181
267 338
267 777
267 1048
267 1106
268 6
268 40
268 256
268 301
268 576
268 768
268 1024
268 1424
268 1432
269 40
269 52
269 172
269 802
269 1027
270 32
270 50
270 58
270 69
270 152
270 746
270 1557
270 1968
271 3
271 23
271 512
271 584
272 27
272 40
272 65
272 115
272 195
272 200
272 211
272 288
272 324
272 400
272 546
272 643
272 1031
272 1056
272 1419
272 1425
272 1432
272 1818
272 1960
273 64
273 320
273 324
273 356
273 390
273 945
273 1166
273 1272
273 1324
273 1729
274 66
274 161
274 320
274 642
274 834
274 886
274 1068
274 1156
274 1164
274 1196
274 1256
274 1632
274 1665
275 64
275 275
275 961
275 1036
275 1056
275 1211
275 2016
276 88
276 120
276 384
276 488
276 515
276 564
276 650
276 696
276 792
276 1030
276 1033
276 1104
277 8
277 17
277 69
277 277
277 682
277 705
277 792
277 1541
278 12
278 189
278 338
278 1283
279 527
279 626
279 641
279 672
279 774
280 14
280 184
280 248
280 774
280 824
280 833
281 1
281 113
281 269
281 853
281 941
281 1288
282 259
282 311
282 1024
282 1044
282 1449
282 1698
282 1737
282 1920
283 198
283 1024
283 1217
284 272
284 1317
284 1889
285 68
285 185
285 1652
286 277
286 388
286 417
286 656
286 1029
286 1301
286 1770
287 478
288 0
288 24
288 96
288 152
288 233
288 258
288 515
288 535
288 588
288 640
288 768
288 819
288 1064
288 1368
289 38
289 196
289 252
289 294
289 324
289 403
289 514
289 1035
289 1622
290 78
290 109
290 156
290 200
290 452
290 453
290 576
290 616
290 768
290 808
290 1024
290 1101
290 1188
290 1194
290 1296
290 1347
290 1684
290 1858
291 68
291 258
291 485
291 688
291 1078
291 1085
291 1616
291 1830
292 133
292 146
292 151
292 259
292 769
292 836
292 1082
292 1100
292 1114
292 1282
292 2012
293 4
293 144
293 224
294 152
294 737
294 817
294 1028
295 36
295 1360
295 1495
295 1700
296 34
296 130
296 388
296 400
296 402
296 517
296 776
296 1048
296 1062
296 1160
296 1286
297 3
297 6
297 173
297 192
297 276
297 288
297 513
297 660
297 742
297 1883
298 64
298 84
298 208
298 260
298 1024
298 1686
299 60
299 84
299 347
299 405
299 1556
300 12
300 68
300 224
300 1153
300 1285
301 4
301 275
301 576
301 793
301 1389
301 1716
302 16
302 41
302 416
303 8
303 1033
304 3
304 29
304 60
304 516
304 598
304 608
304 681
304 737
304 749
304 817
304 1049
304 1155
304 1229
304 1576
304 1638
304 1768
304 1894
305 6
305 134
305 222
305 424
305 644
305 1217
305 1536
305 1537
305 1808
306 2
306 32
306 250
306 259
306 331
306 653
306 1170
306 1550
306 1877
307 326
307 512
307 1025
308 82
308 224
308 801
308 938
308 1680
308 1714
308 1729
308 1747
308 1866
309 676
309 678
309 833
310 905
311 1024
311 1056
311 1082
312 8
312 12
312 144
312 205
312 449
312 564
312 640
312 996
312 1217
312 1746
313 134
313 1152
314 45
314 102
314 136
314 160
314 295
314 800
314 848
314 1236
314 1924
315 18
315 146
315 776
315 1028
315 1804
316 77
316 264
316 279
316 962
316 1057
316 1097
316 1424
316 1489
316 1584
317 1122
317 1347
318 0
319 161
319 338
319 1154
319 1222
319 1885
320 48
320 118
320 152
320 269
320 338
320 356
320 366
320 666
320 694
320 850
320 1074
320 1447
320 1719
320 1866
321 138
321 217
321 266
321 396
321 552
321 681
321 1280
321 1696
322 9
322 42
322 102
322 264
322 376
322 578
322 1140
322 1232
322 1550
322 1570
323 158
323 362
323 389
323 472
323 1297
323 1436
323 1645
324 0
324 24
324 64
324 89
324 187
324 258
324 516
324 1026
324 1081
324 1173
324 1232
324 1443
324 1632
324 1880
325 234
325 344
325 586
325 591
325 616
325 737
325 948
325 952
325 1045
325 1162
325 1210
325 1346
325 1598
325 1672
326 300
326 904
326 1035
326 1039
326 1092
326 1160
326 1632
326 1664
327 480
327 644
327 1044
328 37
328 80
328 133
328 240
328 256
328 292
328 641
328 688
328 838
328 844
328 1160
328 1296
328 1297
328 1354
328 1572
329 1
329 35
329 68
329 162
329 522
329 545
329 552
329 1156
329 1429
330 12
330 52
330 137
330 241
330 617
330 704
330 1153
330 1712
331 264
331 417
332 33
332 698
332 1043
332 1312
332 1564
333 2
333 584
333 1163
333 1404
333 1543
333 1714
333 1728
334 52
334 72
334 290
334 1028
334 1435
334 1456
335 122
335 816
335 1310
336 16
336 21
336 108
336 312
336 517
336 529
336 531
336 1160
336 1251
336 1293
336 1323
336 1450
336 1617
336 1760
337 11
337 1090
338 13
338 106
338 131
338 1046
338 1184
338 1545
339 16
339 262
339 965
339 1037
339 1120
339 1518
340 176
340 514
340 807
340 835
340 1637
341 6
341 753
341 897
341 1312
342 39
342 273
342 367
342 737
342 1121
343 380
343 491
343 1000
344 74
344 97
344 176
344 324
344 640
344 835
344 848
344 937
344 1249
344 1313
344 1824
345 192
345 302
345 512
345 536
345 1812
346 1030
346 1032
347 17
347 47
347 312
348 272
348 1218
348 1860
348 1926
349 50
349 370
349 434
349 1135
349 1393
350 13
350 324
350 1152
350 1413
351 12
352 206
352 289
352 1024
352 1026
352 1039
352 1092
352 1360
353 128
353 174
353 1088
353 1232
354 16
354 208
354 713
354 1092
355 0
355 276
355 450
355 468
355 534
355 536
355 814
355 1137
355 1345
356 515
356 597
356 713
356 864
356 1917
357 24
357 32
357 178
357 260
357 1024
357 1801
358 558
358 770
358 1121
359 176
359 584
359 907
360 30
360 392
360 512
360 835
360 1040
360 1157
360 1953
361 704
361 915
361 1543
361 1704
361 1721
362 54
362 674
362 1300
362 1386
363 1109
363 1200
363 1560
364 62
364 592
364 869
364 976
364 1234
364 1238
364 1575
364 1792
365 1280
365 1665
366 267
367 582
367 1865
368 48
368 330
368 705
368 710
368 902
368 1099
369 1024
369 1280
370 403
370 1030
370 1264
370 1547
371 577
372 38
372 72
372 1606
372 1994
373 256
373 281
373 1315
374 46
374 89
374 144
374 548
374 784
375 70
375 462
375 545
375 1572
376 230
376 544
376 658
376 834
376 1856
377 196
377 771
377 1786
378 205
378 1075
378 1367
379 36
379 1688
379 1794
381 8
381 1188
381 1571
382 256
382 944
383 1087
384 2
384 8
384 16
384 18
384 53
384 68
384 136
384 264
384 268
384 469
384 536
384 906
384 1153
384 1216
384 1285
384 1294
384 1301
384 1405
384 1537
385 1
385 25
385 451
385 1202
385 1216
385 1328
385 1344
386 27
386 256
386 388
386 692
386 972
386 1027
386 1184
386 1281
386 1937
387 272
387 525
387 616
387 751
387 912
387 1173
387 1180
387 1901
388 16
388 60
388 204
388 299
388 336
388 386
388 653
388 710
388 881
388 1123
388 1194
388 1345
388 1393
389 48
389 506
389 521
389 1038
389 1104
389 1702
389 1708
390 518
390 531
390 1032
391 1090
392 16
392 104
392 258
392 578
392 640
392 1040
392 1193
392 1536
392 1580
393 168
393 190
393 244
393 721
393 898
393 1152
393 1153
393 1281
394 66
394 70
394 150
394 434
394 576
394 1253
394 1450
395 230
395 355
395 420
395 449
395 692
395 864
395 1628
396 257
396 259
396 422
396 597
396 775
396 930
396 1321
396 1826
397 74
397 384
397 385
397 753
398 0
398 48
398 265
398 474
399 92
399 1126
400 6
400 23
400 65
400 208
400 256
400 400
400 618
400 689
400 814
400 1104
400 1140
400 1306
401 45
401 73
401 224
401 459
401 548
401 705
401 726
401 756
401 901
401 1066
401 1162
402 131
402 293
402 810
402 1036
403 36
403 40
403 262
403 264
403 271
403 408
403 424
404 30
404 865
404 1130
404 1168
404 1801
405 264
405 344
405 1287
406 512
406 900
407 130
407 256
408 12
408 287
408 1099
408 1556
408 1940
409 172
409 304
409 412
409 1063
409 1287
410 86
410 278
410 530
410 1034
410 1772
411 373
411 1735
412 273
412 289
412 296
412 1568
412 1602
412 1710
412 1984
413 313
413 481
413 873
414 131
414 1032
415 133
415 1301
416 526
416 653
416 1035
416 1800
417 1
417 24
417 277
417 1536
417 1578
418 110
418 353
418 1033
418 1053
418 1081
418 1543
419 1443
420 5
420 112
420 264
420 283
420 915
420 1123
421 40
421 51
421 107
421 288
421 872
421 1136
421 1544
422 8
422 32
422 40
422 75
422 844
422 984
422 1040
422 1209
422 1294
423 584
423 738
424 44
424 617
424 968
424 1452
424 1556
425 78
425 547
426 348
426 445
426 452
426 528
426 672
426 896
426 1024
426 1187
426 1294
426 1861
427 82
427 536
428 164
428 275
428 1634
429 846
429 1477
430 31
430 338
430 1544
431 448
432 16
432 22
432 81
432 516
432 532
432 695
432 1024
433 0
433 419
433 482
433 811
434 259
434 340
434 528
434 546
434 641
434 674
434 1052
434 1289
434 1329
434 1540
435 1604
435 1610
436 220
436 258
436 870
436 1504
437 79
437 1783
438 16
438 144
438 608
438 832
438 1536
439 320
439 772
439 1290
440 32
440 232
440 516
440 860
440 1088
440 1536
440 1552
441 160
441 580
443 1569
444 632
445 1078
446 0
448 309
448 480
448 600
448 713
448 1080
448 1167
448 1741
449 167
449 279
449 394
449 417
449 825
449 1396
449 1584
450 34
450 155
450 310
450 1028
450 1041
450 1182
450 1184
450 1216
450 1284
450 1432
450 1544
451 80
451 768
451 1072
451 1669
452 19
452 20
452 65
452 192
452 257
452 268
452 668
452 1098
452 1387
453 1860
454 44
454 221
456 3
456 16
456 25
456 817
456 878
456 1058
456 1076
457 192
457 1186
457 1541
457 1602
457 1652
458 422
459 106
459 648
459 775
459 1179
460 8
460 122
460 515
460 1085
460 1155
461 39
461 665
461 1544
462 920
463 1291
463 1536
464 40
464 144
464 701
464 1024
464 1336
465 2
465 85
465 336
465 424
465 545
465 856
466 2
466 135
466 297
466 532
466 1552
467 224
467 286
467 768
467 1824
468 121
468 134
468 625
468 850
468 1570
468 1601
469 8
469 288
469 650
469 1084
470 361
470 1210
470 1358
471 456
472 68
472 84
472 1153
472 1198
472 1848
473 0
473 384
473 778
474 67
474 717
474 1593
474 1941
475 1100
475 1321
476 684
477 146
477 418
477 904
479 1038
479 1320
479 2017
480 176
480 177
480 630
480 769
480 1024
480 1035
480 1044
480 1045
480 1118
480 1214
480 1858
480 1905
480 2000
481 64
481 80
481 134
481 704
481 1639
482 36
482 37
482 267
482 801
482 1602
483 624
483 684
483 704
483 888
483 1348
484 5
484 1266
484 1307
484 1763
484 1897
485 4
485 545
487 64
487 524
487 1351
488 293
488 340
488 1184
488 1348
489 1026
489 1648
490 656
492 514
492 1692
493 103
493 208
494 568
494 840
496 282
496 319
496 401
496 602
496 787
496 1034
496 1225
496 1315
497 528
498 80
498 130
498 193
498 897
498 1067
499 896
500 1059
500 1861
502 184
502 965
502 1165
504 25
504 346
504 1481
505 295
505 1416
506 1044
508 1280
508 1719
509 0
509 274
510 136
510 364
511 385
511 392
511 548
512 0
512 29
512 45
512 113
512 144
512 169
512 224
512 309
512 358
512 538
512 545
512 557
512 584
512 590
512 932
512 934
512 954
512 1025
512 1106
512 1120
512 1181
512 1185
512 1345
512 1347
512 1456
512 1549
512 1574
512 1583
513 52
513 104
513 130
513 233
513 256
513 308
513 402
513 499
513 660
513 713
513 943
513 951
513 1097
513 1224
513 1461
513 1856
513 1962
514 44
514 78
514 228
514 260
514 448
514 523
514 552
514 608
514 649
514 714
514 1088
514 1101
514 1104
514 1266
514 1506
514 1547
514 1664
514 1748
514 1798
514 1869
515 21
515 64
515 73
515 122
515 160
515 338
515 394
515 515
515 532
515 1049
515 1152
515 1432
515 1844
515 1932
516 64
516 141
516 160
516 266
516 464
516 551
516 580
516 645
516 678
516 776
516 1118
516 1157
516 1200
516 1566
516 1605
517 0
517 100
517 137
517 162
517 188
517 274
517 385
517 1532
517 1923
518 26
518 160
518 282
518 514
518 648
518 1034
518 1274
518 1285
518 1952
518 1985
519 22
519 41
519 71
519 206
519 322
519 352
519 519
519 1156
519 1297
519 1384
519 1641
520 29
520 32
520 260
520 304
520 308
520 864
520 1155
520 1188
520 1563
521 1
521 54
521 88
521 194
521 649
521 1036
521 1102
521 1224
521 1284
521 1536
521 1704
522 337
522 708
522 955
522 1088
522 1120
522 1890
523 41
523 118
523 312
523 878
523 1029
523 1477
524 0
524 33
524 46
524 64
524 141
524 152
524 197
524 267
524 294
524 456
524 629
524 676
524 768
524 780
524 931
524 1026
524 1032
524 1257
524 1268
524 1447
524 1451
524 1536
525 20
525 244
525 315
525 408
525 512
525 599
525 1052
525 1136
525 1664
526 148
526 210
526 296
526 769
526 896
526 1862
526 2001
527 4
527 6
527 264
527 769
527 1298
527 1412
528 9
528 59
528 98
528 154
528 188
528 266
528 269
528 289
528 419
528 523
528 593
528 660
528 952
528 966
528 1288
528 1344
528 1537
529 32
529 273
529 624
529 716
529 953
529 1288
529 1350
529 1472
530 3
530 24
530 80
530 321
530 340
530 542
530 818
530 1265
530 1549
531 1005
531 1024
531 1549
531 1632
532 32
532 163
532 293
532 450
532 592
532 646
532 1109
532 1140
532 1286
532 1348
532 1764
533 665
533 1033
534 8
534 34
534 41
534 64
534 528
534 595
534 671
534 1125
534 1149
534 1282
534 1293
535 1
535 64
535 274
535 523
535 565
535 1408
536 64
536 96
536 257
536 365
536 527
536 618
537 11
537 235
537 336
537 345
537 1142
537 1714
538 2
538 96
538 271
538 800
538 1040
538 1154
539 437
539 514
539 1542
539 1625
540 75
540 469
540 484
540 1138
541 0
541 64
541 66
541 549
541 645
541 1232
542 257
542 440
542 512
542 784
542 1160
542 1294
542 1921
543 54
544 35
544 64
544 91
544 400
544 450
544 464
544 465
544 521
544 529
544 546
544 700
544 1135
544 1173
544 1281
544 1321
544 1356
545 1
545 9
545 117
545 154
545 261
545 578
545 594
545 642
545 875
545 1412
545 1571
546 1
546 2
546 20
546 32
546 50
546 530
546 704
546 754
546 1075
546 1225
546 1576
547 2
547 8
547 70
547 525
547 837
547 1218
547 1280
547 1356
547 1899
548 104
548 193
548 307
548 523
548 797
548 817
549 134
549 136
549 293
549 897
549 1041
549 1284
550 64
550 152
550 208
550 713
550 1248
550 1285
550 1548
550 1624
551 340
551 595
551 1280
551 1616
552 156
552 161
552 238
552 580
552 740
552 973
552 1067
552 1156
552 1424
552 1509
552 1602
553 367
553 1192
554 8
554 130
554 453
554 529
554 1860
555 268
555 453
556 513
556 773
557 2
557 514
559 324
559 1552
560 178
560 212
560 304
560 790
560 850
560 1475
561 96
561 97
561 271
561 514
561 654
561 668
562 98
562 288
562 704
562 1026
562 1044
562 1223
562 1731
562 1953
563 324
563 620
563 1026
564 6
564 16
564 136
564 472
564 544
564 557
564 705
564 1316
565 89
565 842
565 896
565 1568
566 76
566 300
566 520
566 1184
566 1250
567 36
567 326
567 1194
567 1280
569 19
569 78
569 81
569 529
569 546
569 555
569 586
569 1291
570 6
570 156
570 256
570 323
570 398
570 679
570 1732
571 10
571 825
571 1028
572 771
572 1137
572 1431
572 1608
573 0
573 33
573 776
573 1829
574 129
574 1056
575 277
575 768
575 1296
575 1668
576 58
576 132
576 180
576 264
576 364
576 596
576 665
576 774
576 968
576 1196
576 1230
576 1232
576 1386
576 1664
576 1848
576 1849
576 1865
576 1961
577 674
577 1193
577 1320
577 1668
578 5
578 24
578 80
578 146
578 195
578 262
578 274
578 280
578 389
578 536
578 642
578 713
578 793
578 1103
578 1129
578 1698
579 27
579 150
579 882
579 1033
579 1672
580 25
580 809
581 0
581 37
581 810
581 886
581 904
581 1320
581 1536
582 60
582 287
582 676
582 1326
583 802
583 1100
583 1121
583 1486
583 1814
584 19
584 27
584 68
584 188
584 262
584 454
584 613
584 769
584 792
584 1353
584 1633
585 65
585 99
585 291
585 333
585 672
585 1674
586 132
586 327
586 408
586 526
586 552
586 686
586 770
586 1038
586 1159
586 1193
586 1600
586 1942
587 1
587 264
587 301
587 328
587 484
587 584
587 1306
588 2
588 132
588 289
588 596
588 717
588 793
588 1555
588 1632
588 1692
588 1776
589 16
589 23
589 105
589 118
589 552
589 868
589 1200
589 1861
591 78
591 175
591 1024
592 66
592 134
592 192
592 239
592 558
592 677
592 800
592 1037
592 1043
592 1094
592 1859
593 10
593 32
593 120
593 208
593 260
593 385
593 432
593 1216
593 1555
594 7
594 44
594 264
594 276
594 279
594 326
594 455
594 528
594 1033
594 1176
594 1483
594 1881
594 1921
595 1
595 4
595 424
595 1057
595 1432
595 1544
595 1609
595 1740
596 9
596 100
596 112
596 125
596 176
596 296
596 524
596 1932
597 5
597 33
597 240
597 377
597 886
597 1282
597 1314
597 1488
598 28
598 274
598 1107
600 39
600 118
600 752
600 1064
600 1170
600 1224
601 658
601 1030
601 1056
601 1138
601 1206
601 1209
601 1667
602 64
602 200
602 256
602 577
602 1809
603 142
603 169
603 513
603 769
603 1456
603 1800
604 25
604 289
604 681
606 227
606 296
606 336
606 1268
606 1292
607 202
607 1952
608 0
608 28
608 45
608 116
608 178
608 212
608 512
608 740
608 800
608 1037
608 1354
608 1638
609 154
609 190
609 266
609 904
609 1036
609 1169
609 1546
609 1959
610 9
610 89
610 384
610 553
610 965
610 1069
610 1240
611 12
611 161
611 1133
611 1265
611 1796
612 5
612 6
612 160
612 276
612 528
612 737
612 960
612 1414
612 1973
613 9
613 1032
613 1502
614 654
615 722
615 1570
616 2
616 27
616 522
616 641
616 684
616 937
616 1281
616 1698
617 207
617 336
617 344
618 217
618 308
618 389
618 517
618 1237
618 1292
619 545
619 1328
619 1419
620 144
620 178
620 285
620 297
620 1024
620 1164
620 1617
621 192
621 272
621 1027
621 1280
621 1370
622 168
622 722
624 34
624 1794
624 1985
624 1992
625 0
625 137
625 1345
625 1418
625 1760
626 132
626 166
626 237
626 288
626 400
626 418
626 429
626 776
626 932
626 1024
626 1345
626 1853
627 0
627 208
627 515
627 1415
628 38
628 260
628 384
628 1089
628 1684
628 1783
629 141
629 260
629 1049
629 1155
629 1545
630 129
630 603
630 856
632 10
632 21
632 222
632 334
632 700
634 288
635 256
635 612
636 412
636 848
636 1349
636 1800
637 57
637 1829
638 2
638 774
640 4
640 61
640 160
640 201
640 320
640 512
640 519
640 1028
640 1152
640 1328
640 1696
640 1954
641 14
641 73
641 77
641 284
641 360
641 408
641 512
641 790
641 892
641 1052
641 1088
641 1732
642 128
642 162
642 200
642 320
642 460
642 587
642 627
642 656
642 801
643 4
643 197
643 208
643 406
643 860
643 1224
643 1288
643 1408
643 1764
644 0
644 63
644 544
644 545
644 833
644 1206
644 1290
644 1682
645 40
645 197
645 439
645 695
645 757
645 1665
646 1
646 325
646 336
646 615
646 1036
646 1344
646 1386
647 0
647 385
647 536
647 1800
648 546
648 721
648 731
648 1059
648 1089
648 1096
648 1566
649 8
649 25
649 44
649 242
649 298
649 302
649 1068
649 1251
649 1864
650 0
650 142
650 526
650 527
650 741
650 1288
650 1356
650 1408
651 256
651 261
651 1025
651 1058
652 25
652 629
652 1067
652 1127
652 1332
652 1439
652 1634
653 306
653 657
653 866
653 1064
653 1216
654 50
654 72
654 98
654 260
654 417
654 464
654 528
654 1507
655 134
655 204
656 48
656 76
656 135
656 216
656 512
656 677
656 784
656 800
656 1320
656 1459
656 1540
657 2
657 262
657 298
657 512
657 970
657 1364
658 89
658 384
658 414
658 546
658 576
658 600
658 896
658 1636
659 56
659 67
659 322
659 1102
659 1106
659 1792
660 260
660 286
660 473
660 1068
660 1144
660 1760
661 9
661 46
661 740
661 1600
661 1768
662 65
662 140
662 153
662 275
662 354
663 138
664 32
664 73
664 76
664 132
664 1414
664 1524
664 1570
664 1745
664 1825
665 228
665 711
665 1229
666 7
666 88
666 1026
667 244
668 8
668 64
668 284
668 576
668 1046
668 1374
669 278
669 808
669 1024
669 1125
669 1568
669 1572
670 40
670 64
670 83
670 520
670 1960
672 4
672 18
672 34
672 48
672 56
672 97
672 130
672 303
672 528
672 878
672 960
672 1044
672 1050
672 1160
672 1409
672 1817
672 2027
673 426
673 1089
673 1100
674 4
674 51
674 64
674 125
674 356
674 545
674 768
674 1056
674 1080
674 1129
674 1320
674 1337
675 3
675 220
675 257
675 372
675 1057
675 1090
676 51
676 129
676 401
676 606
676 1028
676 1039
676 1282
676 1337
677 72
677 291
677 413
677 564
678 18
678 198
678 553
678 613
678 1251
679 260
679 1040
679 1062
680 1
680 168
680 1450
680 1700
680 1862
681 0
681 4
681 1667
682 17
682 560
683 516
683 1315
683 1546
684 512
685 169
685 1024
686 13
686 163
686 733
686 1419
686 1441
687 512
687 1034
688 2
688 32
688 128
688 264
688 273
688 284
688 293
688 378
688 808
688 1163
688 1252
688 1280
689 257
689 523
689 610
689 710
689 749
689 1063
689 1163
689 1349
690 7
690 452
690 842
690 1298
690 1861
691 44
691 81
691 424
692 1672
693 1
693 142
693 577
693 1084
693 1254
693 1384
694 0
694 196
694 324
694 837
694 1056
695 0
696 1125
696 1937
697 384
697 396
697 578
697 1847
698 99
698 1608
699 608
699 681
699 1052
700 1035
701 256
701 321
702 20
702 402
702 1113
703 81
703 528
704 42
704 58
704 178
704 257
704 513
704 552
704 594
704 641
704 724
704 1097
704 1104
704 1245
704 1256
704 1589
705 54
705 786
705 832
705 1090
705 1091
705 1686
705 1874
706 0
706 97
706 116
706 128
706 1090
707 128
707 961
707 1153
708 256
708 520
708 1032
708 1095
708 1114
708 1208
708 1475
708 1600
709 32
709 96
709 174
709 1049
709 1614
710 46
710 84
710 839
710 899
710 1217
710 1313
711 332
711 563
711 768
712 5
712 18
712 19
712 168
712 270
712 1698
713 2
713 8
713 175
713 241
713 256
713 555
713 794
714 81
714 305
714 671
714 769
714 1456
715 124
716 78
716 149
716 789
716 946
716 1624
717 547
717 582
717 1669
718 80
718 266
718 578
718 642
719 1521
720 16
720 33
720 76
720 176
720 259
720 404
720 833
720 899
720 1189
720 1217
720 1218
720 1361
720 1537
720 1556
721 936
722 1579
724 132
724 1169
725 65
725 520
725 973
725 1394
727 261
727 1044
728 35
728 1433
728 1794
728 1814
729 240
729 608
729 1222
729 1576
729 1622
730 56
730 128
731 49
732 128
732 672
732 1080
733 2
733 137
733 316
735 1546
736 15
736 100
736 214
736 260
736 1218
736 1500
737 24
737 330
737 1056
737 1186
738 272
738 288
738 384
738 687
738 1138
738 1425
738 1481
738 1961
739 78
739 1296
739 1361
739 1540
739 1864
740 12
740 71
740 752
740 1064
740 1153
740 1234
740 1446
741 11
741 278
741 376
742 1
742 1282
743 1410
744 38
744 112
744 403
744 1427
745 176
745 1030
745 1520
747 1152
748 653
748 1169
749 469
752 1104
752 1152
753 10
753 1164
754 1
754 141
754 811
754 1056
755 144
756 232
756 290
757 776
757 1089
758 13
758 260
760 32
760 44
760 256
761 64
761 1028
761 1218
762 164
762 273
762 1603
762 1626
763 1216
764 503
764 1074
765 56
766 265
766 464
767 1026
768 0
768 26
768 27
768 48
768 56
768 114
768 142
768 212
768 224
768 226
768 272
768 408
768 580
768 620
768 640
768 708
768 785
768 868
768 881
768 892
768 1028
768 1036
768 1095
768 1120
768 1161
768 1342
768 1376
768 1393
768 1553
769 512
769 525
769 773
769 874
769 1156
769 1218
769 1748
769 1792
770 8
770 64
770 128
770 204
770 729
770 1225
770 1280
770 1292
770 1582
770 1920
771 72
771 257
771 260
771 456
771 769
771 1048
771 1425
771 1548
771 1567
772 0
772 4
772 14
772 35
772 48
772 131
772 385
772 431
772 449
772 704
772 855
772 1029
772 1082
772 1449
772 1543
772 1792
773 298
773 955
773 1045
774 22
774 33
774 162
774 226
774 674
774 1081
774 1647
775 314
775 580
775 1104
775 1161
776 0
776 138
776 196
776 320
776 788
776 802
776 869
776 1104
777 32
777 352
777 420
777 512
777 1001
777 1054
777 1292
778 100
778 688
778 996
778 1062
778 1093
778 1465
778 1936
779 328
779 388
780 55
780 97
780 194
780 288
780 640
780 682
780 1052
780 1172
780 1219
781 1348
781 1569
782 81
782 128
782 209
782 1137
782 1296
784 0
784 56
784 65
784 66
784 161
784 174
784 208
784 355
784 385
784 593
784 792
784 944
784 1059
784 1250
784 1280
784 1572
784 1664
785 10
785 60
785 604
785 717
785 786
785 957
785 1183
786 41
786 1041
786 1062
786 1247
786 1344
787 44
787 130
787 264
787 554
787 560
787 902
787 1609
787 1664
788 453
788 1098
788 1408
789 150
790 224
790 1236
791 504
791 642
791 1164
791 1716
792 19
792 48
792 129
792 138
792 224
792 231
792 789
792 1044
792 1335
793 206
793 441
793 1089
793 1148
794 14
794 768
794 853
794 1154
794 1576
795 48
795 1602
796 423
796 800
796 901
796 1040
796 1217
796 1476
796 1480
797 292
797 474
797 1025
797 1035
797 1412
798 25
798 145
798 264
799 1233
800 146
800 231
800 338
800 624
800 706
800 960
800 968
800 1024
800 1100
800 1174
800 1729
801 19
801 65
801 82
801 114
801 116
801 118
801 135
801 590
801 1033
801 1888
802 39
802 193
802 533
802 576
802 1048
803 1084
803 1496
804 50
804 716
804 818
804 897
804 905
804 906
804 913
804 1624
805 10
805 150
805 192
806 512
806 1036
806 1177
806 1332
806 1636
807 216
807 547
807 914
808 52
808 150
808 448
808 1044
808 1056
808 1515
808 1811
809 164
809 197
809 512
809 516
809 560
809 674
810 384
810 1101
810 1188
810 1639
811 128
811 328
811 833
811 1412
812 1226
812 1282
813 112
813 640
813 1092
814 89
815 1320
815 1545
816 4
816 321
816 353
816 779
816 992
816 1024
817 68
817 146
817 562
818 312
818 393
818 556
818 1026
819 46
819 156
819 226
819 1220
820 129
820 663
820 1410
821 128
821 214
821 320
821 528
821 848
823 576
824 9
824 130
824 256
824 1217
824 1630
824 1824
825 65
825 455
825 1794
826 164
826 530
826 772
826 974
827 34
827 1538
827 1576
828 1425
828 1464
829 608
829 805
829 1556
830 1286
831 1697
832 27
832 32
832 44
832 66
832 177
832 263
832 387
832 519
832 898
832 1122
832 1552
833 8
833 129
833 145
833 224
833 576
834 0
834 15
834 105
834 358
834 896
834 1042
834 1542
834 1668
834 1838
835 5
835 94
835 186
835 201
835 374
835 616
835 841
835 949
835 1030
836 12
836 20
836 98
836 321
836 604
836 800
836 1042
837 43
837 92
837 884
837 885
837 1052
838 5
838 544
838 649
838 784
838 1351
838 1640
840 114
840 168
840 680
840 922
840 1280
840 1567
841 1087
842 324
842 351
842 529
842 644
842 685
842 689
843 27
843 1424
844 131
844 137
844 1659
844 1928
845 393
845 841
845 1010
846 1782
847 11
847 67
847 148
847 1060
847 1600
848 21
848 1229
848 1264
848 1505
848 1728
849 263
849 930
849 1046
849 1588
849 1792
850 25
850 146
850 336
850 484
850 770
850 1064
851 2
851 82
851 272
851 1044
851 1058
851 1349
851 1608
852 652
852 717
852 962
852 1124
852 1400
852 1415
852 1882
853 448
853 786
853 1242
853 1612
854 156
854 546
854 1025
854 1426
855 740
855 817
856 531
856 640
857 8
857 87
858 516
858 553
858 1168
858 1817
858 1856
860 34
860 441
860 552
863 1160
864 44
864 128
864 166
864 512
864 524
864 545
864 556
864 640
864 1068
865 1
865 548
865 560
865 1160
865 1313
865 1546
865 1603
866 256
866 339
866 528
866 1554
867 18
867 1216
867 1924
868 0
868 18
868 528
868 1329
868 1426
868 1448
869 578
870 36
870 487
870 546
870 660
870 1218
872 30
872 135
872 259
872 529
872 1386
873 230
873 700
873 910
874 1044
875 14
875 1969
876 4
876 279
877 64
877 155
877 1087
879 26
879 836
880 13
880 198
880 512
880 565
880 646
880 865
882 641
883 293
883 1040
883 1080
884 3
884 128
884 258
884 852
884 1188
884 1346
885 163
885 547
888 160
888 326
888 1694
889 32
890 134
890 1655
891 1040
891 1120
892 293
892 1617
893 3
893 1306
894 387
894 1076
894 1958
896 4
896 12
896 66
896 276
896 282
896 303
896 529
896 561
896 649
896 672
896 1044
896 1218
896 1306
896 1411
897 192
897 296
897 845
897 1025
897 1217
897 1304
897 1379
897 1472
897 1656
897 1921
898 5
898 41
898 137
898 213
898 327
898 672
898 1289
898 1584
899 176
899 1536
899 1800
899 1828
900 3
900 16
900 41
900 773
900 1584
901 110
901 576
902 76
902 100
902 1304
902 1408
902 1602
902 1624
903 129
903 458
903 888
903 1508
904 11
904 324
904 362
904 566
905 60
905 119
905 460
905 1043
906 16
906 928
907 269
908 115
908 713
909 136
909 796
909 1064
909 1313
910 544
910 595
911 128
911 534
912 400
912 522
912 1040
912 1044
912 1235
912 1537
912 1806
913 64
913 359
913 912
913 1044
915 69
915 137
916 828
917 168
917 1313
918 393
918 1088
918 1321
919 17
919 1415
920 1093
920 1300
920 1538
920 1891
921 1157
922 545
922 1056
923 142
923 578
923 1044
924 1025
924 1154
924 1429
924 1793
925 1605
926 415
926 1443
927 1131
927 1571
928 66
928 82
928 288
928 519
928 649
928 805
928 1424
928 1561
929 245
929 757
930 72
930 119
930 272
930 904
930 1027
930 1028
930 1081
930 1200
931 32
931 258
931 644
931 1234
931 1591
932 20
932 39
932 131
932 278
933 1
933 512
933 980
934 8
934 21
934 530
934 868
934 1608
934 1677
935 736
936 121
936 644
936 697
936 1031
936 1048
937 33
937 448
937 1217
938 138
938 361
939 12
939 176
939 1180
939 1360
940 12
941 132
942 522
942 640
944 135
944 1572
944 1636
944 1730
946 512
946 1024
947 13
947 274
947 594
948 0
948 68
948 119
948 152
948 1030
948 1363
949 306
949 1044
950 11
950 27
950 321
950 936
950 1045
950 1213
951 528
952 53
952 360
952 546
952 650
952 1152
952 1392
952 1683
953 6
953 231
953 1255
954 64
954 180
954 278
956 129
956 771
956 1806
957 774
958 290
958 650
958 1632
958 1700
959 688
960 16
960 100
960 208
960 256
960 897
960 921
960 1030
960 1848
961 32
961 520
961 610
961 1229
961 1344
962 0
962 864
963 0
963 257
963 1275
963 1344
964 8
964 723
964 1204
964 1316
965 225
966 0
966 57
966 64
966 1952
968 0
968 17
968 814
969 553
969 1281
970 60
970 1187
971 105
971 512
972 29
973 161
974 258
974 738
974 1287
975 104
975 324
976 5
976 550
976 909
976 1224
976 1440
977 1066
977 1073
978 844
978 1127
978 1558
979 544
979 646
980 116
980 1554
981 171
981 519
982 1441
983 340
983 513
983 1425
984 1823
986 26
986 816
986 1561
987 32
987 420
988 469
988 1156
988 1609
988 1898
992 5
992 516
992 1136
993 162
994 81
994 572
994 1128
994 1284
995 15
995 16
995 22
996 184
996 1152
998 1025
998 1354
1000 443
1000 577
1001 0
1001 266
1001 845
1001 1218
1002 128
1002 1022
1002 1922
1003 272
1003 1064
1003 1281
1004 212
1004 1280
1005 18
1006 586
1006 1218
1007 28
1008 1
1008 7
1009 1128
1009 1584
1010 58
1010 134
1012 924
1013 306
1014 1289
1014 1302
1016 1728
1018 385
1018 536
1019 140
1022 70
1024 1
1024 16
1024 19
1024 27
1024 48
1024 64
1024 356
1024 550
1024 660
1024 705
1024 773
1024 920
1024 1042
1024 1184
1024 1286
1024 1368
1024 1392
1024 1407
1024 1504
1024 1539
1024 1709
1024 1744
1025 12
1025 120
1025 336
1025 660
1025 800
1025 896
1025 1026
1025 1220
1025 1250
1025 1635
1025 1665
1025 1752
1026 8
1026 26
1026 225
1026 256
1026 290
1026 391
1026 512
1026 761
1026 896
1026 904
1026 1105
1026 1224
1026 1345
1026 1680
1026 1698
1026 1811
1027 257
1027 448
1027 808
1027 1027
1027 1281
1027 1300
1027 1728
1027 1867
1028 10
1028 77
1028 112
1028 280
1028 285
1028 416
1028 588
1028 770
1028 1056
1028 1176
1028 1188
1028 1328
1028 1824
1028 1851
1029 10
1029 75
1029 96
1029 152
1029 176
1029 198
1029 261
1029 320
1029 482
1029 538
1029 543
1029 680
1029 840
1029 1732
1029 1816
1030 234
1030 266
1030 352
1030 408
1030 410
1030 664
1030 776
1030 1031
1030 1106
1030 1193
1030 1985
1031 9
1031 78
1031 142
1031 200
1031 275
1031 544
1031 1024
1031 1732
1031 1736
1032 32
1032 42
1032 45
1032 100
1032 137
1032 196
1032 516
1032 573
1032 630
1032 649
1032 661
1032 770
1032 982
1032 1124
1032 1316
1032 1424
1032 1628
1032 1924
1033 78
1033 108
1033 139
1033 371
1033 394
1033 945
1033 1092
1033 1129
1033 1157
1033 1617
1034 196
1034 263
1034 579
1034 737
1034 1032
1034 1266
1034 1711
1034 1768
1035 2
1035 33
1035 42
1035 180
1035 407
1035 702
1035 768
1035 818
1035 914
1035 1548
1036 0
1036 26
1036 54
1036 95
1036 218
1036 561
1036 576
1036 722
1036 784
1036 928
1037 36
1037 42
1037 53
1037 130
1037 235
1037 322
1037 416
1037 644
1037 769
1037 816
1037 858
1037 1347
1037 1421
1037 1940
1038 32
1038 209
1038 320
1038 564
1038 1216
1039 28
1039 199
1039 420
1039 624
1039 1024
1039 1795
1040 0
1040 17
1040 27
1040 265
1040 283
1040 288
1040 322
1040 523
1040 620
1040 624
1040 676
1040 806
1040 1020
1040 1025
1040 1058
1040 1152
1040 1290
1040 1357
1040 1362
1040 1553
1041 142
1041 434
1041 504
1041 672
1041 1030
1041 1166
1041 1573
1041 1763
1042 137
1042 151
1042 156
1042 325
1042 359
1042 448
1042 596
1042 769
1042 802
1042 1121
1042 1136
1042 1512
1042 1545
1043 386
1043 592
1043 614
1043 770
1043 1152
1044 68
1044 163
1044 275
1044 400
1044 576
1044 644
1044 1040
1044 1361
1044 1735
1045 20
1045 517
1045 690
1045 897
1045 1794
1046 4
1046 129
1046 192
1046 483
1046 945
1046 971
1046 1265
1046 1890
1047 514
1047 1057
1047 1164
1047 1193
1047 1376
1048 2
1048 197
1048 250
1048 352
1048 394
1048 514
1048 518
1048 567
1048 827
1048 864
1048 869
1048 1027
1048 1248
1048 1298
1048 1740
1049 17
1049 33
1049 134
1049 273
1049 1056
1049 1873
1050 2
1050 24
1050 28
1050 60
1050 65
1050 93
1050 338
1050 833
1050 1045
1051 8
1051 10
1051 1387
1052 0
1052 17
1052 34
1052 68
1052 274
1052 288
1052 669
1052 1040
1052 1559
1052 1808
1053 163
1053 776
1053 1918
1054 16
1054 64
1054 428
1054 1034
1054 1141
1054 1348
1054 1365
1054 1440
1055 771
1056 28
1056 51
1056 125
1056 129
1056 160
1056 266
1056 586
1056 1041
1056 1042
1056 1200
1056 1223
1057 32
1057 105
1057 192
1057 356
1057 541
1057 580
1057 594
1057 705
1057 832
1057 839
1057 1069
1057 1408
1057 1721
1058 5
1058 25
1058 176
1058 532
1058 540
1058 584
1058 716
1058 1553
1059 230
1059 334
1059 1136
1059 1612
1060 42
1060 88
1060 832
1060 1044
1060 1177
1060 1570
1060 1844
1060 1922
1061 4
1061 90
1061 326
1061 403
1061 1042
1061 1088
1062 32
1062 308
1062 448
1062 692
1062 1234
1063 0
1063 18
1063 296
1063 482
1063 593
1063 712
1063 1301
1063 1732
1063 1930
1064 32
1064 102
1064 132
1064 177
1064 303
1064 403
1064 512
1064 578
1064 648
1064 1041
1064 1539
1065 10
1065 89
1065 903
1065 1080
1065 1221
1066 132
1066 269
1066 496
1066 1541
1067 17
1067 58
1067 273
1067 513
1067 1283
1067 1317
1067 1353
1068 129
1068 496
1068 592
1068 610
1068 1043
1068 1057
1069 128
1070 60
1070 175
1070 403
1070 667
1070 907
1070 1344
1071 1066
1071 1756
1072 7
1072 32
1072 74
1072 132
1072 173
1072 293
1072 320
1072 352
1072 404
1072 536
1072 688
1072 734
1072 844
1073 32
1073 78
1073 101
1073 642
1073 780
1073 1153
1073 1708
1074 500
1074 584
1074 632
1074 888
1074 1156
1074 1624
1074 1992
1075 192
1075 286
1075 336
1075 682
1075 814
1075 862
1075 1673
1076 85
1076 104
1076 224
1076 260
1076 450
1076 534
1076 650
1076 744
1076 787
1076 1024
1076 1188
1076 1424
1077 0
1077 37
1077 258
1077 666
1078 4
1078 1025
1078 1076
1078 1088
1079 337
1079 1038
1080 12
1080 69
1080 79
1080 100
1080 161
1080 258
1080 512
1080 604
1080 632
1080 645
1080 1031
1080 1040
1080 1312
1080 1537
1081 132
1081 498
1081 1814
1082 24
1082 983
1082 1079
1083 205
1083 229
1083 331
1083 340
1083 456
1083 466
1083 728
1083 1473
1084 184
1084 927
1084 933
1084 1024
1085 280
1085 886
1085 1251
1085 1794
1086 61
1086 1058
1086 1282
1087 1024
1087 1036
1088 66
1088 133
1088 171
1088 257
1088 304
1088 306
1088 387
1088 401
1088 514
1088 520
1088 533
1088 541
1088 549
1088 677
1088 770
1088 1043
1088 1605
1089 2
1089 130
1089 138
1089 228
1089 512
1089 792
1089 1042
1089 1046
1089 1161
1089 1408
1089 1672
1089 1811
1089 1966
1090 228
1090 296
1090 448
1090 707
1090 1028
1090 1214
1090 1280
1090 1582
1091 16
1091 41
1091 140
1091 322
1091 356
1091 656
1091 929
1091 1180
1092 16
1092 93
1092 139
1092 523
1092 818
1092 1026
1092 1960
1092 2003
1092 2016
1093 692
1093 1730
1094 19
1094 48
1094 52
1094 97
1094 163
1094 288
1094 521
1094 836
1094 1096
1094 1552
1095 37
1095 769
1095 1240
1095 1428
1095 1617
1095 1782
1096 5
1096 52
1096 85
1096 481
1096 517
1096 524
1096 531
1096 1100
1096 1219
1096 1302
1097 42
1097 288
1097 448
1097 896
1097 1029
1097 1284
1097 1320
1097 1570
1097 1825
1098 256
1098 337
1098 456
1098 1080
1098 1548
1098 1677
1099 3
1099 20
1099 250
1099 820
1099 1058
1099 1061
1099 1543
1099 1709
1099 1912
1100 15
1100 48
1100 193
1100 194
1100 257
1100 345
1100 1053
1101 51
1101 322
1101 1193
1102 1
1102 17
1102 23
1102 113
1102 206
1102 228
1102 580
1102 640
1102 1227
1102 1280
1102 1430
1103 52
1103 176
1103 263
1103 1472
1103 1890
1104 20
1104 155
1104 258
1104 316
1104 512
1104 540
1104 1156
1104 1254
1104 1346
1104 1547
1104 1576
1104 1832
1104 1921
1104 1923
1105 186
1105 274
1105 337
1105 535
1105 585
1105 978
1105 1484
1106 136
1106 420
1106 1218
1106 1378
1106 1793
1107 357
1107 514
1107 1953
1108 4
1108 76
1108 289
1108 512
1108 672
1108 1157
1108 1481
1108 1992
1109 36
1109 107
1109 178
1109 1104
1109 1216
1110 144
1110 385
1110 402
1110 515
1110 598
1110 902
1111 118
1111 1576
1112 3
1112 4
1112 8
1112 132
1112 1286
1112 1737
1112 1797
1113 259
1113 518
1113 1057
1114 9
1114 16
1114 105
1114 208
1114 224
1114 1284
1114 1442
1115 2
1115 808
1115 1280
1115 1314
1116 484
1116 615
1116 1032
1116 1489
1117 35
1117 553
1117 1792
1117 1804
1118 272
1118 1026
1118 1768
1118 1851
1119 172
1119 1851
1120 0
1120 345
1120 384
1120 750
1120 812
1120 836
1120 857
1120 1030
1120 1410
1121 32
1121 284
1121 556
1121 860
1121 1170
1121 1744
1121 1856
1122 65
1122 266
1122 896
1122 1169
1122 1184
1122 1292
1122 1584
1122 1697
1123 83
1123 267
1123 640
1123 1569
1123 1705
1124 115
1124 129
1124 589
1124 594
1124 1304
1124 1474
1125 576
1125 1230
1126 1600
1127 36
1127 265
1127 402
1127 1602
1128 396
1128 542
1128 1078
1128 1540
1128 1862
1129 162
1129 192
1129 1057
1129 1505
1129 1584
1130 215
1130 416
1130 936
1130 1089
1130 1414
1130 1682
1131 21
1131 1958
1132 524
1132 533
1132 534
1132 610
1132 1169
1132 1856
1133 850
1133 1224
1134 648
1135 514
1135 1554
1136 266
1136 281
1136 326
1136 563
1136 1059
1138 128
1138 144
1138 256
1138 258
1138 295
1138 750
1139 36
1139 881
1140 77
1140 177
1140 355
1140 960
1141 16
1141 604
1141 1184
1142 8
1142 1864
1143 64
1143 131
1143 765
1144 128
1144 168
1144 179
1144 517
1144 1556
1145 153
1145 708
1145 924
1145 1000
1145 1414
1146 29
1146 1408
1147 513
1147 1472
1147 1824
1148 200
1150 390
1151 32
1151 88
1152 4
1152 5
1152 9
1152 19
1152 88
1152 122
1152 216
1152 256
1152 324
1152 386
1152 438
1152 546
1152 551
1152 554
1152 602
1152 625
1152 673
1152 798
1152 818
1152 1028
1152 1382
1152 1425
1152 1546
1152 1681
1153 8
1153 12
1153 32
1153 148
1153 363
1153 515
1153 565
1153 568
1153 587
1153 612
1153 768
1153 781
1153 792
1153 1111
1153 1543
1153 1986
1154 34
1154 105
1154 172
1154 478
1154 554
1154 706
1154 788
1154 1024
1154 1040
1154 1108
1154 1112
1154 1146
1154 1187
1154 1548
1154 1600
1155 41
1155 42
1155 69
1155 122
1155 148
1155 272
1155 362
1155 385
1155 681
1155 697
1155 1548
1156 72
1156 100
1156 152
1156 260
1156 289
1156 459
1156 514
1156 519
1156 792
1156 1040
1156 1488
1156 1576
1156 1664
1156 1729
1157 256
1157 394
1157 695
1157 789
1157 800
1157 1563
1158 100
1158 154
1158 324
1158 339
1158 593
1158 1184
1158 1397
1159 12
1159 16
1159 266
1160 16
1160 30
1160 109
1160 192
1160 279
1160 467
1160 525
1160 713
1160 784
1160 1059
1160 1104
1160 1586
1160 1835
1161 2
1161 16
1161 18
1161 48
1161 156
1161 720
1161 768
1161 832
1161 1281
1162 0
1162 113
1162 258
1162 288
1162 290
1162 517
1162 751
1162 788
1162 1067
1162 1240
1162 1347
1162 1408
1163 70
1163 154
1163 396
1163 585
1163 1349
1163 1450
1163 1889
1164 11
1164 297
1164 391
1165 213
1165 403
1165 1284
1165 1568
1166 6
1166 46
1166 48
1166 217
1166 533
1167 64
1168 268
1168 300
1168 332
1168 650
1168 772
1168 806
1168 819
1168 921
1168 1029
1168 1097
1168 1168
1168 1220
1168 1668
1168 1976
1169 706
1169 710
1169 740
1169 914
1169 1229
1170 0
1170 281
1170 296
1170 1070
1171 1
1171 1046
1171 1728
1172 50
1172 52
1172 201
1172 564
1172 772
1172 864
1172 906
1172 1622
1173 3
1173 483
1173 1960
1174 141
1174 171
1174 773
1174 1099
1175 8
1175 54
1175 807
1175 1411
1175 1538
1175 1540
1175 1617
1176 120
1176 512
1176 598
1176 646
1176 960
1176 1122
1176 1248
1176 1676
1177 523
1177 1090
1178 211
1178 472
1178 648
1178 1120
1178 1298
1178 1610
1179 65
1179 1072
1179 1465
1180 1095
1180 1096
1180 1176
1180 1636
1181 1054
1182 58
1182 256
1182 1160
1182 1295
1182 1319
1182 1402
1183 768
1184 48
1184 144
1184 434
1184 537
1184 644
1184 774
1184 994
1184 1080
1184 1092
1184 1151
1184 1344
1184 1666
1185 136
1185 464
1185 516
1185 726
1185 833
1185 936
1185 962
1185 1054
1185 1317
1185 1536
1185 1688
1185 1958
1186 17
1186 25
1186 188
1186 452
1186 516
1186 595
1186 674
1186 1064
1186 1256
1186 1299
1186 1920
1187 146
1187 283
1187 311
1187 384
1187 400
1187 417
1187 905
1187 1170
1188 288
1188 384
1188 768
1188 1130
1188 1796
1189 528
1189 773
1190 53
1190 1086
1191 0
1191 720
1191 1836
1192 5
1192 32
1192 200
1192 560
1192 933
1193 0
1193 36
1193 130
1193 1226
1194 21
1194 130
1194 285
1194 321
1194 650
1195 89
1196 68
1196 1305
1197 419
1199 20
1199 726
1199 785
1199 1622
1200 181
1200 569
1200 661
1200 710
1200 768
1200 1088
1201 72
1201 113
1201 267
1201 854
1202 76
1202 97
1202 348
1203 544
1203 577
1203 616
1203 1077
1203 1555
1204 135
1204 1326
1205 8
1205 690
1205 1024
1206 64
1206 520
1206 1067
1206 1082
1207 402
1208 114
1208 1120
1208 1296
1209 64
1209 592
1209 610
1209 1747
1210 36
1210 136
1210 1860
1211 96
1211 1381
1212 131
1212 132
1212 644
1212 645
1212 663
1212 1292
1212 1465
1212 1664
1213 204
1213 512
1213 1216
1213 1731
1214 64
1214 593
1214 680
1214 772
1215 1192
1215 1289
1216 12
1216 160
1216 256
1216 548
1216 557
1216 563
1216 769
1216 1156
1216 1613
1217 18
1217 177
1217 515
1217 642
1217 655
1217 832
1217 1088
1217 1293
1217 1304
1218 100
1218 129
1218 195
1218 272
1218 571
1218 801
1219 105
1219 1810
1220 4
1220 11
1220 64
1220 128
1220 258
1220 274
1220 396
1220 405
1220 488
1220 513
1220 727
1220 897
1221 5
1221 256
1221 257
1221 272
1221 282
1221 336
1221 548
1221 1040
1221 1091
1221 1923
1222 23
1222 113
1222 448
1222 634
1222 900
1222 1306
1222 1616
1223 107
1223 592
1223 1106
1223 1575
1224 23
1224 26
1224 130
1224 302
1224 598
1224 673
1224 739
1224 759
1224 1084
1225 204
1225 643
1225 1101
1225 1809
1226 646
1226 892
1226 1026
1226 1638
1227 1132
1228 25
1228 36
1228 270
1228 332
1228 365
1229 67
1229 478
1229 1080
1230 17
1230 115
1230 512
1230 1050
1230 1536
1231 268
1231 444
1231 1153
1232 1
1232 524
1232 608
1232 649
1232 1304
1232 1541
1233 161
1233 216
1233 280
1233 423
1233 657
1233 776
1233 1058
1233 1152
1233 1164
1233 1283
1233 1686
1234 222
1234 266
1234 1395
1234 1467
1234 1993
1235 43
1235 55
1235 119
1235 262
1235 1283
1235 1833
1236 72
1236 534
1236 1074
1238 242
1238 398
1238 915
1238 1025
1238 1043
1239 49
1239 257
1239 538
1239 1401
1240 770
1240 881
1240 1316
1241 676
1241 892
1241 1048
1241 1236
1241 1295
1242 265
1243 321
1243 358
1244 258
1244 1035
1245 202
1245 274
1245 296
1246 67
1246 323
1247 1104
1248 768
1248 773
1248 1256
1248 1440
1248 1628
1248 1789
1249 320
1249 520
1249 536
1249 562
1249 656
1249 1810
1250 180
1250 768
1250 1160
1251 17
1251 97
1251 258
1251 800
1252 6
1252 146
1252 290
1252 331
1252 379
1252 1026
1252 1337
1253 20
1253 31
1253 912
1253 1569
1253 1793
1254 140
1254 147
1254 152
1255 1027
1256 528
1256 600
1256 1027
1256 1280
1256 1439
1257 512
1257 635
1257 770
1257 1029
1257 1288
1257 1632
1258 1408
1259 50
1259 544
1259 1168
1260 344
1260 811
1260 1026
1260 1040
1260 1540
1261 320
1262 329
1262 1336
1263 391
1263 514
1263 1651
1264 310
1264 327
1264 772
1264 784
1264 1152
1264 1543
1264 1590
1265 136
1265 140
1265 766
1266 265
1267 1796
1268 762
1268 1384
1268 1600
1268 1882
1269 488
1270 101
1270 1582
1271 326
1272 1285
1272 1347
1273 2
1273 385
1273 912
1273 1558
1274 1
1274 385
1274 1126
1275 1046
1279 152
1280 33
1280 65
1280 274
1280 432
1280 434
1280 1155
1280 1186
1280 1280
1280 1331
1280 1941
1281 0
1281 20
1281 127
1281 181
1281 595
1281 598
1281 1216
1281 1269
1281 1485
1282 2
1282 12
1282 88
1282 101
1282 548
1282 650
1282 716
1282 1028
1282 1137
1282 1321
1282 1375
1282 1412
1283 352
1283 443
1283 514
1283 1288
1283 1996
1284 37
1284 39
1284 66
1284 150
1284 322
1284 614
1284 919
1284 1152
1284 1237
1285 137
1285 183
1285 347
1285 1511
1285 1683
1286 139
1286 938
1286 1344
1286 1835
1287 128
1287 716
1287 1025
1287 1072
1287 1894
1288 28
1288 34
1288 145
1288 147
1288 547
1288 704
1288 1048
1288 1088
1288 1089
1288 1266
1288 1486
1289 568
1289 620
1289 1026
1290 129
1290 772
1290 1294
1291 107
1291 616
1292 0
1292 322
1292 568
1292 1355
1292 1601
1292 1664
1292 1670
1293 96
1293 128
1293 1040
1293 1636
1293 1860
1294 0
1294 9
1294 51
1294 336
1294 543
1294 1799
1294 1814
1295 60
1295 64
1295 984
1295 1152
1295 1287
1296 323
1296 470
1296 512
1296 592
1296 642
1296 740
1296 1168
1296 1281
1296 1551
1296 1589
1296 1648
1297 173
1297 261
1297 398
1297 505
1297 817
1297 945
1297 1036
1298 16
1298 138
1298 236
1298 304
1298 769
1298 866
1298 1225
1299 18
1299 296
1299 632
1299 1302
1299 1552
1300 16
1300 133
1300 382
1300 513
1300 526
1300 580
1300 943
1300 1040
1300 1397
1300 1440
1300 1704
1301 132
1301 344
1301 452
1302 67
1302 165
1302 304
1302 650
1302 887
1302 1108
1302 1228
1303 296
1303 1289
1304 18
1304 64
1304 112
1304 584
1304 635
1304 1072
1304 1634
1304 1649
1305 73
1305 132
1305 164
1305 199
1305 648
1305 1091
1306 23
1306 1057
1306 1225
1307 460
1307 547
1307 1800
1308 657
1309 9
1309 34
1309 256
1310 26
1310 33
1310 785
1310 852
1312 20
1312 131
1312 145
1312 273
1312 469
1312 576
1312 960
1312 1728
1312 1857
1313 72
1313 364
1313 534
1313 802
1313 895
1313 1656
1314 98
1314 537
1314 826
1314 842
1315 24
1315 66
1315 128
1315 710
1316 0
1316 552
1316 643
1316 768
1316 834
1316 962
1316 1728
1317 33
1317 1049
1317 1067
1317 1298
1318 0
1318 220
1318 523
1318 738
1318 1136
1319 834
1319 1042
1320 392
1320 587
1320 1015
1320 1071
1321 208
1321 244
1321 439
1321 792
1321 1051
1321 1057
1321 1163
1322 23
1322 264
1323 139
1323 366
1323 408
1324 104
1324 577
1324 1088
1324 1457
1326 8
1326 728
1326 883
1326 1450
1328 509
1328 587
1328 976
1328 1052
1328 1269
1328 1296
1328 1617
1328 1742
1328 1765
1329 2
1329 16
1329 696
1329 1056
1329 1289
1330 104
1330 138
1330 287
1331 169
1331 198
1331 1250
1332 404
1332 598
1332 786
1333 1081
1334 0
1334 416
1334 1673
1335 974
1336 3
1336 28
1336 981
1336 1030
1336 1265
1337 10
1337 738
1337 757
1338 723
1338 1025
1339 1536
1340 24
1340 533
1341 600
1341 946
1341 1056
1341 1740
1342 145
1342 1056
1343 996
1344 65
1344 74
1344 100
1344 359
1344 1122
1344 1305
1344 1618
1344 1700
1344 1946
1344 1968
1345 225
1345 712
1345 1624
1345 1888
1346 64
1346 166
1346 205
1346 646
1346 1044
1346 1605
1347 74
1347 1286
1347 1696
1348 298
1348 312
1348 808
1349 22
1349 306
1349 388
1349 1092
1349 1195
1350 466
1350 654
1350 1156
1351 144
1351 1052
1351 2005
1352 166
1352 192
1352 535
1352 555
1352 584
1352 642
1352 772
1352 1025
1352 1120
1352 1310
1352 1600
1353 55
1353 1559
1353 1579
1354 322
1354 409
1354 1474
1355 19
1355 128
1355 581
1355 970
1356 384
1356 401
1356 640
1356 1097
1356 1416
1357 0
1357 5
1357 1425
1358 98
1358 1106
1359 237
1359 1302
1360 128
1360 210
1360 368
1360 680
1360 1058
1360 1166
1360 1299
1360 1730
1361 7
1361 197
1361 428
1361 548
1361 652
1361 676
1361 1076
1361 1538
1361 1544
1362 422
1362 858
1362 1160
1363 608
1363 1064
1364 32
1364 544
1364 740
1364 1157
1365 304
1365 466
1365 1569
1366 644
1366 1409
1366 1892
1368 992
1368 1314
1368 1470
1369 594
1369 1059
1370 928
1370 1057
1370 1086
1371 128
1372 1
1372 98
1372 136
1373 19
1373 132
1374 1388
1374 1545
1375 275
1375 421
1375 960
1376 105
1376 133
1376 625
1376 774
1376 1032
1376 1063
1376 1458
1376 1558
1377 226
1377 256
1377 362
1377 399
1377 714
1377 788
1379 64
1379 137
1379 1476
1379 1618
1380 136
1380 480
1380 1062
1380 1172
1380 1387
1380 1760
1380 1944
1381 386
1381 1161
1382 650
1382 1080
1383 643
1383 1200
1383 1601
1384 23
1384 56
1384 160
1384 512
1384 1584
1384 1857
1385 1794
1386 614
1386 1637
1387 1828
1388 3
1388 280
1388 576
1388 762
1390 0
1390 448
1390 689
1391 132
1391 512
1391 1100
1392 140
1392 265
1392 604
1392 848
1392 1055
1392 1277
1393 705
1394 16
1395 1441
1396 247
1396 1056
1397 537
1397 1026
1398 896
1398 1072
1399 40
1399 152
1399 1024
1400 1409
1401 76
1401 273
1401 641
1403 0
1403 194
1403 1956
1405 164
1405 1324
1406 152
1406 721
1406 1553
1407 82
1408 4
1408 20
1408 284
1408 310
1408 592
1408 778
1408 1085
1408 1370
1408 1544
1408 1560
1409 294
1409 604
1409 922
1409 1093
1409 1257
1409 1350
1410 160
1410 257
1410 258
1410 260
1410 929
1410 1667
1411 190
1411 1556
1412 8
1412 19
1412 554
1412 897
1412 1033
1412 1219
1412 1398
1412 1933
1413 522
1413 558
1413 769
1413 905
1413 936
1413 1058
1413 1132
1413 1700
1414 34
1414 60
1414 262
1415 52
1415 463
1416 129
1416 140
1416 194
1416 424
1416 784
1416 1138
1416 1542
1416 1642
1417 264
1417 321
1417 840
1417 970
1417 1041
1418 120
1418 1058
1418 1579
1419 133
1420 122
1420 386
1420 1344
1421 1232
1421 1841
1423 427
1424 33
1424 42
1424 129
1424 514
1424 900
1424 1185
1424 1289
1424 1403
1424 1676
1425 75
1425 266
1425 611
1425 790
1426 1073
1426 1344
1427 28
1427 273
1427 348
1427 424
1427 554
1428 9
1428 34
1428 647
1428 682
1429 269
1430 8
1430 88
1430 586
1430 745
1430 832
1430 1040
1430 1539
1431 20
1431 1093
1431 1312
1431 1409
1432 321
1432 538
1433 819
1433 1036
1433 1257
1434 213
1434 541
1434 655
1434 1053
1434 1128
1434 1506
1434 1989
1435 532
1435 848
1435 1323
1436 1127
1437 240
1437 1408
1438 368
1438 1450
1439 1305
1440 8
1440 58
1440 102
1440 596
1440 833
1441 81
1441 203
1441 295
1441 327
1441 532
1441 738
1441 1226
1441 1282
1441 1833
1442 64
1442 520
1442 530
1442 728
1442 1164
1442 1824
1442 1960
1443 70
1443 799
1444 31
1444 582
1444 595
1444 616
1444 1064
1444 1128
1444 1807
1445 1033
1446 262
1446 282
1446 361
1447 81
1447 1043
1447 1368
1447 1534
1447 1650
1448 52
1448 520
1448 1099
1449 128
1449 384
1449 461
1450 0
1450 168
1450 1041
1451 1184
1452 1280
1452 2018
1453 656
1453 1668
1454 10
1454 402
1454 773
1454 792
1454 1665
1455 204
1456 3
1456 24
1456 105
1456 325
1456 448
1456 514
1456 568
1456 817
1457 1340
1458 42
1458 272
1458 1082
1458 1368
1459 523
1459 582
1459 1569
1460 257
1460 343
1460 692
1460 769
1460 1515
1461 1094
1461 1122
1462 144
1462 513
1462 897
1463 16
1464 131
1464 1286
1464 1530
1466 288
1466 544
1467 24
1468 199
1468 449
1472 75
1472 401
1472 1200
1472 1286
1473 260
1473 308
1473 798
1473 1052
1474 17
1474 138
1474 340
1474 648
1474 657
1475 2
1475 533
1475 1296
1476 8
1476 35
1476 195
1476 261
1476 643
1477 4
1477 297
1477 535
1477 986
1477 1024
1477 1860
1478 341
1478 401
1478 450
1478 1200
1479 33
1480 0
1480 58
1480 128
1480 673
1480 1441
1480 1893
1481 523
1482 163
1482 364
1482 813
1482 1253
1482 1315
1482 1538
1482 1585
1483 480
1483 902
1483 1002
1484 162
1484 192
1484 539
1484 1059
1484 1178
1484 1568
1485 0
1485 64
1485 141
1488 4
1488 40
1488 176
1489 795
1489 1153
1490 11
1490 1164
1490 1188
1490 1314
1490 1351
1491 64
1491 68
1491 450
1492 1288
1492 1641
1493 1088
1493 1581
1494 1035
1494 1074
1496 17
1496 104
1496 925
1496 1054
1496 1800
1497 468
1497 1064
1500 101
1500 770
1502 774
1504 41
1504 608
1504 1154
1504 1161
1505 1194
1506 4
1506 58
1506 97
1506 704
1506 1219
1506 1462
1507 800
1507 1233
1508 1266
1509 787
1509 1300
1510 193
1512 33
1512 357
1512 512
1512 1553
1513 321
1513 534
1513 1046
1513 1693
1514 37
1514 68
1514 119
1514 722
1515 421
1516 1065
1517 644
1517 1066
1520 8
1520 1088
1520 1200
1520 1606
1520 1922
1520 2038
1521 1
1521 33
1521 313
1521 457
1521 1808
1523 704
1523 745
1523 1033
1526 947
1526 1184
1527 143
1528 1585
1532 1286
1533 1889
1534 64
1535 1292
1536 90
1536 114
1536 140
1536 163
1536 308
1536 432
1536 569
1536 608
1536 956
1536 1028
1536 1159
1536 1170
1536 1344
1536 1553
1537 0
1537 1
1537 48
1537 150
1537 268
1537 310
1537 411
1537 674
1537 800
1537 1044
1537 1077
1538 2
1538 140
1538 405
1538 432
1538 512
1538 578
1538 613
1538 1088
1538 1168
1538 1259
1538 1316
1539 7
1539 32
1539 186
1539 718
1540 35
1540 128
1540 139
1540 216
1540 274
1540 292
1540 296
1540 438
1540 515
1540 784
1540 1035
1541 169
1541 196
1541 335
1541 1098
1541 1105
1541 1126
1541 1556
1542 368
1542 477
1542 874
1542 1089
1542 1139
1542 1185
1543 261
1544 132
1544 466
1544 533
1544 770
1544 1101
1544 1152
1544 1880
1545 8
1545 12
1545 225
1545 512
1545 585
1545 968
1545 1624
1546 0
1546 5
1546 105
1546 208
1546 319
1546 687
1546 1051
1547 515
1547 1259
1547 1572
1547 1588
1548 410
1548 914
1548 1124
1548 1152
1548 1224
1549 4
1549 480
1549 548
1549 754
1550 20
1550 520
1550 1284
1551 161
1551 963
1552 0
1552 8
1552 18
1552 33
1552 96
1552 99
1552 152
1552 214
1552 325
1552 576
1552 688
1552 731
1552 789
1552 993
1552 1121
1552 1251
1552 1361
1552 1369
1552 1377
1552 1417
1553 233
1553 1042
1553 1212
1553 1306
1553 1344
1554 56
1554 335
1554 835
1554 1114
1554 1930
1555 18
1555 1296
1555 1798
1556 130
1556 131
1556 192
1556 256
1556 340
1556 1090
1556 1172
1556 1664
1557 152
1557 930
1557 1058
1557 1540
1557 1688
1557 1700
1558 896
1559 128
1559 132
1559 258
1560 70
1560 72
1560 133
1560 148
1561 284
1561 1537
1561 1716
1561 1826
1562 39
1562 148
1562 480
1562 933
1562 1409
1562 1544
1563 345
1563 939
1563 1674
1564 852
1566 256
1566 712
1566 1697
1567 1801
1568 97
1568 158
1568 200
1568 226
1568 327
1568 1122
1568 1313
1568 1637
1569 26
1569 164
1569 322
1569 332
1569 1122
1569 1177
1569 1199
1569 1540
1570 29
1570 343
1570 351
1570 522
1570 576
1570 648
1570 1045
1570 1066
1570 1564
1570 1636
1571 68
1571 129
1571 168
1571 186
1571 336
1571 1281
1572 8
1572 38
1572 296
1572 386
1572 736
1572 780
1572 1089
1572 1284
1572 1297
1572 1420
1572 1806
1573 7
1573 44
1573 192
1573 546
1573 601
1573 685
1573 791
1573 904
1573 1542
1574 2
1574 108
1574 110
1574 302
1574 1025
1574 1091
1575 368
1575 1037
1575 1246
1576 299
1576 513
1576 616
1576 647
1576 662
1576 806
1576 1136
1576 1188
1576 1668
1576 1681
1577 148
1577 547
1577 1284
1577 1536
1578 6
1578 274
1578 817
1578 836
1578 1031
1578 1691
1579 1535
1580 69
1580 113
1580 170
1580 257
1580 610
1580 864
1582 1034
1582 1962
1583 426
1583 665
1583 1793
1584 8
1584 525
1584 622
1584 768
1584 1176
1584 1752
1585 32
1585 56
1585 488
1585 1024
1586 83
1586 128
1586 238
1586 288
1586 304
1586 521
1586 683
1586 879
1586 1402
1587 552
1587 922
1587 1140
1587 1324
1588 725
1588 1032
1588 1317
1589 2
1589 540
1589 1604
1590 3
1590 4
1590 21
1590 80
1590 139
1590 520
1590 521
1590 1445
1590 1481
1591 578
1592 8
1592 207
1592 320
1592 544
1592 776
1593 74
1593 256
1593 1039
1594 160
1594 801
1594 832
1594 1032
1594 1165
1595 737
1596 213
1596 336
1596 1592
1597 1288
1600 34
1600 65
1600 276
1600 323
1600 386
1600 559
1600 846
1600 901
1600 1424
1600 1443
1600 1615
1601 8
1601 164
1601 322
1601 397
1601 514
1601 1478
1602 19
1602 386
1602 545
1602 1086
1602 1108
1602 1152
1603 279
1603 1309
1604 432
1604 456
1604 888
1604 929
1604 1128
1604 1290
1604 1598
1605 615
1605 1330
1606 16
1606 30
1606 513
1606 785
1606 1180
1606 1360
1606 1784
1607 899
1607 1336
1608 135
1608 162
1608 210
1608 1041
1608 1309
1608 1443
1609 842
1610 1156
1610 1664
1610 1742
1610 1776
1611 64
1611 832
1611 1393
1612 34
1612 117
1612 1048
1613 4
1613 805
1613 1580
1614 129
1614 1288
1614 1553
1615 462
1615 1665
1615 1756
1616 83
1616 237
1617 1997
1618 168
1618 193
1618 382
1618 464
1618 519
1618 532
1618 1153
1618 1169
1619 505
1619 622
1620 1041
1621 18
1622 69
1622 156
1622 480
1622 1233
1624 394
1624 642
1625 355
1625 515
1625 600
1626 42
1626 704
1626 1126
1627 394
1628 32
1628 69
1629 64
1629 98
1629 545
1631 377
1632 517
1632 559
1632 1376
1633 0
1633 10
1633 18
1633 67
1633 357
1633 746
1633 1393
1633 1542
1634 266
1634 320
1634 832
1634 1033
1635 1028
1636 16
1636 48
1636 57
1636 129
1636 434
1636 1046
1636 1064
1636 1306
1636 1677
1637 71
1637 276
1637 1058
1637 1155
1638 1032
1639 405
1639 1342
1640 151
1640 364
1640 933
1640 1028
1640 1443
1641 160
1641 174
1641 520
1641 550
1641 1152
1641 1633
1643 67
1643 1355
1644 392
1644 1073
1644 1834
1645 1058
1646 112
1646 915
1647 916
1648 1035
1648 1419
1649 68
1649 1579
1649 1670
1650 278
1650 305
1651 194
1651 387
1652 63
1652 337
1652 557
1652 854
1652 1315
1653 2
1653 297
1654 998
1656 242
1656 366
1656 550
1656 657
1656 1328
1657 49
1657 147
1658 161
1658 1305
1659 82
1659 1171
1660 782
1660 1040
1661 985
1664 35
1664 56
1664 100
1664 181
1664 240
1664 1040
1664 1292
1665 8
1665 946
1665 1858
1665 2002
1666 258
1666 1083
1666 1092
1666 1095
1667 1676
1668 49
1668 68
1668 69
1668 232
1668 1025
1668 1064
1668 1504
1668 1558
1668 1578
1669 19
1669 64
1669 1380
1669 1810
1670 487
1670 1064
1670 1376
1671 405
1671 832
1671 1069
1671 1088
1671 1152
1671 1263
1672 146
1672 624
1672 803
1672 1812
1673 18
1673 771
1673 1296
1674 368
1674 769
1674 933
1674 1176
1674 1844
1675 56
1676 6
1676 184
1676 432
1676 535
1676 612
1676 818
1677 4
1677 26
1678 248
1678 261
1678 1619
1679 32
1680 0
1680 144
1680 170
1680 261
1680 547
1680 641
1680 1025
1680 1184
1680 1675
1681 584
1681 676
1681 1104
1682 28
1683 420
1683 1060
1684 0
1684 3
1684 41
1684 192
1684 280
1684 296
1684 718
1684 1063
1684 1312
1685 256
1685 613
1685 768
1686 578
1687 19
1687 132
1687 513
1687 1918
1688 644
1688 707
1688 1739
1689 912
1689 1089
1689 1541
1690 1362
1691 16
1692 372
1692 1034
1692 1608
1693 176
1693 480
1693 597
1693 1137
1696 160
1696 193
1696 709
1696 1056
1696 1090
1696 1161
1697 80
1697 504
1697 784
1697 1284
1698 304
1699 186
1699 210
1699 1220
1699 1409
1699 1669
1701 60
1702 236
1702 901
1702 1544
1703 16
1704 226
1704 368
1704 524
1704 1632
1704 1760
1705 583
1706 1792
1707 18
1707 162
1708 386
1708 1145
1708 1748
1709 325
1709 512
1709 1016
1710 35
1710 500
1710 1152
1710 1840
1711 228
1712 1152
1712 1802
1713 1026
1713 1354
1715 614
1715 1994
1716 768
1716 1633
1717 32
1717 134
1719 280
1719 1040
1720 4
1720 384
1720 528
1721 1
1721 80
1721 798
1721 1104
1722 8
1723 417
1723 1056
1724 5
1724 44
1727 397
1728 40
1728 800
1728 1156
1729 18
1729 49
1729 452
1729 1090
1730 130
1730 1238
1730 1537
1731 289
1731 1513
1732 2
1732 67
1732 78
1732 546
1732 1314
1733 0
1733 1110
1733 1345
1734 589
1734 1827
1735 358
1735 505
1735 1312
1736 285
1736 1280
1736 1927
1737 802
1738 41
1738 55
1738 164
1738 1136
1739 1092
1739 1121
1740 595
1741 376
1741 1101
1741 1542
1742 52
1742 1361
1744 399
1744 805
1744 1617
1745 26
1745 867
1746 118
1746 1162
1746 1732
1747 6
1748 144
1748 784
1748 800
1748 1570
1749 1008
1749 1221
1750 266
1750 1054
1750 1476
1751 1047
1752 677
1752 1315
1753 112
1753 178
1754 904
1756 367
1756 519
1756 1106
1757 1168
1760 34
1760 266
1760 694
1760 982
1760 1680
1761 184
1761 522
1762 168
1762 1089
1762 1931
1763 80
1763 145
1763 258
1763 1408
1764 208
1765 299
1766 33
1766 66
1766 582
1767 566
1768 78
1768 352
1768 789
1769 321
1769 659
1769 1397
1770 1176
1770 1185
1772 1530
1773 32
1773 1924
1774 237
1774 378
1775 35
1776 178
1776 312
1777 177
1777 269
1779 241
1779 1099
1779 1633
1780 520
1780 1163
1780 1539
1782 258
1782 1025
1783 17
1784 309
1784 642
1784 849
1786 1624
1787 1442
1789 1
1789 775
1790 72
1791 1536
1792 13
1792 37
1792 80
1792 146
1792 168
1792 409
1792 1728
1792 1850
1793 9
1793 72
1793 98
1793 192
1793 1096
1793 1676
1793 1796
1793 1980
1794 6
1794 99
1794 192
1794 523
1794 552
1794 710
1794 761
1794 1193
1795 3
1795 136
1795 260
1795 577
1795 608
1795 802
1795 912
1796 640
1796 736
1796 1050
1796 1130
1796 1158
1796 1650
1797 38
1797 140
1797 233
1797 448
1797 1024
1797 1161
1798 0
1798 10
1798 36
1798 80
1798 265
1798 804
1798 1040
1798 1185
1798 1368
1799 65
1799 164
1799 1121
1800 28
1800 169
1800 257
1800 576
1800 662
1800 1041
1800 1546
1801 8
1801 1100
1801 1588
1802 0
1802 32
1802 377
1802 408
1802 601
1802 1040
1802 1440
1804 4
1804 1668
1805 9
1805 250
1805 357
1805 1156
1805 1163
1805 1288
1805 1600
1806 257
1807 1040
1808 40
1808 87
1808 92
1808 320
1808 576
1808 1068
1808 1122
1809 80
1809 736
1809 812
1809 1410
1810 33
1810 322
1810 372
1810 1093
1810 1143
1810 1179
1810 1357
1810 1568
1811 352
1811 466
1811 545
1811 857
1811 1033
1811 1057
1812 61
1812 904
1812 1041
1812 1170
1812 1484
1813 3
1813 9
1813 108
1813 147
1813 289
1813 1056
1813 1058
1815 1616
1816 289
1816 304
1816 578
1816 633
1816 1137
1816 1480
1817 50
1817 215
1817 514
1817 1040
1817 1320
1818 8
1818 134
1818 289
1818 384
1818 1811
1819 324
1819 706
1819 1026
1819 1042
1820 520
1820 813
1821 1020
1821 1209
1822 1024
1823 154
1824 32
1824 265
1824 321
1824 359
1824 516
1824 1036
1824 1154
1824 1155
1824 1194
1824 1346
1824 1360
1825 321
1825 329
1825 578
1825 1037
1826 16
1826 352
1826 676
1826 792
1826 1152
1826 1929
1827 2
1827 420
1828 2
1828 1030
1828 1096
1828 1149
1829 534
1829 1059
1829 1260
1829 1413
1829 1552
1829 1760
1830 14
1830 202
1830 340
1830 711
1830 1088
1830 1863
1832 134
1832 145
1832 594
1832 1740
1832 1830
1833 170
1833 285
1833 377
1833 875
1833 1126
1834 352
1834 768
1836 720
1836 1660
1838 9
1838 914
1839 593
1839 1029
1839 1562
1840 458
1840 564
1840 1541
1840 1562
1840 1976
1841 194
1841 402
1842 3
1842 104
1842 428
1842 486
1844 35
1844 48
1844 1056
1844 1672
1845 53
1845 772
1846 88
1846 386
1846 1562
1847 64
1847 264
1849 26
1849 384
1850 545
1850 802
1850 884
1850 1040
1852 72
1853 6
1853 263
1854 169
1856 2
1856 72
1856 292
1856 587
1856 1512
1857 44
1857 835
1857 1236
1857 1679
1858 216
1858 512
1858 837
1858 1546
1858 1783
1859 352
1859 1216
1860 708
1860 1763
1861 73
1861 530
1861 1325
1862 40
1862 352
1862 472
1862 1205
1862 1224
1862 1696
1862 1865
1863 273
1863 1460
1864 43
1864 80
1864 534
1864 1045
1864 1738
1865 54
1865 1044
1866 20
1866 484
1867 707
1868 520
1868 1066
1869 64
1869 157
1869 592
1870 256
1870 345
1871 128
1871 192
1871 519
1872 160
1872 803
1872 1066
1872 1154
1872 1256
1872 1444
1872 1537
1873 85
1873 97
1873 164
1873 182
1873 330
1873 1313
1874 5
1874 25
1874 649
1874 1756
1875 1140
1876 571
1876 828
1877 673
1877 1040
1877 1201
1878 344
1879 141
1880 643
1880 933
1880 1546
1881 44
1882 1216
1882 1451
1883 161
1883 1649
1884 49
1884 208
1885 1030
1886 324
1887 1122
1888 82
1888 123
1888 691
1888 775
1888 1162
1888 1286
1889 451
1890 175
1890 1616
1891 180
1891 1550
1892 5
1892 192
1892 1155
1893 1117
1893 1600
1896 186
1896 192
1896 1609
1896 1928
1897 33
1897 227
1897 312
1897 1056
1898 541
1900 328
1900 1673
1901 1205
1901 1838
1902 1283
1904 24
1904 51
1904 272
1904 1108
1905 136
1906 546
1908 190
1908 704
1908 1030
1908 1165
1908 1625
1910 4
1910 1210
1911 1923
1912 768
1912 812
1914 481
1917 406
1920 3
1920 8
1920 26
1920 1131
1921 75
1921 424
1921 524
1921 732
1921 908
1922 292
1922 546
1922 656
1922 1060
1923 56
1923 741
1924 100
1924 1118
1925 32
1925 96
1925 306
1925 1058
1925 1284
1925 1536
1925 1804
1926 34
1926 96
1926 1174
1927 329
1927 354
1928 33
1928 168
1928 1689
1929 128
1929 184
1929 588
1929 805
1930 12
1930 22
1930 261
1930 690
1931 290
1931 643
1933 232
1934 655
1935 80
1935 914
1935 1040
1935 1382
1935 1825
1936 33
1936 53
1936 125
1936 270
1936 1232
1936 1292
1937 24
1937 233
1937 848
1937 1027
1940 34
1940 704
1940 1442
1941 0
1943 162
1943 849
1944 436
1944 544
1945 96
1945 131
1946 114
1946 176
1946 195
1946 454
1946 1666
1948 49
1948 1921
1949 1760
1949 1825
1950 4
1951 2
1952 184
1952 192
1952 867
1952 1260
1953 128
1953 580
1953 680
1953 1057
1954 274
1954 570
1954 585
1954 956
1955 465
1955 1425
1956 130
1956 256
1956 1245
1957 697
1957 1674
1958 67
1960 162
1960 561
1960 960
1960 1122
1962 1216
1963 195
1963 1856
1964 1175
1966 1984
1967 20
1967 28
1967 512
1968 61
1968 281
1970 576
1971 136
1972 2024
1976 24
1976 1292
1976 1874
1984 136
1984 163
1984 1202
1984 1664
1984 1769
1984 1830
1985 64
1985 85
1985 282
1985 292
1985 322
1985 819
1985 908
1987 512
1987 561
1987 1425
1988 10
1988 80
1988 531
1989 1172
1990 384
1991 1484
1992 964
1993 896
1996 10
1997 1043
1998 61
1998 136
1998 1472
1999 728
2000 386
2000 2033
2001 496
2001 1156
2002 392
2003 48
2003 81
2003 160
2003 1688
2004 72
2004 80
2004 200
2004 1632
2005 529
2005 1473
2005 1536
2005 1744
2009 0
2009 336
2009 406
2011 1411
2014 9
2016 227
2016 440
2016 596
2016 907
2016 1281
2017 16
2018 0
2018 452
2018 1157
2019 791
2019 1046
2020 4
2020 20
2020 138
2020 922
2021 1790
2022 258
2023 17
2025 172
2025 1643
2028 5
2028 36
2028 1296
2030 1777
2032 640
2032 811
2032 1280
2033 74
2033 577
2033 1216
2035 1217
2036 32
2037 1034
2040 176
2040 449
2041 656
2042 1168
2044 561
2044 640
