# Synthetic Kronecker Graph 
# Edges are directed 
0 0
0 10
0 18
0 25
0 26
0 28
0 34
0 49
0 64
0 76
0 82
0 88
0 90
1 0
1 2
1 8
1 83
1 90
2 7
2 18
2 36
2 54
3 6
3 16
3 56
3 64
3 106
3 120
4 3
4 4
4 32
4 34
4 40
4 42
4 59
4 108
5 49
5 51
5 59
5 70
5 103
6 16
6 65
7 1
7 36
7 46
7 72
7 124
8 1
8 2
8 8
8 24
8 31
8 53
8 87
8 126
9 4
9 13
9 48
9 65
9 112
10 30
10 66
10 72
11 1
11 8
11 64
12 16
12 60
12 73
12 81
12 100
12 125
13 42
13 76
13 102
14 60
14 64
14 110
16 1
16 5
16 38
16 64
16 116
17 2
17 4
17 12
17 39
17 89
18 0
18 55
18 64
18 116
19 6
19 68
19 108
20 0
20 28
20 84
21 12
21 14
21 64
21 80
22 64
22 82
23 47
24 1
24 83
25 64
25 73
26 8
26 13
26 46
26 64
26 68
26 105
27 5
27 54
28 18
28 76
28 87
29 24
29 28
30 66
30 67
30 106
31 106
32 16
32 54
32 87
33 84
33 108
34 0
34 11
35 8
35 17
35 24
35 36
35 50
35 108
36 5
36 8
36 34
36 47
36 64
37 24
37 72
37 85
38 3
38 28
38 116
40 0
40 9
40 31
40 34
40 64
40 96
41 14
42 47
42 72
43 9
43 41
44 0
44 4
44 38
45 101
46 2
46 29
46 32
46 67
47 88
48 3
48 24
48 52
48 54
48 97
50 7
50 64
50 72
50 108
50 120
51 0
51 101
52 65
52 88
54 24
54 33
54 43
55 88
56 1
57 33
58 112
59 97
60 37
61 20
61 32
64 2
64 4
64 40
64 58
64 70
64 96
65 16
65 28
65 40
65 73
65 82
65 104
66 9
66 72
66 84
66 97
66 124
67 3
67 5
67 88
67 116
68 8
68 45
68 66
68 68
68 97
69 75
69 82
70 16
70 19
70 20
70 99
71 0
71 49
72 13
72 32
72 66
73 5
73 70
73 115
74 1
74 19
74 65
75 21
75 48
75 64
75 72
76 1
76 113
77 7
77 57
77 88
78 21
78 38
79 5
79 33
79 48
80 8
80 16
80 20
80 32
80 50
80 115
81 64
81 97
83 41
83 50
84 19
84 20
84 66
84 75
85 66
86 22
87 70
88 23
88 31
88 97
88 120
89 23
90 34
91 0
92 4
92 93
94 34
94 62
95 1
96 1
96 55
96 80
97 0
97 35
97 66
98 33
98 67
98 123
99 9
99 53
100 0
100 14
100 64
100 65
103 3
103 6
103 56
103 65
104 22
105 60
106 8
107 27
108 24
108 46
109 5
109 32
110 6
110 64
111 18
111 96
112 2
112 62
113 65
114 1
114 37
114 112
114 115
115 58
116 7
116 35
118 4
120 16
120 34
120 61
122 32
123 0
123 31
124 51
