# Synthetic Kronecker Graph 
# Edges are directed 
0 0
0 2
0 4
0 10
0 12
0 50
1 2
1 4
1 18
1 33
1 36
1 41
1 51
2 0
2 2
2 24
2 49
3 6
3 9
3 13
3 32
3 33
3 41
4 4
4 9
4 22
5 32
6 3
6 10
6 17
6 34
6 44
6 48
6 54
7 0
7 24
8 1
8 30
8 32
9 0
9 9
9 32
10 8
10 13
10 16
10 26
10 40
10 50
10 55
11 1
11 4
11 17
12 0
12 8
12 18
13 0
13 2
13 50
14 5
14 16
14 49
15 1
15 20
16 0
16 2
16 8
16 12
16 50
17 0
17 1
17 3
17 8
17 10
17 16
17 24
17 61
18 1
18 26
19 16
19 34
19 56
20 0
20 1
20 2
20 40
21 18
22 4
22 14
22 32
23 0
23 6
23 53
24 18
24 19
24 22
24 25
24 36
24 43
24 50
25 8
25 24
26 9
26 13
26 34
28 1
28 2
28 9
28 11
28 16
29 16
30 4
31 56
32 4
32 20
33 2
33 16
33 19
33 45
34 4
34 48
35 18
35 20
36 43
36 61
37 0
37 4
37 28
38 8
38 21
40 1
40 20
40 33
41 2
41 3
42 16
43 46
43 48
44 42
46 1
46 50
47 25
48 40
49 0
49 54
50 8
50 18
51 34
51 61
52 0
52 9
52 12
52 44
53 29
54 16
54 30
54 32
55 4
55 5
56 8
56 10
56 15
56 21
56 48
57 0
57 12
57 45
58 14
58 35
58 42
58 49
59 40
60 16
61 17
62 22
