# Synthetic Kronecker Graph 
# Edges are directed 
0 0
0 5
0 23
0 35
0 42
0 67
0 73
0 96
0 98
0 120
0 144
0 164
0 175
0 208
0 235
0 306
0 404
0 453
0 482
0 516
0 517
0 563
0 640
0 704
0 810
0 992
1 9
1 32
1 113
1 137
1 204
1 216
1 346
1 353
1 544
1 666
1 706
1 724
1 787
1 832
2 9
2 10
2 56
2 59
2 114
2 128
2 171
2 202
2 304
2 336
2 339
2 356
2 512
2 520
2 526
2 544
2 560
2 576
2 648
2 673
2 832
3 2
3 42
3 84
3 130
3 176
3 180
3 225
3 256
3 320
3 321
3 355
3 516
3 534
3 564
3 608
3 625
3 860
4 10
4 65
4 78
4 88
4 104
4 108
4 120
4 162
4 163
4 197
4 210
4 216
4 244
4 271
4 273
4 392
4 516
4 523
4 546
4 768
5 0
5 10
5 41
5 258
5 264
5 290
5 356
5 512
5 576
5 644
5 859
6 23
6 51
6 176
6 264
6 292
6 394
6 401
6 467
6 480
6 516
6 534
6 536
6 549
6 556
6 666
6 679
7 70
7 128
7 131
7 157
7 226
7 323
7 518
7 552
7 580
7 594
7 618
7 692
7 720
8 0
8 5
8 7
8 17
8 55
8 59
8 80
8 175
8 177
8 192
8 208
8 242
8 262
8 401
8 418
8 450
8 520
8 541
8 577
8 620
8 699
8 728
9 3
9 16
9 38
9 99
9 135
9 419
9 512
9 735
9 787
9 790
9 916
10 0
10 24
10 49
10 168
10 178
10 408
10 513
10 882
10 904
11 33
11 112
11 153
11 195
11 226
11 522
11 544
11 560
11 561
12 2
12 8
12 39
12 40
12 132
12 135
12 172
12 197
12 299
12 453
12 516
12 900
12 968
13 82
13 136
13 152
13 162
13 260
13 320
13 355
13 904
14 20
14 26
14 208
14 263
14 288
14 304
14 401
14 564
14 640
14 722
15 16
15 32
15 74
15 96
15 132
15 387
15 704
15 852
16 66
16 76
16 112
16 129
16 131
16 136
16 264
16 300
16 425
16 469
16 514
16 515
16 526
16 672
16 716
16 738
16 781
16 896
16 912
17 33
17 88
17 110
17 201
17 258
17 514
17 677
17 804
17 822
18 88
18 243
18 275
18 286
18 338
18 377
18 450
18 545
18 601
18 900
18 991
19 160
19 300
19 754
20 8
20 10
20 56
20 141
20 263
20 395
20 412
20 477
20 546
20 616
20 754
21 32
21 38
21 201
21 222
21 416
21 442
21 512
21 656
21 661
22 0
22 50
22 112
22 355
22 451
22 478
22 597
22 692
22 781
22 1016
23 32
23 64
23 182
24 33
24 40
24 64
24 68
24 144
24 196
24 311
24 386
24 505
24 544
24 554
24 592
24 736
25 69
25 194
25 256
25 592
26 2
26 41
26 96
26 265
26 560
26 592
26 707
27 17
27 48
27 225
27 684
27 992
28 12
28 30
28 284
28 315
28 516
28 643
28 784
28 802
28 902
29 24
29 152
29 835
29 992
30 0
30 536
31 5
31 64
31 266
31 292
32 32
32 37
32 82
32 129
32 292
32 300
32 549
32 578
32 629
32 683
32 853
33 3
33 18
33 23
33 195
33 261
33 263
33 320
33 521
33 529
33 800
33 904
33 912
34 8
34 12
34 100
34 129
34 224
34 256
34 324
34 448
34 525
34 736
34 813
35 20
35 40
35 54
35 274
35 456
35 517
35 589
35 892
35 898
35 1017
36 36
36 113
36 202
36 384
36 546
36 654
36 801
36 928
37 76
37 78
37 132
37 244
37 283
37 624
37 705
37 867
37 932
38 2
38 16
38 146
38 217
38 293
38 400
38 528
38 644
38 841
38 913
39 51
39 114
39 781
40 129
40 160
40 242
40 266
40 392
40 424
40 488
40 598
40 896
41 193
41 320
41 446
41 515
41 765
41 794
41 932
42 3
42 130
42 197
42 290
42 298
42 329
42 388
42 645
43 69
43 344
43 661
43 762
44 4
44 29
44 98
44 108
44 300
44 769
45 16
45 24
45 321
45 838
45 929
45 993
46 4
46 20
46 258
46 263
46 279
47 1
47 318
47 914
48 8
48 17
48 32
48 72
48 158
48 171
48 290
48 512
48 516
48 525
48 542
48 896
49 140
49 256
49 400
49 584
49 804
49 833
50 28
50 66
50 77
50 136
50 175
50 534
50 701
50 781
50 1001
51 0
51 64
51 138
51 208
52 2
52 12
52 128
52 425
52 512
52 588
52 656
52 696
52 777
53 3
53 52
53 64
53 168
53 199
53 327
53 356
53 808
53 822
54 6
54 168
54 348
54 458
55 2
55 14
55 224
55 321
55 681
55 754
55 768
56 44
56 112
56 260
56 261
56 288
56 290
56 528
56 708
57 153
57 330
57 641
57 642
57 650
57 788
57 912
58 68
58 610
59 301
60 10
60 850
61 70
61 260
61 524
61 654
62 132
63 145
64 8
64 32
64 34
64 81
64 84
64 153
64 162
64 295
64 449
64 513
64 514
64 521
64 547
64 552
64 556
64 558
64 584
64 595
64 778
64 785
64 867
64 880
64 978
64 982
65 3
65 15
65 24
65 74
65 168
65 193
65 337
65 508
66 66
66 82
66 129
66 162
66 270
66 292
66 528
66 529
66 768
66 800
67 21
67 56
67 124
67 195
67 583
67 612
67 650
67 661
67 963
68 2
68 72
68 75
68 81
68 352
68 512
68 556
68 592
68 722
69 98
69 614
69 616
70 64
70 104
70 196
70 264
70 551
70 770
71 144
71 962
72 0
72 3
72 14
72 15
72 34
72 41
72 325
72 345
72 426
72 538
72 562
72 641
72 739
72 810
73 34
73 258
73 260
73 329
73 580
73 592
73 690
74 4
74 10
74 72
74 134
74 166
74 350
74 422
74 432
74 690
74 820
75 2
75 8
75 322
75 420
75 512
75 731
75 788
76 42
76 55
76 144
76 258
76 268
76 419
76 431
76 656
76 682
76 688
76 770
76 773
76 790
77 68
77 106
77 129
77 176
77 187
77 202
77 209
77 275
77 779
77 790
78 153
78 288
78 291
78 294
79 19
79 36
79 520
80 8
80 18
80 28
80 41
80 192
80 258
80 545
80 560
80 856
80 864
81 35
81 356
81 558
81 658
81 868
81 901
82 0
82 13
82 38
82 59
82 215
82 275
82 304
82 546
82 932
83 96
83 132
83 516
83 592
83 614
84 32
84 116
84 252
84 261
84 299
84 320
84 389
84 482
84 528
84 552
85 22
85 69
85 201
85 653
85 718
86 2
86 160
86 162
86 210
86 368
86 512
86 516
88 0
88 34
88 135
88 158
88 234
88 284
88 343
88 432
88 560
88 574
88 582
88 641
89 271
89 384
89 483
89 515
89 597
90 186
91 35
91 285
91 329
91 520
92 0
92 16
92 51
92 339
92 560
93 145
93 248
93 512
93 544
93 620
94 3
94 36
94 292
94 420
94 513
95 204
95 352
96 4
96 64
96 68
96 73
96 97
96 138
96 512
96 514
96 520
96 706
96 776
97 30
97 36
97 68
97 186
97 504
98 96
98 120
98 141
98 265
98 529
98 780
99 4
99 8
99 20
99 36
99 529
100 2
100 3
100 30
100 66
100 257
100 258
100 393
100 768
100 866
101 16
101 49
101 102
101 154
101 265
101 568
101 712
101 776
102 168
102 521
102 658
102 669
103 41
103 292
103 316
103 803
104 50
104 170
104 200
104 625
104 736
105 18
105 53
105 192
105 232
105 265
105 374
105 752
105 776
106 44
106 271
106 333
106 408
106 571
106 640
106 710
106 896
107 12
107 36
107 520
108 374
108 594
109 32
109 34
109 162
109 216
109 516
109 704
109 726
110 276
110 662
110 833
111 140
112 38
112 162
112 172
112 228
112 261
112 326
112 472
112 518
112 659
112 666
113 9
113 45
113 136
113 139
113 666
113 770
114 12
114 441
114 899
115 18
115 104
115 122
115 528
115 913
116 268
116 320
116 448
116 641
116 706
117 32
117 98
117 338
118 512
119 260
120 68
120 80
120 360
120 380
121 151
121 907
122 161
123 3
123 376
123 513
124 568
125 43
125 281
125 402
125 769
126 264
126 276
126 294
126 356
126 554
126 640
127 668
127 803
128 2
128 25
128 65
128 96
128 120
128 130
128 164
128 201
128 235
128 270
128 273
128 347
128 447
128 452
128 467
128 512
128 538
128 560
128 593
128 640
128 721
128 921
129 0
129 5
129 81
129 137
129 149
129 270
129 274
129 448
129 561
129 629
129 721
129 752
130 3
130 16
130 117
130 142
130 150
130 160
130 166
130 309
130 364
130 402
130 457
130 513
130 582
130 805
130 920
131 17
131 51
131 70
131 83
131 276
131 384
132 2
132 37
132 65
132 96
132 144
132 146
132 674
132 680
132 902
133 24
133 27
133 48
133 80
133 285
133 288
133 385
133 411
133 464
133 555
133 576
133 583
133 768
133 852
134 138
134 348
134 398
134 456
134 634
134 684
135 21
135 343
135 401
135 736
136 13
136 16
136 24
136 196
136 206
136 401
136 531
136 601
136 715
136 864
136 928
136 996
137 0
137 32
137 161
137 304
137 361
137 386
137 393
137 568
138 33
138 46
138 144
138 344
138 422
138 644
138 645
138 824
139 2
139 64
139 144
140 135
140 411
140 524
140 598
140 797
141 768
142 74
142 115
142 146
142 283
142 522
142 697
143 384
143 429
143 826
144 0
144 11
144 20
144 22
144 37
144 64
144 128
144 149
144 161
144 228
144 274
144 282
144 344
144 432
144 517
144 547
144 549
144 560
144 640
144 797
145 4
145 130
145 266
145 278
145 329
145 532
145 645
145 897
146 0
146 19
146 98
146 145
146 180
146 323
146 400
146 516
146 548
146 848
147 68
147 256
147 259
148 1
148 4
148 10
148 297
148 519
148 520
148 777
149 2
149 98
149 713
149 961
150 276
150 473
150 512
150 545
151 277
151 497
151 565
152 1
152 328
152 363
152 448
152 514
153 72
153 155
153 257
153 448
153 449
154 256
154 280
154 294
154 316
154 535
154 791
154 980
155 4
155 202
155 512
155 658
156 1
156 21
156 538
156 565
156 737
157 79
157 291
157 536
157 650
158 621
158 832
159 89
159 112
159 394
159 712
160 0
160 36
160 39
160 80
160 89
160 95
160 100
160 121
160 261
160 311
160 493
160 533
160 577
160 669
160 971
160 983
160 985
161 3
161 34
161 112
161 194
161 260
161 465
161 477
161 761
162 3
162 21
162 25
162 72
162 96
162 298
162 324
162 669
163 72
163 137
163 138
163 231
163 260
163 420
164 320
164 520
164 578
164 582
165 35
165 150
165 293
166 64
166 79
166 384
166 445
166 552
166 609
167 641
168 5
168 36
168 40
168 48
168 129
168 195
168 512
168 518
168 519
168 652
168 969
168 977
170 60
170 328
170 646
170 656
170 722
170 772
170 939
171 324
171 768
172 592
173 401
173 419
173 541
173 797
174 1
174 3
174 144
174 242
174 288
174 297
174 594
175 19
175 393
175 520
175 800
176 10
176 84
176 138
176 214
176 226
176 231
176 259
176 323
176 338
176 392
176 529
176 536
176 556
176 640
176 649
177 272
177 390
177 777
177 837
178 175
178 292
178 299
178 926
179 138
179 160
180 104
180 173
180 261
180 316
180 358
180 804
180 835
180 837
180 864
181 592
181 884
182 66
182 520
182 553
183 44
183 268
184 64
184 65
184 168
184 353
185 19
185 520
185 707
186 38
186 386
186 433
187 52
188 44
188 162
188 512
188 514
188 754
189 434
189 968
190 81
190 326
190 357
190 448
190 449
192 6
192 8
192 9
192 48
192 65
192 83
192 136
192 257
192 270
192 284
192 321
192 516
192 812
192 855
192 904
192 964
193 87
193 173
193 256
193 448
193 528
193 617
193 870
194 82
194 210
194 338
194 578
194 688
194 834
195 14
195 67
195 153
195 196
195 512
196 10
196 101
196 123
196 192
196 259
196 385
196 670
196 845
196 937
197 64
197 142
197 304
198 40
198 734
199 83
199 521
199 552
199 676
200 2
200 16
200 18
200 54
200 166
200 298
200 825
200 897
201 2
201 278
201 372
201 986
202 12
202 13
202 40
202 96
202 198
202 289
202 304
202 369
203 160
203 297
204 68
204 136
204 296
204 321
204 864
205 4
205 29
205 208
205 256
205 450
205 834
205 904
206 390
207 106
207 436
207 517
208 33
208 36
208 82
208 106
208 136
208 175
208 196
208 201
208 256
208 288
208 385
208 455
208 487
208 549
208 560
208 582
208 641
209 17
209 196
209 272
209 335
209 419
209 437
210 9
210 59
210 112
210 208
210 548
211 16
211 17
211 229
211 354
212 6
212 79
212 161
212 330
212 643
212 783
213 10
213 226
213 592
213 1010
214 185
214 223
214 521
214 684
214 984
215 800
216 249
216 384
216 521
216 672
216 782
217 3
218 12
218 50
218 552
218 560
219 42
219 89
219 145
219 188
219 277
219 298
221 42
221 49
221 69
221 272
222 628
223 120
224 46
224 68
224 106
224 111
224 175
224 250
224 256
224 259
224 589
224 896
225 8
225 33
225 73
225 84
225 269
225 998
226 0
226 136
226 520
226 580
226 970
227 523
227 824
228 1
228 65
228 345
228 352
228 414
228 581
228 658
228 706
228 740
229 258
229 362
229 961
230 0
230 272
230 720
231 64
231 288
232 144
233 261
233 320
233 682
234 400
234 728
235 524
236 104
237 51
238 98
238 611
239 46
239 48
239 560
240 36
240 103
240 288
240 464
240 900
241 74
241 453
241 686
242 40
242 197
242 600
242 649
242 681
243 768
244 16
244 204
244 532
245 200
245 268
245 672
246 296
246 664
246 768
247 36
247 769
248 8
248 356
248 364
248 395
249 184
249 531
249 938
250 13
250 36
250 436
251 905
252 642
256 44
256 108
256 133
256 202
256 253
256 312
256 387
256 461
256 543
256 564
256 569
256 603
256 667
256 710
256 820
256 900
256 924
257 8
257 11
257 14
257 58
257 66
257 77
257 109
257 234
257 396
257 589
257 688
257 749
258 40
258 64
258 116
258 272
258 384
258 407
258 512
258 624
258 656
258 736
258 896
258 903
259 164
259 297
259 516
259 582
260 1
260 34
260 192
260 257
260 264
260 288
260 323
260 368
260 416
260 586
261 14
261 257
261 392
261 544
261 662
262 1
262 139
262 158
262 238
262 250
262 657
264 0
264 22
264 42
264 236
264 263
264 546
264 768
264 776
265 8
265 140
265 233
265 276
265 524
265 578
265 659
265 984
266 0
266 24
266 132
266 598
266 897
267 32
267 83
267 176
267 257
267 416
267 530
267 887
268 32
268 33
268 130
268 133
268 161
268 176
268 226
268 515
268 579
268 738
269 8
269 132
269 144
269 162
269 174
269 534
269 657
270 75
270 353
270 768
270 996
271 674
271 804
272 34
272 146
272 176
272 223
272 512
272 536
272 699
272 769
272 807
272 840
273 3
273 136
273 220
273 519
274 8
274 10
274 81
274 96
274 334
274 592
274 728
275 94
275 128
275 145
275 182
275 244
275 649
276 0
276 269
276 398
276 449
276 976
277 520
277 524
277 646
277 926
278 2
278 424
279 740
279 816
280 16
280 84
280 168
280 418
280 461
280 512
280 609
280 930
281 8
281 280
282 129
282 418
282 464
282 583
282 642
282 768
282 781
283 64
283 84
283 128
283 178
283 384
283 393
283 732
284 0
284 384
284 940
285 64
285 69
285 600
286 96
286 112
287 114
287 349
287 516
288 0
288 3
288 13
288 40
288 165
288 258
288 412
288 434
288 655
288 783
288 784
288 800
289 84
289 480
289 591
289 772
289 787
290 54
290 338
290 370
290 404
290 411
290 521
290 957
291 22
291 133
291 144
291 248
291 288
292 48
292 88
292 121
292 320
292 401
292 534
293 1
293 29
293 336
293 338
293 396
293 641
293 744
294 3
294 579
294 786
294 788
295 561
296 15
296 192
296 514
296 642
296 656
296 866
296 904
297 76
297 547
297 681
298 2
298 27
298 640
298 693
299 573
299 692
299 806
300 137
300 277
300 440
300 770
301 49
301 82
301 198
302 354
303 84
303 801
304 161
304 737
304 908
305 4
305 33
305 200
305 722
306 8
306 62
306 64
306 120
306 824
307 368
307 644
308 2
308 101
308 132
308 256
308 418
308 812
308 882
309 32
309 641
310 2
310 64
310 160
311 72
311 264
311 799
312 2
312 32
312 260
312 864
313 20
313 160
313 172
313 371
314 40
314 69
314 80
314 83
314 160
314 1012
315 340
315 457
316 272
316 292
316 552
317 658
317 852
318 766
319 140
320 2
320 18
320 32
320 104
320 128
320 132
320 196
320 296
320 303
320 517
320 532
320 552
320 642
320 644
320 680
320 768
320 925
321 256
321 282
321 298
321 408
321 456
321 520
321 768
322 18
322 423
322 587
322 832
323 161
323 273
324 91
324 160
324 258
324 328
324 380
324 545
324 583
324 675
325 1
325 44
325 78
325 84
325 185
325 578
325 683
325 762
326 0
326 148
326 531
326 557
327 202
327 539
327 613
327 866
328 17
328 18
328 85
328 177
328 210
328 261
328 550
328 778
328 833
328 925
329 84
329 584
330 16
330 228
330 322
330 524
330 526
331 128
331 148
331 574
331 656
332 53
332 128
332 131
332 272
332 338
332 606
332 924
333 16
333 193
333 384
333 714
333 790
334 526
335 273
335 706
336 1
336 66
336 544
336 676
337 11
338 275
338 410
338 427
338 489
339 410
339 512
339 515
339 528
340 60
340 83
340 445
340 484
340 555
340 776
341 43
341 138
341 530
342 69
342 517
342 859
343 11
343 173
343 529
343 774
344 7
344 30
344 68
344 897
345 11
345 29
345 260
345 618
346 6
346 780
347 164
347 200
347 388
348 654
349 163
349 281
349 520
350 262
350 399
350 788
351 552
352 8
352 16
352 30
352 121
352 128
352 288
352 351
352 528
352 562
352 564
353 161
353 474
353 866
354 98
354 161
354 163
354 357
354 552
355 0
355 404
355 580
356 134
356 160
356 246
356 400
356 652
356 665
357 528
357 796
358 522
359 0
359 828
360 16
360 397
360 423
361 65
361 104
361 196
361 512
361 893
362 128
362 129
362 132
362 133
362 594
363 151
363 741
364 260
364 404
364 550
365 22
365 183
365 760
366 132
366 314
367 128
367 176
367 205
367 647
367 778
368 596
369 40
369 78
369 292
369 385
370 32
370 33
370 256
370 356
370 521
370 591
370 860
371 860
372 256
372 312
372 337
372 523
373 198
375 417
376 224
377 59
378 42
379 27
379 646
380 17
380 320
380 548
381 543
382 148
382 610
384 0
384 10
384 33
384 139
384 328
384 452
384 577
384 588
384 894
384 970
384 1009
385 182
385 288
385 328
385 388
385 420
385 657
386 40
386 65
386 70
386 426
386 591
386 905
386 909
387 0
387 13
387 34
387 66
387 150
387 444
387 548
387 794
387 804
387 816
388 20
388 129
388 176
388 272
388 311
388 518
388 528
389 36
389 70
389 401
389 838
390 518
390 600
391 145
391 258
392 25
392 32
392 192
392 260
392 585
393 32
393 148
393 162
393 266
393 384
393 408
393 459
393 568
394 62
394 101
394 216
394 515
394 645
394 745
395 273
395 889
396 32
396 616
397 513
397 850
398 41
399 195
399 740
399 832
400 9
400 15
400 17
400 85
400 256
400 257
400 274
400 323
400 450
400 612
400 784
401 34
401 129
401 256
401 290
401 742
401 912
401 929
402 45
402 96
402 164
402 257
402 267
402 544
402 915
403 4
403 277
403 320
403 854
404 2
404 48
404 282
404 336
404 339
404 672
405 8
405 140
405 432
405 808
405 820
406 37
406 136
406 515
406 704
407 270
407 274
408 8
408 10
408 119
408 287
408 333
408 552
408 608
408 722
408 968
410 0
410 537
410 706
410 790
411 108
411 681
412 288
412 572
412 649
413 1
413 200
413 468
413 978
414 109
414 336
415 256
415 896
416 42
416 88
416 176
416 210
416 260
416 264
416 278
416 304
416 462
416 549
416 677
417 33
417 520
417 673
417 834
417 846
418 0
418 10
418 303
418 717
419 496
419 526
420 4
420 134
420 284
421 33
421 306
421 690
422 8
422 514
422 648
422 785
423 21
424 98
424 128
424 133
424 356
425 72
426 26
426 194
426 320
426 552
428 84
428 349
428 710
428 737
429 54
429 289
430 533
430 600
432 2
432 128
432 518
433 46
433 288
434 130
434 293
435 562
435 961
436 738
438 38
438 258
438 273
438 532
438 644
439 341
440 65
441 193
442 803
443 176
444 523
444 690
445 80
445 113
445 365
448 0
448 34
448 160
448 164
448 173
448 226
448 268
448 359
448 422
448 589
448 656
448 773
448 864
449 17
449 644
450 6
450 388
451 11
451 109
452 5
452 160
452 198
452 207
452 264
452 386
452 422
452 632
453 18
453 144
453 814
453 822
454 36
455 72
456 68
456 132
456 258
456 288
456 352
456 532
456 619
456 770
456 912
457 85
457 395
458 2
458 367
458 548
459 298
459 444
460 8
460 48
460 268
460 274
460 394
461 76
461 306
461 377
462 312
462 387
462 404
463 40
463 592
464 384
464 522
464 564
465 132
465 194
465 277
465 530
465 546
466 228
466 326
466 341
467 30
467 266
468 32
468 116
469 608
470 166
470 256
470 435
470 836
471 160
471 708
472 592
473 297
473 560
474 98
475 528
476 709
476 900
476 912
478 592
480 46
480 512
480 523
480 612
480 656
480 960
481 128
482 44
482 49
482 160
482 316
482 440
482 576
483 49
483 128
483 160
483 452
484 192
484 209
484 287
484 398
484 787
486 57
486 133
486 524
487 295
487 449
488 162
488 317
488 778
488 848
489 305
490 112
491 18
492 588
493 779
494 6
495 518
496 64
496 105
496 593
496 641
496 731
496 777
497 66
498 848
498 932
500 141
500 394
504 73
504 85
505 320
507 323
508 216
510 11
510 166
510 611
512 1
512 2
512 4
512 32
512 33
512 41
512 65
512 128
512 129
512 130
512 144
512 149
512 224
512 260
512 272
512 273
512 512
512 513
512 526
512 642
512 728
512 853
512 881
513 2
513 4
513 18
513 20
513 35
513 80
513 88
513 89
513 128
513 192
513 344
513 408
513 555
513 609
513 768
513 1003
514 7
514 16
514 80
514 129
514 133
514 184
514 277
514 426
514 471
514 556
514 576
514 689
514 783
514 897
514 909
515 62
515 66
515 72
515 120
515 128
515 141
515 177
515 256
515 263
515 670
515 832
516 43
516 64
516 98
516 188
516 258
516 296
516 337
516 418
516 448
516 466
516 531
516 750
517 50
517 270
517 528
517 570
517 642
517 682
517 808
518 48
518 56
518 57
518 76
518 113
518 241
518 320
518 622
518 625
518 792
518 856
519 16
519 336
519 452
519 512
520 3
520 5
520 9
520 75
520 128
520 136
520 160
520 354
520 386
520 586
520 672
520 955
521 135
521 248
521 561
521 730
521 740
522 130
522 461
522 596
522 960
523 146
523 160
523 576
523 646
523 810
523 869
523 985
524 128
524 256
524 336
524 786
524 788
525 327
525 337
525 549
525 641
525 846
526 18
526 120
526 128
526 288
526 790
527 52
527 90
527 173
527 256
527 312
527 336
528 0
528 16
528 140
528 161
528 177
528 296
528 345
528 464
528 598
528 649
529 7
529 201
529 256
529 336
529 355
529 517
529 768
530 8
530 13
530 72
530 85
530 186
530 870
531 6
531 272
531 403
532 12
532 36
532 144
532 152
532 166
532 258
532 264
532 354
532 593
532 812
533 17
533 58
533 191
533 462
533 650
533 680
533 840
534 360
534 384
534 393
534 410
534 457
534 512
534 518
534 649
534 960
535 81
535 559
536 17
536 129
536 280
536 359
536 417
536 480
536 481
536 546
536 641
536 704
536 836
537 0
538 515
538 764
539 32
539 548
539 687
540 0
540 160
540 170
540 396
540 539
541 0
541 662
542 193
542 275
542 831
543 513
544 4
544 9
544 124
544 135
544 172
544 241
544 281
544 327
544 344
544 490
544 655
544 854
545 0
545 497
545 588
545 676
545 704
546 2
546 12
546 40
546 49
546 130
546 459
546 560
546 642
546 696
546 836
546 856
547 20
547 24
547 192
547 252
547 542
547 714
547 852
548 0
548 73
548 96
548 384
548 458
548 646
549 72
549 360
549 566
549 625
549 653
549 721
550 74
550 147
551 522
551 577
551 768
552 4
552 38
552 46
552 74
552 290
552 385
552 536
552 555
552 642
552 918
552 967
553 46
553 146
553 977
554 135
554 264
554 281
554 393
554 549
556 113
556 360
556 384
556 513
557 384
557 394
557 512
557 519
558 75
558 144
558 738
559 56
559 97
560 134
560 145
560 252
560 321
560 545
560 689
560 691
560 900
560 912
560 920
561 98
562 21
562 196
562 320
562 516
563 40
563 102
563 129
564 70
564 133
564 208
564 512
564 620
565 23
565 289
566 32
566 112
567 375
568 66
568 238
568 741
568 744
568 785
569 4
569 10
570 89
570 144
570 448
571 0
572 577
573 4
574 132
574 498
574 512
575 65
575 648
575 770
575 965
576 0
576 19
576 73
576 80
576 92
576 148
576 257
576 396
576 409
576 480
576 518
576 523
576 771
577 50
577 56
577 58
577 64
577 72
577 92
577 130
577 180
577 204
577 259
577 266
577 268
577 548
577 788
577 832
578 36
578 72
578 158
578 392
578 582
579 60
579 569
580 73
580 100
580 128
580 132
580 257
580 339
580 548
580 624
581 109
581 136
581 372
581 512
581 520
581 592
582 94
582 137
582 153
582 176
582 210
582 241
582 830
583 66
583 96
584 12
584 28
584 60
584 86
584 106
584 970
585 5
585 77
585 321
585 953
586 140
586 266
586 804
586 952
587 440
587 456
587 561
588 0
588 2
588 10
588 145
588 210
588 514
588 529
588 664
588 685
588 709
588 816
588 884
589 643
590 358
591 785
592 18
592 70
592 465
592 552
592 572
592 651
592 697
592 900
593 4
593 344
593 387
593 640
593 644
594 41
594 224
594 306
594 343
594 517
594 533
594 660
594 770
594 877
594 980
595 45
595 46
595 424
596 142
596 258
596 293
596 324
596 560
596 839
597 16
597 19
597 128
597 248
597 544
598 64
599 204
599 320
600 0
600 32
600 259
601 50
601 146
601 705
601 862
603 440
603 701
604 9
604 26
604 208
604 385
604 574
605 775
605 981
606 173
607 8
607 84
608 16
608 20
608 168
608 169
608 202
608 395
608 520
608 768
609 8
609 192
609 240
609 390
609 446
609 784
610 0
610 38
610 89
610 320
612 3
612 201
612 354
612 449
612 517
612 545
612 560
613 0
613 80
613 540
613 572
614 9
614 88
614 182
614 183
614 768
614 980
615 9
615 242
616 6
616 278
616 300
616 405
617 32
617 272
618 6
618 144
618 180
618 339
618 836
619 274
620 269
620 291
620 384
620 672
621 262
621 483
623 488
624 1
624 405
624 669
624 672
624 771
626 3
626 8
628 64
628 256
628 274
629 171
629 180
629 224
630 62
630 164
630 724
630 850
630 974
632 45
632 262
633 1
634 16
635 148
636 352
636 657
638 69
639 7
639 195
639 576
640 0
640 2
640 9
640 16
640 32
640 34
640 205
640 264
640 321
640 512
640 786
640 806
640 836
641 113
641 308
641 426
641 584
641 652
641 803
641 824
642 8
642 161
642 212
642 292
642 356
642 385
642 424
642 544
642 644
642 648
642 679
642 876
643 5
643 81
643 192
643 268
644 101
644 130
644 141
644 344
644 355
644 525
644 696
644 783
645 137
645 200
645 256
645 322
645 331
645 392
645 544
645 804
646 289
646 515
647 41
647 81
647 85
647 105
647 126
647 132
647 291
648 35
648 91
648 140
648 195
648 560
648 646
648 675
649 27
649 216
649 497
650 65
650 577
650 972
651 530
652 0
652 88
652 152
652 200
652 375
652 425
652 883
653 27
653 90
653 479
653 528
653 816
653 844
653 970
654 8
655 20
655 41
656 8
656 256
656 544
656 768
656 890
657 64
657 361
657 394
657 521
657 717
658 262
658 275
658 363
658 432
658 514
659 272
660 18
660 84
660 138
660 664
661 206
661 336
661 804
662 17
662 41
662 50
662 70
662 130
662 405
663 35
664 10
664 141
664 160
664 268
664 297
664 589
664 740
664 792
665 160
665 500
665 586
665 774
666 72
666 384
667 80
667 256
668 4
668 200
668 608
669 489
669 562
669 683
670 292
670 353
670 528
672 0
672 1
672 72
672 80
672 289
672 640
672 661
672 790
673 5
673 12
673 160
673 296
673 577
674 17
674 514
674 644
674 777
675 98
675 264
676 1
676 72
676 107
676 144
676 340
676 416
676 922
677 267
678 212
678 477
678 552
678 608
679 582
680 385
680 514
680 800
681 16
681 68
681 537
682 32
682 180
682 644
682 904
683 656
684 512
684 740
685 72
685 220
685 395
686 80
688 128
688 228
689 56
689 834
690 13
690 537
691 210
691 212
691 736
691 885
692 32
692 448
692 524
692 848
694 16
694 132
694 516
694 615
694 937
695 138
695 267
695 288
696 64
696 512
696 534
697 12
697 348
697 462
697 784
697 910
698 586
698 753
699 29
699 166
700 305
700 611
700 902
704 2
704 6
704 11
704 38
704 57
704 132
704 156
704 258
704 300
704 357
704 577
705 21
705 442
705 680
706 178
706 208
706 550
706 577
706 817
706 965
707 10
707 48
707 80
707 524
707 1000
708 33
708 66
708 165
708 176
708 385
708 392
708 957
709 0
710 10
710 42
710 144
710 394
710 788
711 13
711 192
712 64
712 71
712 548
712 646
713 33
713 81
713 348
713 582
714 286
714 338
714 424
715 400
716 35
716 192
716 232
716 528
716 816
717 418
718 680
718 768
718 792
718 906
720 37
720 290
720 420
720 457
720 464
720 633
721 69
721 116
721 161
721 824
722 17
722 345
722 424
722 525
724 73
724 153
724 674
724 768
725 2
725 32
725 128
725 360
728 282
728 460
728 768
729 194
730 320
731 0
731 1
731 23
731 356
732 66
732 121
732 258
732 563
732 768
733 4
734 8
736 152
736 258
736 308
736 588
737 24
737 25
737 138
737 506
737 650
738 23
738 36
738 164
738 520
739 16
739 42
739 90
739 137
739 164
740 644
740 788
741 640
741 864
742 135
744 113
744 172
744 640
744 872
745 7
745 32
745 257
745 275
746 280
746 514
747 643
748 210
748 490
748 532
748 568
749 18
750 0
750 512
752 186
753 142
753 201
753 202
753 284
753 385
754 81
754 384
756 132
756 257
756 513
757 20
757 514
757 659
758 6
758 304
759 14
760 116
760 512
761 786
762 16
762 442
762 565
764 245
764 256
764 794
765 256
766 416
766 424
767 652
768 8
768 9
768 61
768 96
768 138
768 149
768 445
768 516
768 578
769 64
769 226
769 256
769 314
769 333
769 450
769 548
769 736
769 809
770 50
770 65
770 95
770 432
770 641
770 652
771 1
771 176
771 224
771 384
771 549
771 832
772 83
772 529
772 640
773 35
773 64
773 128
773 544
773 618
773 824
773 939
774 2
774 17
776 130
776 160
776 259
776 359
776 490
776 521
776 579
776 581
776 622
776 648
777 260
777 906
778 42
778 54
778 160
778 480
778 512
778 945
779 6
779 18
779 514
779 593
779 604
779 812
779 914
780 264
780 561
780 689
781 263
782 129
782 160
782 208
782 459
782 568
782 586
782 611
782 776
784 19
784 462
784 737
784 791
784 801
785 16
785 403
785 514
785 624
786 32
786 69
786 100
786 165
786 328
786 516
786 914
787 28
787 88
787 641
788 36
788 418
788 538
788 590
788 608
790 116
790 136
790 840
792 520
792 535
792 537
793 84
793 519
793 676
793 858
794 399
794 656
794 857
795 660
795 717
796 4
796 40
796 97
797 82
798 230
798 361
798 528
798 558
798 697
798 948
799 257
800 40
800 84
800 517
800 529
801 154
801 465
801 901
802 32
802 98
802 132
802 244
802 392
802 514
803 332
803 925
804 392
805 272
805 554
806 114
806 384
807 77
808 49
808 73
808 544
808 554
808 617
808 990
809 16
809 399
809 560
809 912
810 210
810 588
811 293
812 193
812 512
812 604
813 277
813 569
813 876
814 8
814 293
814 313
814 524
815 32
815 40
815 130
815 144
816 48
816 201
816 256
816 931
817 4
817 101
817 177
818 86
818 266
818 854
820 8
820 571
820 838
820 929
821 0
821 493
821 548
822 376
822 386
823 72
823 542
824 0
824 11
824 21
824 153
824 275
824 517
825 22
826 91
826 413
827 416
827 517
828 552
829 833
832 54
832 186
832 232
832 352
832 670
832 672
832 1000
833 14
833 21
833 210
833 259
833 293
833 387
833 665
834 19
834 139
834 257
834 341
834 391
834 516
834 608
835 201
835 581
835 804
836 72
836 296
836 544
836 684
837 130
837 817
838 20
838 131
838 513
838 760
839 16
839 466
840 120
840 133
840 293
840 560
840 711
840 904
842 0
842 297
844 49
844 323
844 497
844 657
844 769
845 93
845 262
845 773
846 535
846 687
846 870
847 192
847 741
848 0
848 150
848 168
848 264
848 340
848 517
849 13
849 912
850 2
850 17
850 28
850 194
851 2
851 422
851 625
852 6
852 501
853 528
853 700
854 12
854 80
854 944
855 152
856 34
856 89
856 100
856 300
857 65
857 133
857 261
857 280
857 523
857 564
857 581
858 102
858 334
859 194
859 432
860 12
860 136
860 390
860 608
861 58
862 9
862 880
863 132
863 646
864 49
864 250
864 596
864 617
865 130
865 781
866 31
866 440
866 452
866 871
867 736
867 805
868 17
868 357
868 548
869 32
869 155
870 22
870 99
870 297
870 419
870 556
870 787
872 31
872 103
873 0
873 1
873 73
873 562
874 5
876 24
876 80
876 121
876 136
876 512
877 256
877 406
877 667
879 4
879 70
879 753
880 3
880 73
880 153
880 418
880 449
880 963
881 30
881 276
882 125
884 522
885 0
885 266
885 673
886 385
887 640
890 978
892 65
892 87
892 147
893 641
893 664
894 722
896 12
896 40
896 186
896 300
896 832
896 834
896 982
897 32
897 259
897 545
897 833
898 91
898 122
898 173
898 272
898 514
898 586
899 108
899 324
899 350
899 896
899 973
900 96
900 147
900 224
900 992
901 12
901 77
901 258
901 540
901 578
902 104
902 227
902 584
902 620
903 102
903 176
904 8
904 148
904 164
904 181
904 193
904 204
904 233
904 329
904 408
904 896
904 920
906 553
908 3
908 225
908 246
908 320
908 866
909 20
909 35
909 672
910 1
910 8
911 1
911 356
912 480
912 576
912 816
913 397
914 76
914 293
915 224
916 515
917 450
917 832
918 8
918 605
919 267
920 0
920 17
920 203
920 592
920 941
921 18
921 135
921 263
921 631
921 785
921 896
922 48
922 419
923 105
923 656
923 756
924 130
925 147
925 216
926 66
926 544
926 907
928 156
928 336
928 344
928 672
928 922
929 40
929 53
929 84
929 324
929 659
930 976
931 214
931 248
931 581
932 40
932 816
933 48
933 65
933 94
933 134
934 42
934 180
935 257
935 928
936 132
939 160
939 337
939 658
940 166
941 42
941 44
941 132
941 174
942 306
943 50
944 3
944 44
944 368
944 531
945 36
946 260
946 640
946 784
948 326
949 99
951 1
951 149
951 585
951 705
952 24
952 817
953 573
954 213
955 422
956 132
956 296
958 652
960 8
960 46
960 202
960 265
960 274
961 12
961 37
961 64
961 65
962 64
962 130
963 200
963 264
964 21
964 23
965 518
966 2
966 36
966 276
966 307
967 212
967 337
968 290
968 610
968 678
968 822
970 89
970 137
970 531
970 674
970 848
971 280
972 533
973 486
974 64
974 300
975 646
976 0
976 72
976 259
976 770
977 18
977 36
977 75
978 163
979 0
979 145
979 704
980 289
980 772
983 585
984 3
984 5
984 320
985 514
985 527
986 160
986 289
988 440
989 21
989 164
989 276
992 2
992 173
992 174
992 663
992 780
992 796
992 896
993 28
994 512
994 555
996 386
996 517
996 852
997 32
997 305
997 1021
999 149
1000 16
1000 61
1000 320
1000 393
1001 261
1001 426
1001 972
1002 352
1002 545
1003 20
1003 432
1004 513
1004 647
1005 812
1006 38
1008 80
1008 261
1008 582
1008 832
1009 585
1010 168
1010 294
1010 392
1010 422
1010 519
1012 73
1013 291
1014 998
1015 72
1016 582
1018 80
1021 16
