# Synthetic Kronecker Graph 
# Edges are directed 
0 6
0 14
0 35
0 68
0 76
0 81
0 82
0 116
0 128
0 132
0 146
0 193
0 213
0 224
0 238
0 241
1 34
1 56
1 74
1 114
1 128
1 164
1 168
1 208
1 232
2 0
2 7
2 8
2 17
2 24
2 37
2 48
2 58
2 84
2 89
2 209
3 0
3 1
3 66
3 105
3 133
3 140
3 200
4 0
4 1
4 6
4 10
4 20
4 25
4 36
4 56
4 64
4 98
4 192
5 0
5 3
5 8
5 66
5 75
5 132
5 226
6 0
6 1
6 4
6 21
6 33
6 40
6 72
6 129
7 0
7 128
7 193
7 244
8 3
8 4
8 11
8 18
8 29
8 49
8 64
8 198
8 247
9 4
9 18
9 26
9 53
9 78
9 84
9 100
9 138
10 22
10 32
10 41
10 43
10 53
10 65
10 81
11 6
11 9
11 40
11 113
11 225
11 240
12 17
12 34
12 37
12 80
12 128
12 140
12 197
13 2
13 4
13 28
13 80
13 144
13 150
14 16
14 57
14 65
14 67
14 147
14 208
15 130
15 136
16 2
16 10
16 12
16 16
16 36
16 37
16 39
16 72
16 122
16 175
16 177
16 197
16 206
17 0
17 4
17 32
17 138
17 156
17 211
17 249
18 50
18 86
18 129
19 173
19 194
19 198
20 0
20 2
20 5
20 40
21 0
21 1
21 8
21 56
21 75
21 133
21 144
21 204
22 0
22 20
22 128
23 3
23 13
23 144
23 233
24 1
24 2
24 64
24 133
24 135
24 161
24 192
24 226
25 1
25 8
25 48
26 0
26 1
26 6
26 129
26 148
26 225
27 96
28 16
28 83
29 0
29 68
29 192
30 4
30 161
31 1
31 27
31 44
32 6
32 18
32 56
32 58
32 80
32 128
32 154
32 192
33 52
33 64
33 71
33 88
33 99
33 111
33 130
33 178
33 208
34 5
34 20
34 96
34 174
35 9
35 16
35 22
35 93
35 144
35 197
35 207
36 0
36 52
36 80
36 88
36 136
36 184
37 21
37 76
37 89
37 133
38 30
38 99
39 2
39 24
39 164
39 202
40 37
40 56
40 96
40 97
40 109
40 163
40 223
41 6
41 26
41 76
41 92
41 129
42 5
42 52
43 1
43 2
43 114
43 175
44 16
44 51
44 144
44 150
45 28
46 105
46 128
46 214
47 6
47 72
48 9
48 17
48 106
48 129
48 149
48 163
49 8
49 64
49 130
50 3
51 12
52 4
52 9
52 64
52 65
52 203
53 4
53 69
54 13
54 28
54 58
56 11
56 18
57 16
58 20
58 35
59 4
59 50
60 147
61 25
61 140
61 224
62 52
62 83
62 141
62 232
64 2
64 4
64 5
64 21
64 24
64 32
64 74
64 138
64 144
65 27
65 34
65 198
65 229
66 5
66 11
66 23
66 67
66 212
66 226
67 1
67 66
67 183
67 204
68 11
68 34
68 46
68 125
68 129
68 136
68 145
68 169
68 192
69 2
69 194
70 2
70 20
70 48
70 86
70 182
70 214
70 237
71 50
71 57
71 66
71 78
71 89
71 96
71 140
71 198
72 2
72 17
72 23
72 30
72 56
72 132
72 157
72 161
73 213
74 147
75 7
75 66
75 200
75 225
76 68
76 191
77 241
78 91
78 106
78 148
78 161
79 0
80 11
80 76
80 132
80 206
81 2
81 12
81 64
81 96
81 224
81 228
82 5
82 96
83 32
83 52
83 125
84 254
85 243
87 32
87 45
87 138
88 16
88 106
88 162
89 20
89 52
89 70
90 13
90 111
90 130
91 18
92 28
93 93
93 129
95 42
96 0
96 5
96 56
96 66
96 98
96 160
96 161
96 242
97 18
97 22
97 99
98 36
98 145
99 10
99 212
100 8
100 36
100 81
101 18
102 32
103 2
103 19
103 99
104 12
104 16
104 48
104 144
104 162
104 178
104 212
105 5
105 97
105 143
105 178
106 3
107 0
108 147
108 200
108 253
109 0
109 168
109 170
109 202
110 128
111 120
112 6
112 130
112 232
113 16
113 196
113 208
114 128
115 32
115 102
116 113
116 128
117 13
117 39
118 97
118 160
119 2
120 89
121 8
122 8
122 128
124 5
124 8
124 182
126 160
128 16
128 41
128 48
128 57
128 137
128 142
128 168
128 176
128 208
128 243
129 5
129 203
129 213
129 217
129 240
130 0
130 40
130 41
130 236
131 18
131 19
132 50
132 88
132 104
132 122
132 141
132 172
132 191
133 0
133 6
133 32
133 198
133 248
134 4
134 16
134 24
134 56
134 102
135 0
135 32
135 64
135 94
136 4
136 33
136 112
136 134
137 0
137 54
137 97
137 142
137 177
138 66
138 169
139 2
139 63
140 58
140 90
140 214
140 219
141 107
141 192
141 232
141 254
142 9
142 17
142 192
143 146
143 231
144 65
144 102
144 110
145 74
145 129
145 147
145 194
147 105
147 109
148 8
149 6
149 65
149 70
149 80
149 81
149 144
150 5
151 188
152 8
152 16
152 36
152 116
152 166
152 171
153 36
154 0
157 243
158 49
158 66
159 6
160 2
160 33
160 80
161 7
161 13
161 18
161 49
161 55
161 68
162 0
162 8
162 14
162 226
163 5
163 85
163 97
164 8
164 9
164 17
164 50
165 96
165 164
166 45
166 92
166 103
167 38
167 66
167 156
168 148
169 2
170 51
170 136
170 192
171 0
171 12
171 34
171 38
172 20
172 48
172 205
172 230
173 36
173 66
175 33
175 34
175 84
175 120
176 81
176 138
176 252
177 4
178 1
178 17
178 142
179 1
179 68
180 0
180 96
180 160
181 72
181 146
181 200
181 233
182 1
182 14
183 232
184 12
184 21
184 138
185 3
185 74
185 98
189 4
191 20
191 31
192 0
192 7
192 16
192 36
192 64
192 97
192 112
192 115
192 195
193 0
193 12
193 14
193 35
193 56
193 80
193 167
193 204
194 1
194 8
194 48
194 68
194 149
194 172
195 1
195 4
195 217
196 4
196 24
196 34
196 82
196 193
196 194
197 1
197 16
198 21
198 169
198 182
198 196
200 16
200 40
200 72
200 80
200 174
200 195
201 52
202 210
204 18
204 72
205 28
205 55
205 215
206 0
206 4
208 1
208 56
208 83
208 167
208 209
208 237
209 60
210 32
210 43
210 78
211 2
211 8
212 67
214 16
214 40
214 60
215 33
215 150
216 148
217 0
217 1
217 192
219 5
220 0
220 113
220 203
221 2
223 8
224 16
224 194
224 217
225 8
225 134
225 162
226 132
226 144
228 4
228 114
228 160
229 26
229 141
230 22
231 0
231 69
231 71
232 132
238 224
240 68
241 40
242 64
242 131
243 9
243 64
244 84
245 14
245 139
245 155
246 17
247 66
249 47
249 224
250 77
251 1
251 74
252 8
253 76
255 69
255 148
255 192
