# Synthetic Kronecker Graph 
# Edges are directed 
0 1
0 4
0 18
0 19
0 20
0 34
0 52
1 0
1 3
1 16
1 24
1 34
2 4
2 8
2 17
2 19
2 34
2 35
2 52
3 48
4 27
5 17
5 41
6 11
6 16
6 44
7 2
7 16
8 8
8 22
8 26
8 32
9 3
9 26
9 34
9 50
9 52
10 18
10 29
12 1
12 6
12 9
12 24
12 29
13 15
13 48
14 36
15 4
15 36
16 0
16 1
16 7
16 17
16 21
16 48
16 52
17 0
17 4
17 8
17 24
18 11
18 13
18 54
19 4
20 16
20 37
20 60
21 4
21 10
21 50
22 1
22 27
23 27
24 0
24 1
24 2
24 4
24 5
24 16
24 32
24 51
24 61
26 16
26 26
26 38
28 35
28 37
29 0
29 2
29 18
30 10
30 32
30 35
32 2
32 5
32 6
32 10
32 24
32 32
32 36
32 50
32 52
32 61
33 2
33 8
34 26
35 47
35 58
36 0
36 2
36 5
36 15
36 18
36 24
36 30
37 37
37 40
38 9
38 58
39 13
40 0
40 16
40 25
40 36
40 39
41 5
41 58
42 6
42 10
42 35
42 45
43 57
45 18
47 18
48 16
48 22
48 33
48 36
48 37
48 38
48 55
48 60
49 5
49 30
50 23
50 41
51 9
51 34
52 17
52 24
52 59
53 3
53 39
56 36
57 8
57 34
59 12
62 10
62 42
