# Synthetic Kronecker Graph 
# Edges are directed 
0 20
0 32
0 48
0 56
0 67
0 97
0 124
0 138
0 144
0 149
0 198
0 200
0 248
0 258
0 274
0 278
0 284
1 12
1 132
1 144
1 151
1 177
1 182
1 220
1 274
1 292
1 353
1 384
1 385
1 428
2 7
2 16
2 37
2 41
2 82
2 128
2 208
2 242
2 257
2 281
2 327
2 389
2 416
3 2
3 8
3 64
3 105
3 117
3 198
3 280
3 306
3 417
4 24
4 33
4 61
4 72
4 128
4 129
4 194
4 228
4 256
4 259
4 289
4 293
4 431
4 480
5 68
5 80
5 96
5 136
5 257
5 392
5 507
5 508
6 0
6 6
6 164
6 361
7 32
7 72
7 80
7 252
8 18
8 65
8 76
8 97
8 128
8 143
8 286
8 419
9 0
9 10
9 34
9 78
9 81
9 112
9 192
9 209
9 220
9 256
10 34
10 129
10 137
10 139
10 166
11 60
11 73
11 128
11 424
12 60
12 90
12 91
12 138
12 144
12 168
12 209
12 272
12 291
13 0
13 12
13 34
13 293
13 323
13 324
13 385
13 400
14 77
14 132
14 192
14 290
14 356
14 396
15 1
15 10
15 65
15 154
15 232
16 11
16 32
16 34
16 38
16 67
16 99
16 140
16 224
16 226
16 273
16 287
16 291
16 324
16 421
16 494
17 64
17 132
17 163
17 292
17 334
17 405
17 416
17 480
18 258
18 308
18 364
19 78
19 129
19 278
20 4
20 32
20 41
20 53
20 80
20 99
20 129
20 131
20 155
20 163
20 169
20 252
20 290
20 396
21 1
21 35
21 130
21 272
21 288
21 352
21 429
22 13
22 32
22 48
22 320
22 392
22 416
23 3
23 73
23 92
23 115
23 388
24 13
24 33
24 99
24 137
24 205
24 212
24 267
24 272
24 462
25 172
25 336
25 406
26 40
26 417
26 433
27 30
27 464
28 75
28 96
28 261
28 398
29 1
29 4
29 23
29 103
29 274
29 320
30 134
30 258
30 280
31 91
31 195
32 0
32 1
32 252
32 290
32 301
32 328
32 384
32 387
32 403
32 449
32 454
32 458
33 4
33 22
33 33
33 54
33 56
33 67
33 81
33 146
33 166
33 260
33 492
34 1
34 17
34 26
34 36
34 52
34 54
34 89
34 124
34 266
34 384
35 62
35 389
36 8
36 36
36 64
36 66
36 142
36 186
36 192
36 221
36 284
37 86
37 150
37 281
37 308
37 389
37 419
38 24
38 32
38 109
38 265
38 273
38 296
38 316
38 347
38 393
39 16
39 93
39 123
39 465
40 10
40 32
40 103
40 136
40 232
40 261
40 353
40 360
40 396
41 8
41 145
41 160
42 65
42 311
42 439
43 0
43 6
43 66
43 84
43 204
44 42
44 74
44 97
44 361
44 416
45 32
45 64
45 72
45 180
45 416
46 325
46 492
47 2
47 90
47 205
48 0
48 20
48 56
48 66
48 99
48 200
48 343
48 347
49 8
49 206
49 209
49 226
49 396
50 8
50 26
50 64
50 110
50 384
50 393
50 454
51 2
51 56
51 69
51 144
51 283
51 289
52 256
52 291
52 402
53 0
53 19
53 68
53 204
53 400
53 432
54 8
54 123
54 144
54 325
55 87
55 336
56 10
56 174
56 228
56 480
56 502
57 6
58 1
58 36
58 128
59 2
59 257
60 4
60 282
61 73
62 12
62 16
62 64
62 144
62 288
62 307
62 417
63 85
64 17
64 32
64 40
64 52
64 106
64 150
64 176
64 212
64 296
64 300
64 305
64 306
64 400
65 80
65 86
65 193
65 279
65 407
65 434
66 0
66 264
66 268
66 272
66 276
66 336
66 400
67 0
67 16
67 94
67 256
67 269
68 51
68 64
68 115
68 160
68 232
68 266
68 448
69 6
69 20
69 112
69 134
69 144
69 204
69 252
69 258
69 272
69 449
70 26
70 361
71 8
72 3
72 4
72 48
72 53
72 115
72 297
72 436
73 18
73 41
73 48
73 154
73 256
73 376
74 21
74 25
74 257
74 298
74 436
75 144
75 184
75 258
76 34
76 35
76 60
76 70
76 76
76 168
76 353
76 450
77 129
77 397
78 2
78 3
78 12
78 39
78 57
78 128
79 182
80 8
80 11
80 14
80 18
80 44
80 76
80 129
80 257
80 451
81 72
81 128
81 129
81 196
81 339
82 8
82 18
82 34
82 265
82 434
82 470
83 162
84 0
84 16
84 17
84 34
84 46
84 69
84 82
84 256
84 272
84 325
84 387
85 32
85 128
85 134
85 274
85 456
86 15
86 110
87 265
87 464
88 8
88 181
88 324
89 226
90 4
90 333
90 359
90 387
91 1
91 272
91 480
92 12
92 257
93 256
93 264
94 9
94 64
94 173
94 288
95 130
96 0
96 2
96 97
96 290
96 348
96 405
96 419
97 3
97 38
97 104
98 0
98 18
98 71
98 128
98 159
98 260
98 262
98 272
98 301
99 1
99 25
99 67
99 136
99 168
99 172
100 10
100 28
100 32
100 77
100 239
100 262
101 386
102 4
102 27
102 60
102 280
102 404
104 44
104 77
104 113
104 374
104 466
105 144
106 8
106 178
107 11
108 40
108 301
109 72
109 194
109 365
109 388
109 442
110 2
110 64
111 36
111 102
112 41
112 73
112 92
112 146
112 192
112 258
112 260
112 264
112 274
112 417
113 10
113 19
113 64
113 200
114 10
114 32
114 136
114 138
114 386
114 408
114 421
115 82
115 482
116 132
116 325
116 384
116 484
117 0
117 23
117 83
117 114
119 4
119 128
119 274
120 82
120 125
120 137
120 150
120 162
120 288
120 384
120 457
122 187
123 77
123 384
124 66
128 6
128 32
128 68
128 72
128 128
128 160
128 168
128 256
128 288
128 309
128 320
128 406
129 14
129 39
129 111
129 273
129 277
129 356
129 402
130 2
130 8
130 32
130 128
130 144
130 166
130 233
130 293
130 326
130 454
131 68
131 164
131 264
132 6
132 17
132 24
132 46
132 166
132 392
132 424
132 454
133 2
133 9
133 224
133 328
134 48
134 53
134 54
134 252
134 336
136 16
136 82
136 83
136 130
136 141
136 162
136 180
136 195
136 290
136 386
136 400
136 421
137 0
137 99
137 117
137 171
137 400
137 452
138 0
138 84
138 125
138 400
139 226
139 272
140 0
140 1
140 16
140 85
140 260
141 44
141 120
141 177
141 188
141 256
141 297
141 307
141 392
142 8
142 16
142 52
142 164
142 412
142 436
143 48
143 129
143 439
144 40
144 41
144 68
144 98
144 132
144 195
144 226
144 288
144 306
145 5
145 8
145 80
145 142
145 308
146 24
146 60
146 64
146 224
146 256
146 260
146 271
146 305
146 353
147 14
147 32
147 448
148 40
148 64
148 256
148 389
148 454
149 48
149 207
149 213
149 265
149 332
149 362
150 34
150 409
151 148
151 274
151 320
152 26
152 55
152 126
152 129
152 176
153 105
153 146
154 262
154 274
155 0
155 364
156 38
156 256
157 260
157 328
159 0
159 5
159 154
159 370
160 14
160 34
160 65
160 334
161 8
161 12
161 56
161 68
161 160
161 257
162 132
163 5
163 8
163 16
163 36
163 177
163 262
164 333
165 43
166 14
167 325
168 6
168 21
168 48
168 69
168 89
168 128
168 259
168 272
168 480
169 48
169 130
169 168
169 256
169 267
170 14
170 281
170 312
170 332
171 100
171 372
171 373
172 9
172 328
174 84
175 108
176 2
176 4
177 88
177 130
177 161
177 345
177 369
178 8
178 32
178 133
178 139
178 193
179 502
180 145
180 256
180 425
181 36
182 30
182 86
182 187
183 301
184 0
184 112
184 152
185 32
185 102
185 192
185 306
185 394
186 144
187 66
188 0
188 31
188 171
190 218
192 8
192 17
192 18
192 20
192 40
192 64
192 67
192 72
192 164
192 200
192 256
192 258
192 261
192 293
193 105
193 130
193 140
194 10
194 47
194 58
194 94
194 149
194 180
194 248
194 316
195 167
195 312
196 1
196 3
196 4
196 69
196 323
197 2
197 3
197 36
197 224
197 274
198 52
198 67
198 88
198 160
198 297
198 298
199 53
199 158
199 281
200 2
200 13
200 72
200 86
200 96
200 115
200 224
201 308
201 324
202 28
202 33
202 240
202 256
203 170
203 273
203 404
204 0
204 40
205 0
205 72
205 136
205 138
205 204
206 211
206 272
207 314
208 0
208 8
208 38
208 70
208 89
208 142
208 264
208 278
209 0
209 32
209 148
210 8
210 68
210 144
210 288
210 289
211 160
212 160
213 320
214 5
214 55
214 196
214 240
214 266
215 145
216 20
216 140
217 89
218 1
218 132
218 284
218 288
219 132
220 395
222 458
224 0
224 18
224 162
224 271
224 369
225 104
225 138
225 140
225 144
225 160
225 221
226 13
226 201
227 0
227 6
227 293
228 3
228 45
228 89
228 154
228 199
228 444
228 449
229 15
229 64
229 156
229 272
229 368
230 144
230 145
230 281
230 384
231 389
232 4
232 256
232 462
233 88
233 261
233 270
233 400
234 14
234 80
234 160
234 198
234 212
234 328
234 340
235 2
235 270
235 387
236 81
236 258
237 257
238 216
240 16
240 89
240 96
240 130
240 402
240 404
240 420
241 10
241 96
241 194
241 266
242 5
242 80
242 451
244 174
245 6
245 162
246 98
246 258
246 385
247 101
247 216
248 97
249 319
252 74
252 336
253 36
254 84
254 406
256 0
256 8
256 9
256 17
256 34
256 61
256 78
256 296
256 317
256 325
256 404
256 437
256 449
257 4
257 19
257 23
257 32
257 33
257 36
257 107
257 133
257 159
257 165
258 86
258 92
258 113
258 136
258 138
258 188
258 304
258 324
258 337
258 393
259 26
259 37
259 76
259 180
260 6
260 41
260 43
260 52
260 80
260 128
260 136
260 139
260 184
260 298
260 438
261 8
261 42
261 135
261 136
261 172
261 237
261 240
261 266
261 404
262 2
262 32
262 244
262 296
263 36
263 128
263 154
264 8
264 9
264 20
264 36
264 48
264 64
264 68
264 132
264 136
264 194
264 289
264 416
265 36
265 66
265 76
265 80
265 88
265 272
266 36
266 87
266 122
266 132
266 149
266 240
267 5
267 92
267 146
267 338
267 481
268 9
268 72
268 82
268 101
268 158
268 162
268 294
269 48
269 122
269 164
269 256
269 292
269 438
270 257
270 294
270 437
271 68
271 229
271 283
272 15
272 40
272 64
272 88
272 94
272 128
272 144
272 168
272 188
272 267
273 52
273 56
273 69
273 264
273 349
274 1
274 33
274 40
274 67
274 77
274 97
274 114
274 202
274 402
275 312
276 8
276 138
276 259
276 273
276 298
277 49
277 73
277 175
277 370
277 489
278 0
278 5
278 71
278 146
278 265
279 48
280 2
280 8
280 72
280 81
280 283
280 303
280 352
281 0
281 77
281 220
281 289
281 293
281 488
282 192
282 328
284 320
284 340
284 385
285 274
286 152
286 162
287 10
288 27
288 29
288 40
288 81
288 112
288 113
288 136
288 145
288 165
288 168
288 208
288 416
289 2
289 12
289 20
289 24
289 28
289 130
289 132
289 257
289 450
290 21
290 41
290 46
290 65
290 128
290 260
290 336
291 8
291 32
292 2
292 65
292 147
292 240
292 268
292 285
292 290
293 12
293 192
293 217
293 241
293 276
294 2
294 60
294 84
294 108
294 422
296 27
296 49
296 115
296 128
296 165
296 192
297 292
298 425
299 232
300 50
301 6
301 67
301 314
302 170
302 408
303 1
304 64
304 160
304 161
304 172
304 185
304 221
304 260
304 352
304 496
305 144
306 4
306 9
306 54
306 353
306 450
307 322
308 82
308 129
308 258
308 352
309 18
309 188
309 384
310 68
311 300
311 400
312 0
312 11
312 156
312 192
312 195
313 1
313 51
313 146
313 256
313 274
314 19
314 184
315 16
315 24
316 0
316 464
317 159
317 284
317 328
319 146
320 0
320 36
320 70
320 76
320 128
320 136
320 193
320 260
321 0
321 2
321 3
322 16
322 102
322 160
322 227
322 253
322 278
322 418
322 448
323 418
324 1
324 4
324 33
324 224
324 267
324 388
324 404
324 438
325 16
325 80
325 293
326 38
326 428
327 210
328 23
328 34
328 98
330 258
330 322
331 160
331 276
331 377
331 396
334 74
334 128
334 250
335 0
336 13
336 16
336 57
336 130
336 231
336 306
336 317
336 348
337 0
337 325
337 444
338 134
339 10
339 28
340 322
340 448
342 8
343 24
344 96
344 142
345 232
346 292
348 16
348 35
348 40
348 64
348 146
348 366
349 68
349 165
350 166
351 8
352 1
352 10
352 107
352 230
352 244
352 281
352 288
352 328
353 12
353 26
353 32
353 152
353 208
353 470
354 66
354 130
354 224
354 386
355 200
356 0
356 70
356 208
356 324
356 396
357 386
358 128
360 52
360 402
360 483
361 233
361 316
362 34
363 64
363 90
364 104
364 256
364 392
365 131
366 23
366 457
367 8
367 88
367 128
368 85
368 240
368 304
368 384
368 452
369 34
369 84
369 182
369 290
371 272
371 285
372 85
372 202
372 224
372 448
374 160
376 36
377 211
378 30
378 67
378 71
380 2
380 272
380 306
381 199
383 120
384 0
384 1
384 2
384 15
384 44
384 130
384 132
384 196
384 211
384 257
384 352
385 10
385 87
385 192
386 1
386 96
386 115
386 258
386 264
387 45
387 56
387 344
388 1
388 17
388 32
388 52
388 77
388 128
388 321
388 465
389 392
390 16
390 123
390 161
390 273
390 324
390 496
391 35
391 217
392 8
392 38
392 81
392 163
392 268
394 85
394 115
394 176
394 210
395 41
395 68
395 243
395 275
396 23
396 98
396 482
397 98
397 143
397 257
398 10
398 360
400 5
400 56
400 66
400 110
400 136
400 168
400 221
400 260
400 274
401 4
401 97
401 130
401 150
401 308
401 384
402 4
402 31
402 70
402 102
402 337
402 348
403 68
403 100
403 127
403 318
404 0
404 15
404 421
405 49
405 66
405 107
406 32
407 32
407 36
408 0
408 17
408 216
410 256
411 30
411 32
411 138
411 290
411 360
412 0
412 1
412 104
412 240
412 265
414 64
414 81
414 201
414 202
414 219
415 64
415 168
415 216
416 12
416 37
416 49
416 135
416 178
416 204
416 268
416 390
417 3
417 6
417 60
418 177
418 218
418 246
419 18
420 164
420 257
420 272
420 320
420 330
420 416
421 16
421 17
421 66
421 71
422 4
422 272
422 385
422 386
424 62
424 81
424 140
424 432
424 484
425 4
425 394
426 48
426 51
428 78
429 116
429 336
430 161
430 230
430 452
431 64
432 137
432 193
432 263
432 324
433 16
433 381
435 26
437 257
438 23
438 261
438 282
440 4
440 40
440 91
440 373
442 35
442 434
444 280
445 347
447 361
447 385
448 5
448 41
448 77
448 137
448 217
448 419
449 0
449 1
449 64
449 82
450 134
450 266
451 292
452 35
452 37
452 96
452 262
452 275
453 41
454 17
454 164
455 40
455 64
455 142
456 1
456 2
456 5
456 52
456 140
457 12
457 38
458 20
458 152
459 28
459 103
461 4
461 110
462 70
462 82
463 66
463 272
464 22
464 70
464 121
464 130
465 33
465 172
466 5
466 72
467 15
467 16
467 232
468 13
468 257
470 358
472 344
472 496
473 12
475 24
476 8
478 37
478 208
480 5
480 80
480 85
480 136
480 237
480 258
480 290
480 464
481 138
481 257
482 6
482 385
483 75
483 325
484 180
484 387
484 484
485 85
486 99
487 8
488 2
488 392
489 256
490 4
493 18
493 298
494 224
495 232
496 19
496 124
496 160
496 264
497 289
498 16
500 12
500 273
500 274
501 425
502 36
502 416
503 2
505 197
505 460
507 154
508 44
510 16
