# Synthetic Kronecker Graph 
# Edges are directed 
0 0
0 2
0 32
0 65
0 66
0 76
0 98
0 100
0 114
0 134
0 148
0 162
0 192
0 286
0 305
0 350
0 353
0 416
0 461
0 519
0 560
0 587
0 658
0 660
0 672
0 686
0 807
0 808
1 0
1 13
1 14
1 18
1 33
1 40
1 88
1 152
1 192
1 261
1 432
1 516
1 560
1 573
1 899
1 906
1 911
2 1
2 8
2 34
2 38
2 131
2 156
2 162
2 172
2 264
2 290
2 392
2 402
2 761
2 774
2 893
2 915
3 0
3 1
3 22
3 114
3 165
3 217
3 260
3 268
3 276
3 326
3 386
3 483
3 551
3 736
3 992
3 993
4 0
4 16
4 130
4 138
4 258
4 334
4 405
4 442
4 448
4 528
4 741
4 791
4 852
4 897
5 33
5 52
5 64
5 71
5 97
5 108
5 552
5 562
5 621
5 833
6 28
6 132
6 145
6 729
6 751
6 909
6 961
7 2
7 6
7 40
7 128
7 277
7 389
7 524
7 634
7 657
7 822
8 0
8 25
8 68
8 73
8 85
8 129
8 153
8 261
8 272
8 274
8 358
8 432
8 448
8 515
8 642
8 674
8 788
8 969
9 35
9 40
9 75
9 112
9 161
9 218
9 352
9 473
9 521
9 595
9 803
9 882
9 906
10 49
10 51
10 64
10 104
10 105
10 163
10 165
10 386
10 660
10 769
10 778
10 825
11 4
11 22
11 156
11 206
11 272
11 325
11 530
11 532
11 848
11 888
11 972
12 2
12 36
12 40
12 169
12 172
12 256
12 257
12 288
12 646
12 648
12 652
12 820
12 979
13 10
13 64
13 205
13 216
13 224
13 514
13 596
13 836
13 993
14 24
14 33
14 36
14 116
14 339
14 612
14 772
14 843
15 257
15 390
15 576
15 642
16 34
16 41
16 75
16 130
16 140
16 161
16 233
16 265
16 266
16 333
16 524
16 526
16 538
16 624
16 625
16 672
16 864
17 1
17 4
17 20
17 34
17 58
17 96
17 99
17 138
17 376
17 404
17 416
17 713
17 714
17 844
17 945
17 953
18 90
18 168
18 308
18 618
18 672
19 17
19 177
19 206
19 231
19 272
19 298
19 454
19 564
20 0
20 12
20 34
20 49
20 50
20 66
20 74
20 101
20 154
20 169
20 198
20 298
20 329
20 346
20 384
20 404
20 513
20 574
20 581
20 585
20 658
20 688
21 42
21 81
21 171
21 225
21 274
21 328
21 384
21 531
21 584
22 40
22 53
22 67
22 170
22 689
22 906
23 173
23 976
24 4
24 145
24 257
24 258
24 320
24 612
24 640
24 643
24 785
25 64
25 289
25 532
25 740
26 1
26 272
26 311
26 322
26 323
26 387
26 781
26 808
27 64
27 141
27 165
27 193
27 212
27 217
27 262
27 402
27 448
27 517
27 544
27 664
28 30
28 48
28 624
28 884
29 18
29 35
29 168
29 182
29 271
29 305
29 646
29 665
29 674
29 912
30 16
30 145
30 343
30 401
30 704
31 115
31 197
31 308
31 832
32 4
32 27
32 59
32 64
32 65
32 80
32 173
32 180
32 263
32 292
32 320
32 628
32 634
32 644
32 649
32 705
32 957
33 24
33 68
33 96
33 142
33 155
33 273
33 286
33 288
33 426
33 529
33 550
33 698
33 712
33 750
33 769
33 776
33 788
34 33
34 53
34 128
34 153
34 300
34 305
34 410
34 554
35 34
35 73
35 101
35 244
36 8
36 54
36 83
36 96
36 162
36 316
36 327
36 513
36 520
36 596
36 612
36 672
36 674
36 784
37 42
37 320
37 340
37 370
38 3
38 16
38 32
38 190
38 276
38 514
38 578
38 614
38 628
38 660
38 878
39 270
39 786
40 1
40 58
40 112
40 140
40 176
40 517
40 536
40 539
40 577
40 607
41 288
41 528
41 644
41 786
42 66
42 544
42 640
42 864
43 10
43 132
43 416
43 774
44 1
44 56
44 57
44 65
44 118
44 130
44 232
44 262
44 400
44 432
44 849
45 1
45 12
45 25
45 68
45 99
45 102
45 539
45 544
46 74
46 513
46 624
47 4
47 7
47 328
47 864
48 0
48 15
48 68
48 88
48 280
48 400
48 514
48 515
48 528
48 576
48 585
48 656
48 693
48 786
48 873
48 911
49 56
49 420
49 421
49 519
49 532
49 788
49 960
49 966
50 4
50 8
50 58
50 73
50 163
50 182
50 248
50 381
50 384
50 424
50 515
50 577
50 605
50 643
50 684
50 771
51 67
51 70
51 71
51 84
51 425
51 513
51 608
51 772
52 34
52 35
52 147
52 432
52 526
53 72
53 75
53 188
53 193
53 268
53 554
53 612
53 935
54 30
54 42
54 264
54 272
55 195
55 520
55 576
55 936
56 247
56 330
57 212
57 400
58 60
58 194
58 581
58 805
59 3
59 583
59 736
60 21
60 105
60 229
60 338
60 386
61 148
62 0
62 657
62 779
64 1
64 32
64 69
64 72
64 89
64 112
64 114
64 121
64 197
64 208
64 213
64 555
64 628
64 680
64 690
64 736
64 769
64 787
64 816
64 905
65 0
65 132
65 288
65 302
65 552
65 580
65 614
65 770
66 4
66 24
66 52
66 76
66 82
66 101
66 102
66 166
66 260
66 440
66 634
66 904
66 1010
67 128
67 129
67 132
67 768
67 928
68 10
68 37
68 41
68 67
68 69
68 96
68 138
68 196
68 256
68 385
68 528
68 646
68 825
68 940
68 951
68 992
68 998
69 64
69 312
69 560
69 585
69 610
69 928
70 30
70 67
70 170
70 178
70 257
70 292
70 385
70 519
70 788
70 834
70 904
71 76
71 293
71 577
71 585
72 0
72 12
72 25
72 32
72 36
72 41
72 64
72 80
72 116
72 204
72 272
72 288
72 696
73 42
73 69
73 131
73 167
73 242
73 512
73 677
73 784
74 61
74 66
74 257
74 290
74 567
74 780
74 864
75 16
75 85
75 180
75 288
75 678
76 14
76 162
76 536
76 546
77 468
77 786
78 7
78 210
78 626
79 24
80 16
80 54
80 56
80 96
80 192
80 257
80 264
80 286
80 291
80 308
80 310
80 346
80 404
80 517
80 580
80 753
80 941
81 8
81 17
81 137
81 176
81 665
82 140
82 259
82 336
82 512
82 534
82 660
82 776
83 73
83 134
83 264
83 326
83 541
83 818
83 839
84 1
84 4
84 16
84 66
84 125
84 134
84 147
84 248
84 547
85 272
85 465
86 15
86 32
86 313
86 656
86 901
86 914
86 994
87 288
87 604
88 9
88 68
88 195
88 208
88 528
88 646
88 660
89 36
89 512
89 960
90 9
90 12
90 512
90 980
91 528
91 736
92 24
92 132
92 394
92 642
93 105
93 688
94 286
94 506
95 134
96 1
96 9
96 12
96 63
96 68
96 78
96 134
96 171
96 229
96 262
96 291
96 306
96 780
96 901
96 902
97 3
97 6
97 9
97 16
97 24
97 102
97 172
97 276
97 648
98 1
98 4
98 13
98 20
98 137
98 148
98 275
98 298
98 317
98 356
98 513
99 30
99 64
99 104
99 132
99 340
99 671
99 912
100 28
100 184
100 294
100 302
100 448
100 704
100 802
100 960
101 80
101 543
101 563
101 627
101 802
102 404
102 592
103 20
103 22
103 397
103 476
103 642
104 4
104 6
104 17
104 104
104 334
104 580
104 646
104 674
104 770
104 784
104 790
105 0
105 11
105 178
105 401
105 406
105 654
105 717
105 780
106 37
106 132
106 186
107 33
107 136
107 786
108 1
108 85
108 130
108 145
108 164
108 528
108 960
109 123
110 75
110 417
111 730
112 25
112 32
112 272
112 515
112 616
112 641
112 664
113 0
113 142
113 489
113 824
114 398
115 49
115 386
115 394
115 646
115 809
115 862
116 2
116 41
116 129
116 194
116 313
116 320
116 353
116 553
117 21
117 66
117 151
117 866
118 136
118 214
118 225
118 277
119 363
119 448
119 546
119 609
119 691
119 801
120 3
120 235
120 629
120 800
122 724
123 64
123 81
124 177
124 296
124 514
125 24
125 188
125 861
126 57
126 208
127 12
127 385
127 618
128 1
128 18
128 19
128 82
128 112
128 128
128 160
128 164
128 200
128 257
128 264
128 274
128 290
128 300
128 323
128 592
128 841
128 849
128 933
129 56
129 260
129 396
129 514
129 557
129 559
129 596
129 738
129 782
130 2
130 31
130 101
130 128
130 161
130 260
130 272
130 326
130 395
130 520
130 523
130 537
130 606
130 739
130 742
130 796
131 5
131 9
131 56
131 87
131 196
131 198
131 470
131 686
131 834
131 847
132 0
132 4
132 17
132 73
132 137
132 142
132 148
132 256
132 531
132 556
132 560
132 672
132 740
132 922
133 2
133 9
133 138
133 144
133 205
133 261
133 278
133 372
133 780
134 48
134 68
134 180
134 224
134 244
134 263
134 387
134 472
134 870
135 0
135 174
135 264
135 436
135 448
135 529
136 0
136 81
136 101
136 151
136 181
136 288
136 320
136 458
136 464
136 546
136 706
136 791
136 808
136 928
137 31
137 96
137 130
137 848
138 4
138 12
138 100
138 212
138 321
138 467
138 864
138 905
139 4
139 50
139 116
139 647
140 5
140 290
141 41
141 82
141 320
141 512
141 519
141 576
141 592
141 672
141 904
142 2
142 12
142 99
142 816
143 146
143 154
143 395
143 512
143 773
144 0
144 5
144 15
144 134
144 139
144 261
144 270
144 276
144 282
144 406
144 434
144 464
144 556
144 613
144 901
145 2
145 24
145 129
145 155
145 276
145 311
145 526
145 606
145 629
145 680
145 768
145 772
145 836
145 851
146 0
146 4
146 8
146 16
146 18
146 56
146 79
146 111
146 147
146 200
146 230
146 309
146 546
146 572
146 584
146 779
147 1
147 4
147 16
147 319
147 320
147 341
148 64
148 72
148 112
148 130
148 312
148 617
148 649
148 972
149 64
149 161
149 333
149 354
149 402
149 450
150 9
150 32
150 41
150 142
150 321
150 809
151 107
151 140
152 0
152 64
152 234
152 268
152 312
152 395
152 534
152 578
152 776
153 0
153 243
153 262
153 448
153 457
153 586
153 672
153 899
153 913
154 44
154 185
154 564
155 229
155 569
155 770
155 840
156 7
156 20
156 328
156 337
156 466
156 656
156 740
156 789
157 98
157 256
157 611
158 202
158 336
158 1014
159 244
159 656
160 96
160 360
160 367
160 369
160 392
160 569
160 776
160 905
161 5
161 213
161 250
161 266
162 1
162 56
162 77
162 130
162 226
162 258
162 326
162 641
163 2
163 24
163 73
163 561
163 577
164 2
164 32
164 65
164 184
164 229
164 808
164 887
165 128
165 210
165 306
165 421
165 544
166 13
166 226
166 256
166 266
166 281
166 588
166 642
166 803
167 820
167 894
168 259
168 517
168 652
168 722
169 46
169 134
169 267
169 292
169 356
170 53
170 274
170 427
170 645
170 952
171 88
171 136
171 191
171 262
172 326
172 544
173 304
173 320
173 340
173 429
174 57
174 320
174 328
174 645
174 652
175 119
175 658
176 0
176 15
176 147
176 280
176 313
176 518
176 540
177 0
177 98
177 259
177 351
177 578
178 8
178 20
178 293
178 600
179 472
179 512
180 2
180 9
180 312
181 121
181 645
181 683
182 0
182 9
182 64
183 40
184 1
184 11
184 13
184 78
184 336
184 534
184 769
185 50
185 257
185 464
185 644
185 645
186 38
186 214
186 272
186 389
186 439
186 516
186 880
187 36
187 52
187 182
187 268
187 367
187 516
188 212
188 332
188 340
188 385
188 577
189 523
189 992
190 77
190 323
190 550
191 329
192 2
192 25
192 81
192 132
192 146
192 160
192 258
192 356
192 527
192 553
192 578
192 598
192 605
192 846
193 177
193 320
193 414
193 512
193 528
194 5
194 24
194 286
194 513
194 522
194 593
194 896
195 249
195 417
195 528
195 673
195 846
196 18
196 154
196 322
196 394
196 433
196 513
197 19
197 376
197 582
197 673
197 696
197 802
198 132
198 256
198 768
199 415
200 17
200 40
200 57
200 197
200 224
200 230
200 578
200 946
201 5
201 164
201 775
201 848
202 29
202 86
202 274
202 312
202 905
203 50
203 128
203 324
203 608
204 8
204 10
204 32
204 327
204 888
205 90
205 176
205 499
205 640
206 321
206 884
207 149
207 432
208 121
208 296
208 307
208 322
209 16
209 34
209 162
209 584
209 896
210 64
210 147
211 40
211 44
211 64
211 78
211 99
212 145
212 324
212 530
213 138
213 641
214 298
214 512
214 649
215 0
216 13
216 122
216 128
216 288
217 805
217 948
218 17
218 469
218 513
218 515
219 34
220 25
220 213
220 245
220 259
220 269
220 402
220 455
220 529
220 665
220 952
221 292
221 838
223 2
223 362
223 640
223 832
223 834
224 9
224 43
224 73
224 76
224 128
224 144
224 170
224 525
224 577
225 107
225 256
225 273
226 88
226 644
226 736
227 29
227 786
228 0
228 1
228 155
228 267
228 270
228 283
228 622
228 657
228 666
228 792
229 1
229 63
229 80
229 642
230 21
230 692
230 804
230 840
231 366
231 912
232 48
232 145
232 193
232 338
232 834
233 184
234 24
234 96
234 129
234 801
235 645
236 140
236 362
236 942
237 0
238 49
238 336
238 528
238 642
238 680
239 148
239 893
240 662
241 316
241 882
242 132
242 591
242 868
243 108
243 516
244 1
244 802
245 392
246 257
247 260
248 581
249 4
249 47
250 278
250 320
250 643
251 808
252 93
252 515
253 2
254 178
255 524
256 5
256 20
256 36
256 72
256 90
256 160
256 256
256 384
256 391
256 480
256 557
256 577
256 649
256 695
256 708
256 713
256 803
256 865
256 920
257 32
257 48
257 57
257 68
257 98
257 206
257 235
257 262
257 320
257 345
257 365
257 366
257 433
257 578
257 779
258 5
258 48
258 70
258 128
258 166
258 300
258 384
258 389
258 404
258 544
258 565
258 653
258 712
259 37
259 52
259 415
259 535
259 610
259 656
260 2
260 48
260 290
260 545
260 812
261 18
261 54
261 101
261 260
261 299
261 421
261 561
261 786
261 830
261 955
261 965
262 68
262 69
262 285
262 484
262 672
263 1
263 72
263 265
263 322
263 582
264 36
264 128
264 264
264 268
264 360
264 387
264 534
264 640
264 792
264 808
264 1002
265 7
265 10
265 12
265 453
265 514
265 536
265 650
265 804
265 857
266 81
266 216
266 558
266 897
267 0
267 258
267 330
267 546
267 584
268 198
268 326
268 467
268 642
269 77
269 326
270 103
270 144
270 178
271 41
271 962
272 6
272 56
272 64
272 65
272 217
272 325
272 343
272 496
272 513
272 554
272 683
272 827
273 65
273 146
273 229
273 275
273 376
273 578
273 586
273 773
273 850
274 16
274 19
274 109
274 264
274 324
274 514
274 515
274 529
274 788
275 26
275 570
275 592
275 608
275 833
275 931
275 955
276 436
276 813
276 898
276 977
277 64
277 144
277 199
277 423
278 1
278 122
278 216
278 259
278 560
278 617
278 657
278 660
278 800
279 100
279 122
279 200
279 332
279 785
280 8
280 33
280 331
280 472
280 568
281 11
281 16
281 480
281 517
282 118
282 213
282 266
282 300
282 765
282 808
283 225
283 570
284 31
284 404
284 513
284 525
284 565
284 576
284 613
284 776
285 38
285 129
285 248
285 256
286 260
287 96
287 464
288 6
288 48
288 160
288 244
288 258
288 306
288 321
288 485
288 520
288 542
288 659
289 0
289 4
289 77
289 130
289 208
289 256
289 360
290 15
290 44
290 72
290 80
290 136
290 224
290 552
290 803
291 26
291 87
291 746
291 969
292 0
292 17
292 48
292 192
292 218
292 275
292 281
292 356
292 565
292 930
292 961
293 26
293 51
293 69
293 196
293 200
293 585
293 601
294 142
294 212
294 516
294 800
294 859
295 810
296 22
296 68
296 128
296 152
296 282
296 321
296 326
296 554
296 594
296 616
296 819
296 833
296 843
297 97
297 274
297 339
297 810
298 289
298 393
298 683
298 945
299 421
300 289
300 560
301 158
301 802
302 11
302 580
302 642
303 202
304 145
304 199
304 460
304 480
304 578
304 608
304 904
304 974
305 266
305 300
305 430
305 652
306 252
307 326
307 344
307 536
307 648
307 742
308 34
308 92
308 97
308 449
308 625
308 681
308 752
309 264
309 383
309 542
309 867
310 43
310 85
310 608
310 615
311 641
311 970
312 2
312 53
312 62
312 200
312 238
312 337
312 642
313 34
313 41
313 640
313 742
313 760
313 904
314 15
314 53
314 530
315 12
316 8
316 85
317 958
318 193
318 198
319 386
320 17
320 22
320 34
320 74
320 222
320 227
320 386
320 408
320 642
320 646
321 1
321 17
321 114
321 520
321 528
322 17
322 134
322 196
322 284
322 289
322 416
323 73
323 224
323 640
323 936
324 8
324 35
324 44
324 45
324 126
324 142
324 292
324 532
324 583
324 611
324 712
324 725
324 785
324 833
325 64
325 66
325 84
325 242
325 568
326 0
326 80
327 36
327 57
327 89
327 154
327 524
328 28
328 46
328 74
328 195
329 177
329 209
330 106
330 366
330 657
331 3
331 70
331 163
331 260
331 691
331 736
331 846
331 848
332 156
332 272
332 400
332 772
333 67
333 148
333 271
333 272
333 768
335 28
335 174
336 292
336 312
336 341
336 513
336 653
337 32
337 64
337 784
338 17
338 134
338 320
339 136
339 388
340 70
340 137
340 800
341 130
341 330
341 573
342 526
343 39
343 82
343 128
343 783
344 570
344 972
345 1
345 237
345 711
345 904
346 33
346 34
346 528
346 865
347 8
348 129
348 136
348 355
348 470
348 526
348 640
349 48
349 334
349 578
349 1012
350 1
351 301
352 2
352 12
352 216
352 226
352 264
352 292
352 306
352 752
352 856
352 958
353 136
353 849
354 64
354 148
354 577
354 673
355 276
355 856
356 8
356 112
356 138
356 387
356 411
356 640
357 20
357 49
357 57
357 64
357 117
358 32
358 464
358 532
359 2
359 358
359 470
359 592
360 89
360 1011
361 549
361 708
362 20
362 144
362 576
363 534
364 514
364 586
365 210
366 563
366 1000
367 12
367 282
367 484
368 2
368 68
368 134
368 169
368 197
368 272
368 513
368 771
368 965
369 504
369 896
370 0
370 252
370 586
372 196
372 522
372 576
372 642
374 804
376 132
376 516
376 565
376 570
376 928
376 998
377 646
378 0
378 25
378 132
378 826
379 512
379 548
380 32
380 152
380 355
381 38
381 278
381 674
382 72
384 8
384 326
384 512
384 550
384 586
384 725
384 784
385 42
385 298
385 484
386 55
386 129
386 154
386 504
386 561
386 641
386 877
387 74
387 672
388 162
388 272
388 363
388 369
389 166
389 196
389 233
389 385
390 84
390 137
390 265
390 855
392 17
392 25
392 27
392 41
392 128
392 152
392 294
392 546
392 581
392 595
392 627
392 784
392 815
392 920
393 32
393 197
393 408
393 792
394 26
394 39
394 65
394 87
394 128
394 352
394 717
395 600
396 9
396 112
396 146
396 192
396 555
396 592
396 836
397 1
397 45
397 331
397 515
397 943
398 2
398 56
398 168
398 207
398 538
399 266
399 907
400 12
400 64
400 132
400 136
400 137
400 265
400 577
400 584
400 726
400 776
400 884
401 69
401 262
401 322
401 516
401 522
401 596
401 640
402 323
402 516
403 32
404 2
404 321
404 515
404 576
404 848
405 8
405 80
405 313
405 392
407 6
407 37
407 90
408 44
408 65
408 164
408 320
409 262
409 865
410 210
410 278
410 320
411 133
411 432
412 4
412 160
412 938
414 512
415 672
416 2
416 193
416 260
416 545
416 777
416 907
417 57
417 304
417 802
417 805
418 8
418 132
418 196
418 408
419 8
419 32
419 196
419 661
419 704
420 9
420 80
420 259
420 277
421 558
421 770
421 864
422 368
422 492
422 600
422 747
422 776
422 918
423 35
423 202
423 459
424 48
424 385
424 657
424 833
424 858
425 215
425 264
425 567
425 640
426 99
426 195
426 305
427 20
427 147
427 199
427 272
427 304
428 136
428 368
428 572
428 686
430 549
431 573
432 12
432 45
432 130
432 418
432 586
432 705
433 20
433 529
434 360
435 534
436 16
436 354
436 768
437 183
438 863
440 228
440 595
440 664
441 502
441 570
442 151
443 704
443 872
444 2
444 729
444 745
445 880
446 364
447 136
448 17
448 18
448 40
448 132
448 168
448 194
448 263
448 283
448 460
448 658
449 37
449 41
449 65
449 202
449 544
449 741
449 831
449 961
450 138
450 488
450 556
450 600
450 769
451 533
452 28
452 34
452 171
452 265
452 675
452 774
452 905
453 0
453 13
453 84
455 329
455 652
456 144
456 272
456 294
456 320
456 336
456 466
456 590
456 700
456 738
456 1013
457 96
457 130
457 625
457 627
457 988
458 106
459 266
459 589
459 593
460 0
460 129
460 224
460 410
460 546
460 608
461 2
461 6
462 282
462 706
463 336
463 531
464 6
464 57
464 396
465 29
466 0
466 4
466 8
466 65
466 66
466 161
466 384
467 344
467 464
467 786
468 0
469 160
470 10
470 96
470 273
470 517
470 993
471 833
473 228
473 256
473 260
474 80
475 32
477 181
479 111
480 1
480 218
480 261
480 417
480 552
481 85
481 96
482 3
482 128
482 140
483 136
484 192
484 264
484 512
484 548
485 0
485 42
485 52
485 480
485 513
485 608
489 275
489 279
490 0
490 591
491 193
491 588
492 2
492 356
492 361
493 18
493 906
494 184
494 424
495 643
496 42
496 699
497 42
498 6
498 284
498 519
498 576
499 24
499 192
500 2
500 642
500 714
501 364
501 419
502 72
502 585
503 44
503 688
506 133
506 772
507 834
508 227
510 426
510 641
510 897
512 0
512 10
512 16
512 20
512 36
512 38
512 67
512 72
512 75
512 164
512 184
512 219
512 227
512 289
512 394
512 546
512 592
512 594
512 688
512 837
512 850
513 0
513 28
513 64
513 68
513 73
513 90
513 100
513 180
513 312
513 324
513 415
513 582
513 608
513 723
513 780
513 825
513 832
513 1001
514 4
514 9
514 49
514 130
514 166
514 341
514 448
514 522
514 797
514 808
514 809
515 6
515 79
515 368
515 514
516 17
516 58
516 106
516 120
516 129
516 147
516 178
516 224
516 240
516 320
516 337
516 442
516 608
516 821
516 841
517 14
517 36
517 68
517 528
517 884
518 36
518 48
518 60
518 132
518 176
518 356
518 585
518 733
518 785
519 0
519 24
519 92
519 184
519 259
519 376
519 513
519 576
519 864
520 0
520 4
520 16
520 50
520 77
520 130
520 150
520 162
520 176
520 361
520 512
520 544
520 580
520 645
520 649
520 684
520 728
520 834
521 11
521 13
521 33
521 44
521 103
521 193
521 610
522 184
522 220
522 336
522 582
522 584
522 786
522 842
523 16
523 136
523 259
523 289
523 664
524 41
524 42
524 48
524 163
524 260
524 748
524 901
525 81
525 256
525 268
525 705
526 1
526 281
527 64
528 1
528 5
528 137
528 144
528 256
528 297
528 387
528 816
529 66
529 67
529 75
529 100
529 384
529 680
529 740
529 770
530 40
530 64
530 92
530 129
530 144
530 321
530 396
530 549
530 553
530 587
530 710
531 4
531 5
531 288
531 821
532 396
532 653
532 679
533 164
534 2
534 69
534 129
534 265
534 344
534 746
534 896
535 134
535 403
535 640
536 0
536 64
536 256
536 456
536 610
536 624
537 3
537 618
538 9
538 170
538 276
538 338
538 512
538 640
539 4
539 749
540 76
540 541
540 720
540 848
542 69
542 925
543 504
544 10
544 11
544 21
544 52
544 130
544 296
544 455
544 502
544 562
544 594
544 768
544 825
545 32
545 65
545 97
545 112
545 591
545 634
546 0
546 1
546 8
546 57
546 74
546 129
546 540
546 769
546 832
547 136
547 291
547 401
547 548
547 818
548 11
548 70
548 97
548 100
548 109
548 226
548 678
548 921
549 160
549 201
549 275
549 456
549 464
549 552
549 668
549 786
550 104
551 18
551 345
552 6
552 18
552 70
552 129
552 177
552 183
552 184
552 191
552 265
552 352
552 360
552 448
552 514
552 880
552 1003
553 32
553 64
553 159
553 436
553 492
553 515
553 552
553 768
554 136
554 200
554 267
554 522
554 646
554 870
555 192
556 1
556 2
556 137
556 172
556 266
556 665
556 907
557 389
557 560
558 185
559 161
560 2
560 10
560 274
560 324
560 338
560 518
560 529
560 578
560 708
560 722
560 776
561 0
561 15
561 71
561 161
561 268
561 496
561 546
561 720
562 326
562 654
562 773
563 64
563 481
563 520
564 16
564 22
564 257
564 274
564 532
564 836
564 864
565 134
566 258
567 84
567 112
567 304
567 328
567 416
567 801
567 874
568 45
568 819
569 26
569 521
569 530
569 817
570 72
570 97
570 672
570 793
571 36
571 141
571 210
571 950
572 38
572 65
572 528
572 682
572 732
574 88
574 578
576 34
576 47
576 112
576 234
576 253
576 258
576 287
576 288
576 337
576 461
576 800
576 896
577 8
577 112
577 233
577 234
577 265
577 520
577 546
577 645
577 657
577 684
578 0
578 10
578 144
578 272
578 521
578 720
578 778
579 9
579 76
579 305
580 15
580 21
580 126
580 133
580 171
580 220
580 257
580 485
580 584
580 713
580 914
581 32
581 48
581 138
581 232
582 113
582 156
582 326
582 652
582 817
583 28
584 65
584 256
584 292
584 637
584 774
585 42
585 81
585 114
585 277
585 284
585 290
586 51
586 140
586 324
586 600
587 19
587 107
587 134
587 593
588 80
588 99
588 208
588 282
588 328
588 346
589 7
589 138
590 32
590 169
590 489
591 0
591 4
591 16
591 65
591 80
591 528
591 530
592 1
592 14
592 70
592 262
592 353
592 390
592 420
592 558
592 801
592 834
593 1
593 48
593 172
594 96
594 246
594 249
594 881
595 54
595 64
595 174
595 267
596 17
596 75
596 292
596 576
597 130
597 584
598 4
599 204
599 578
600 67
600 192
600 499
600 827
601 5
601 72
601 128
601 188
601 224
601 323
601 397
601 759
602 324
602 696
602 834
602 852
603 158
604 52
604 172
604 192
604 640
605 86
606 230
607 14
607 478
608 30
608 64
608 100
608 140
608 295
608 376
608 461
608 516
608 552
609 4
609 193
609 221
610 10
610 80
610 216
610 475
610 768
610 784
610 856
611 66
611 532
612 13
612 224
612 330
612 516
613 89
613 97
613 273
613 962
614 213
614 277
614 427
614 904
615 168
615 396
616 279
616 514
617 528
618 4
618 897
619 400
620 40
620 179
620 284
620 840
621 293
621 309
622 20
622 590
622 996
624 385
625 832
626 75
626 264
626 544
626 556
626 644
626 775
626 813
627 49
629 16
630 39
630 207
630 390
632 77
632 333
632 402
632 404
633 913
634 193
634 461
636 8
636 259
636 720
637 969
639 820
640 25
640 40
640 200
640 216
640 273
640 387
640 409
640 504
640 520
640 548
640 573
640 577
640 586
640 637
641 0
641 4
641 20
641 75
641 100
641 119
641 122
641 195
641 244
641 549
641 560
642 0
642 40
642 152
642 209
642 241
642 482
642 615
642 678
642 868
643 728
643 968
644 14
644 39
644 65
644 68
644 80
644 228
644 275
644 308
644 480
644 536
644 656
645 56
645 72
645 128
645 186
645 264
645 610
645 644
646 8
646 16
646 69
646 802
647 0
647 17
647 102
647 160
647 288
647 436
647 579
648 10
648 30
648 49
648 68
648 256
648 258
648 324
648 385
648 805
649 336
649 582
649 633
650 128
650 164
650 240
650 322
650 633
650 837
650 980
651 0
651 83
651 309
651 520
651 524
651 679
652 40
652 260
652 577
652 601
652 615
652 656
653 154
653 195
653 275
653 918
654 98
654 216
654 640
655 64
655 733
656 45
656 340
656 516
656 565
657 17
657 48
657 69
657 98
657 260
657 416
658 141
658 181
658 656
659 14
659 270
659 545
659 587
660 9
660 32
660 98
660 130
661 64
661 543
661 940
662 32
662 533
662 580
662 833
663 88
663 128
663 577
664 49
664 68
664 70
664 144
665 66
665 320
666 200
666 201
666 523
666 608
667 453
667 896
668 88
668 640
668 709
668 938
669 35
669 376
669 396
669 415
669 441
669 460
669 800
669 880
670 6
670 674
670 769
671 129
671 256
672 97
672 201
672 298
673 0
673 4
673 93
673 164
673 320
673 338
673 524
673 532
673 544
673 592
674 8
674 65
674 368
674 396
674 504
674 768
674 841
675 42
676 3
676 10
676 192
676 776
677 497
677 590
678 64
678 148
678 256
678 259
678 667
679 13
679 141
679 188
680 4
680 85
680 522
680 546
680 810
681 131
681 520
681 591
681 785
682 260
682 657
682 787
683 4
683 64
683 533
684 17
684 40
684 307
684 532
684 585
684 735
685 3
685 50
685 518
685 524
686 128
686 708
687 16
687 910
688 0
688 179
688 182
688 216
688 265
688 327
688 516
689 256
689 856
690 712
691 134
691 664
692 549
692 612
693 0
693 314
693 526
694 574
694 890
695 54
695 225
695 557
695 872
696 424
696 772
697 84
699 193
700 275
701 56
701 626
702 39
702 130
702 400
703 58
703 144
703 258
704 146
704 162
704 547
704 709
704 758
705 774
705 798
706 8
706 36
706 38
706 84
706 257
706 272
706 524
706 766
707 26
707 129
707 792
708 0
708 516
708 680
708 902
709 512
709 514
709 640
709 724
710 17
710 132
710 404
710 516
710 600
710 912
711 92
711 134
711 743
712 1
712 18
712 560
712 676
712 776
713 0
713 672
713 832
714 45
714 120
714 711
715 4
715 683
716 16
716 481
716 532
716 545
716 561
716 804
717 706
718 565
719 18
719 76
719 296
719 513
720 384
720 522
720 700
721 48
721 268
721 415
721 704
722 80
722 768
723 8
724 4
724 962
725 36
725 805
726 1
726 15
726 49
726 236
726 466
727 68
727 71
727 260
728 384
728 560
728 609
728 676
729 3
729 82
730 1
730 178
731 216
732 820
733 266
734 656
736 3
736 272
736 426
736 501
737 2
737 192
737 592
737 760
738 92
739 259
740 403
740 762
741 20
741 33
741 409
741 428
741 1019
742 1
742 4
742 132
744 360
745 1006
746 524
746 677
747 156
747 528
750 16
750 104
750 136
752 978
753 17
753 75
753 261
753 273
753 658
754 128
755 160
755 181
755 256
756 125
756 386
756 398
757 8
757 42
758 132
758 257
759 352
759 560
759 772
761 70
761 159
762 259
763 576
764 584
764 896
764 993
766 42
768 5
768 8
768 70
768 80
768 143
768 200
768 256
768 269
768 276
768 288
768 412
768 551
768 564
768 577
768 613
768 668
768 669
768 793
768 824
769 12
769 15
769 50
769 74
769 194
769 514
770 2
770 66
770 264
770 621
770 672
771 176
771 332
771 514
771 648
771 650
771 962
772 2
772 4
772 14
772 77
772 98
772 303
772 352
772 592
772 593
773 50
773 115
773 660
774 107
774 108
775 60
775 66
775 89
775 690
776 6
776 17
776 69
776 78
776 176
776 328
776 480
776 657
776 757
777 20
777 131
777 227
777 352
777 400
778 5
778 56
778 160
778 256
778 512
778 593
778 793
779 296
780 192
780 288
780 327
781 8
781 146
781 932
783 24
784 68
784 86
784 126
784 224
784 225
784 274
784 282
784 303
784 385
784 816
785 1
785 80
785 222
785 241
785 278
785 288
785 672
785 832
786 76
786 600
786 644
787 577
788 46
788 177
788 224
788 324
789 25
789 672
789 925
790 912
791 36
791 135
791 137
791 538
792 132
792 290
792 307
793 2
793 29
793 212
793 268
794 106
794 984
795 792
796 610
797 168
797 321
797 524
799 11
799 112
799 522
800 158
800 512
800 544
800 554
800 570
801 136
801 188
801 214
801 456
801 646
801 775
802 33
802 148
802 400
802 416
803 200
803 257
803 353
804 2
804 66
804 288
804 858
805 59
805 126
805 171
805 280
805 520
805 749
806 168
807 288
808 40
808 116
808 257
808 271
808 516
808 524
809 8
809 131
809 134
809 148
809 276
809 514
810 17
810 656
811 33
811 168
811 272
811 445
812 37
812 64
813 117
814 94
815 328
815 578
816 2
816 13
816 66
816 304
816 513
816 783
816 813
816 908
817 4
817 12
817 43
817 194
817 369
818 360
818 594
818 680
819 10
819 16
819 580
820 0
820 9
820 115
820 140
820 281
820 528
821 9
821 512
822 0
822 296
822 317
824 19
824 29
824 40
824 322
824 338
824 417
824 577
824 835
825 1002
826 144
826 548
826 884
827 21
828 550
828 594
829 228
829 779
830 994
831 0
831 552
832 1
832 12
832 116
832 265
832 308
832 388
832 430
832 617
832 790
832 980
833 4
833 80
833 281
833 576
833 579
834 16
834 19
834 32
834 40
834 900
835 1
835 53
835 91
835 517
835 700
835 772
836 24
836 208
836 326
836 409
836 560
836 616
836 769
837 0
837 515
838 263
838 536
839 259
839 325
839 551
840 129
840 155
840 261
840 648
840 768
841 66
841 260
841 532
842 59
842 152
842 269
842 425
842 552
842 768
842 929
843 68
843 120
844 64
844 130
844 346
845 201
845 384
845 540
846 104
848 26
848 550
848 724
850 73
850 327
850 432
851 38
851 276
852 106
852 120
852 290
852 552
852 779
853 1
853 81
853 547
853 714
854 8
855 1
855 129
855 136
856 4
856 160
856 492
856 564
856 577
856 906
857 69
857 234
857 544
858 748
859 329
859 884
861 31
863 668
864 1
864 516
864 778
864 788
865 208
866 1
866 2
866 32
866 256
866 480
866 523
866 529
866 645
866 796
868 0
868 32
868 146
868 168
868 194
869 5
869 200
870 101
871 154
871 162
871 291
871 398
871 860
872 221
872 453
873 23
874 8
874 48
874 54
874 672
875 5
875 36
875 50
877 79
877 515
877 852
877 900
878 390
879 192
880 224
880 702
881 152
881 640
881 828
883 162
883 386
883 421
883 809
885 771
886 768
886 851
888 2
888 257
889 1
889 180
891 677
892 296
892 640
893 32
895 196
896 118
896 128
896 130
896 154
896 330
896 641
897 67
897 68
897 95
897 777
898 3
898 62
898 269
898 384
898 447
898 640
898 656
898 824
898 903
898 934
899 15
899 121
900 29
900 161
900 337
900 432
901 17
901 128
901 587
902 2
902 304
902 308
903 23
903 132
903 260
903 856
904 432
904 533
905 745
905 761
906 534
907 82
907 96
908 49
908 116
908 245
908 250
908 392
909 18
910 38
910 261
910 552
911 593
911 692
912 9
912 41
912 49
912 64
912 65
912 132
912 780
913 292
913 552
913 642
914 3
914 80
914 128
914 140
914 160
914 256
914 322
914 427
914 868
916 80
916 174
916 204
916 261
917 130
917 279
917 320
918 386
918 576
919 401
920 0
920 8
920 14
920 372
920 601
920 840
922 70
922 334
924 67
924 528
925 674
926 546
926 656
926 900
928 290
928 625
930 2
930 556
930 717
930 792
931 52
931 72
931 800
932 13
932 124
932 295
934 16
934 647
934 833
935 10
935 312
935 848
936 258
936 736
937 0
937 32
937 201
937 602
938 24
938 228
938 259
938 581
938 876
939 1
939 4
940 199
940 437
940 709
941 118
941 153
941 512
942 3
942 264
943 256
943 833
944 7
944 76
945 17
945 33
946 0
946 328
947 35
947 657
949 534
950 256
950 258
950 515
951 168
951 370
952 501
953 14
953 165
953 205
953 259
954 140
954 200
954 418
955 340
956 66
956 976
960 125
960 400
960 524
960 649
960 672
961 68
961 133
961 424
961 656
962 129
962 336
962 545
963 28
963 193
964 123
964 536
964 576
964 597
965 297
965 834
966 177
968 518
969 296
969 560
969 692
971 275
972 209
973 33
976 2
976 15
976 222
976 301
977 48
977 384
977 612
978 17
978 83
978 192
979 4
979 63
980 190
980 520
980 915
981 41
981 514
982 465
984 107
984 291
984 798
985 80
985 313
986 9
987 68
987 132
988 161
988 811
990 2
990 964
992 2
992 546
992 578
993 8
993 353
993 417
994 771
995 60
995 801
996 264
996 554
996 770
998 279
999 782
1000 257
1000 384
1001 800
1003 609
1008 1
1008 232
1008 514
1008 801
1010 28
1010 410
1011 914
1012 8
1014 192
1016 58
1016 69
1016 640
1017 729
1017 792
1019 125
1019 611
1021 745
