# Synthetic Kronecker Graph 
# Edges are directed 
0 0
0 1
0 16
0 35
0 48
0 52
1 3
1 6
1 10
1 23
1 29
1 60
2 0
2 4
2 6
2 23
2 40
3 2
3 22
3 35
3 40
4 8
4 16
4 17
4 57
5 4
5 11
5 16
5 36
6 5
7 5
8 4
8 16
8 20
8 39
8 40
9 1
9 16
9 30
11 0
11 21
12 0
12 33
12 57
13 34
14 0
14 30
14 40
14 42
15 48
15 50
16 4
16 23
16 42
16 53
16 54
17 0
17 12
17 35
18 4
18 25
18 32
18 33
18 37
19 2
19 12
19 40
20 0
20 2
20 49
21 4
22 18
22 22
22 29
23 9
24 2
24 13
25 17
26 0
26 34
26 44
27 9
28 49
30 2
32 9
32 12
32 13
32 18
32 30
32 32
33 0
33 1
33 6
34 1
34 30
35 8
35 36
35 58
36 8
36 60
37 19
38 41
39 0
39 10
40 1
40 20
41 0
41 12
42 0
42 1
42 8
42 45
42 60
44 2
44 20
45 0
45 30
46 37
48 0
48 2
48 8
48 12
50 10
50 11
50 19
50 21
52 2
52 32
53 0
53 2
53 50
54 9
54 13
55 16
56 32
56 41
57 0
60 0
62 37
62 50
