# Synthetic Kronecker Graph 
# Edges are directed 
0 1
0 5
0 8
0 13
0 16
0 24
0 39
0 40
0 44
0 45
1 16
1 39
2 4
2 16
2 19
2 50
3 0
3 3
3 13
3 15
3 60
4 0
4 18
4 28
5 20
6 8
6 16
6 20
6 33
6 53
7 24
7 36
7 43
8 6
8 36
8 41
9 11
9 36
10 0
10 9
11 18
11 57
12 32
12 34
12 35
13 5
13 28
14 24
14 32
15 0
15 6
16 1
16 19
16 40
17 32
18 0
18 9
18 10
18 16
18 36
18 56
19 0
19 48
20 9
20 12
20 18
20 33
20 42
21 3
21 11
21 12
23 21
24 15
24 32
24 44
24 48
24 50
25 6
25 60
26 2
26 8
27 3
27 35
28 2
28 26
29 5
29 17
29 25
31 3
31 18
32 20
32 32
32 42
32 46
32 57
33 8
33 20
33 34
34 30
34 41
35 0
36 0
36 6
36 10
36 36
37 16
38 0
38 1
38 37
39 32
39 45
40 2
40 3
40 17
40 32
40 34
41 4
41 32
41 48
43 5
43 6
43 8
43 11
43 17
44 8
44 32
45 8
46 1
48 19
48 24
49 0
49 48
50 0
50 5
51 8
52 22
53 14
53 27
53 48
56 8
56 9
56 12
56 15
57 0
58 2
58 20
59 19
63 0
