# Synthetic Kronecker Graph 
# Edges are directed 
0 9
0 13
0 37
0 90
0 96
0 113
0 130
0 144
0 186
0 203
0 233
0 290
0 400
0 444
0 482
0 496
0 535
0 542
0 548
0 580
0 623
0 688
0 707
0 796
0 868
0 903
0 992
0 1024
0 1031
0 1048
0 1057
0 1131
0 1172
0 1240
0 1411
0 1546
0 1610
0 1766
0 1932
1 2
1 28
1 64
1 92
1 106
1 133
1 146
1 176
1 205
1 514
1 532
1 713
1 714
1 833
1 877
1 879
1 965
1 968
1 1112
1 1248
1 1286
1 1344
1 1433
1 1666
1 1844
2 0
2 64
2 65
2 102
2 139
2 213
2 356
2 469
2 470
2 598
2 600
2 900
2 1044
2 1048
2 1188
2 1234
2 1250
2 1256
2 1352
2 1408
2 1424
2 1497
2 1637
3 7
3 8
3 13
3 226
3 365
3 387
3 536
3 932
3 961
3 1036
3 1040
3 1163
3 1209
3 1409
3 1424
3 1543
3 1864
4 8
4 17
4 40
4 44
4 74
4 130
4 196
4 228
4 268
4 359
4 426
4 837
4 1024
4 1232
4 1328
4 1330
4 1604
4 1753
5 0
5 80
5 132
5 569
5 608
5 656
5 708
5 736
5 794
5 1096
5 1111
5 1193
5 1442
5 1536
5 1544
5 1682
5 1754
5 1813
5 1940
6 1
6 4
6 182
6 257
6 324
6 354
6 384
6 514
6 519
6 552
6 579
6 658
6 689
6 720
6 736
6 920
6 1445
6 1456
7 28
7 160
7 200
7 384
7 401
7 464
7 545
7 549
7 649
7 707
7 713
7 910
7 918
7 976
7 1538
7 1710
7 1712
7 1824
7 1832
8 3
8 8
8 10
8 39
8 50
8 194
8 213
8 228
8 240
8 264
8 281
8 292
8 300
8 629
8 768
8 1027
9 1
9 18
9 28
9 130
9 134
9 289
9 316
9 344
9 640
9 819
9 1034
9 1081
9 1286
9 1394
9 1548
9 1576
10 24
10 52
10 64
10 129
10 144
10 200
10 682
10 776
10 805
10 932
10 1058
10 1067
10 1142
10 1311
10 1421
10 1538
10 1554
10 1756
11 203
11 355
11 520
11 646
11 1625
11 1810
11 1818
12 4
12 92
12 136
12 148
12 160
12 256
12 301
12 392
12 576
12 644
12 737
12 761
12 770
12 873
12 1028
12 1160
12 1538
12 1792
12 1810
12 1992
13 24
13 71
13 72
13 109
13 113
13 133
13 265
13 285
13 292
13 544
13 801
13 1184
13 1225
13 1408
14 4
14 66
14 81
14 145
14 193
14 516
14 901
14 1847
15 156
15 260
15 834
15 926
15 1094
15 1736
15 1797
16 0
16 2
16 41
16 47
16 56
16 144
16 148
16 149
16 154
16 181
16 193
16 295
16 301
16 308
16 325
16 384
16 448
16 449
16 545
16 576
16 640
16 681
16 780
16 851
16 880
16 1026
16 1061
16 1067
16 1075
16 1089
16 1314
16 1334
16 1573
16 1593
16 1636
17 2
17 20
17 32
17 49
17 66
17 89
17 132
17 142
17 270
17 320
17 325
17 337
17 386
17 402
17 444
17 488
17 499
17 512
17 544
17 1034
17 1057
17 1088
17 1520
17 1572
17 1624
17 2020
18 37
18 109
18 130
18 194
18 224
18 369
18 608
18 1122
18 1776
19 1
19 5
19 8
19 24
19 52
19 134
19 224
19 320
19 513
19 514
19 803
19 832
19 1034
19 1057
19 1409
19 1540
19 1544
20 2
20 6
20 11
20 40
20 108
20 113
20 200
20 272
20 332
20 404
20 688
20 846
20 1041
20 1098
20 1153
20 1185
20 1194
20 1528
20 1818
20 2036
21 49
21 314
21 502
21 513
21 526
21 626
21 756
21 803
21 850
22 93
22 96
22 139
22 322
22 515
22 1161
23 57
23 137
23 584
23 587
23 768
23 1028
23 1044
23 1090
23 1652
24 1
24 18
24 60
24 110
24 232
24 274
24 286
24 296
24 480
24 562
24 609
24 974
24 1072
24 1219
24 1410
24 1538
24 1848
25 132
25 179
25 333
25 420
25 462
25 640
25 643
25 725
25 1040
25 1540
25 1568
25 1702
26 23
26 38
26 292
26 322
26 420
26 548
26 760
26 770
26 1121
26 1313
26 1624
26 1952
27 144
27 269
27 434
27 530
27 1536
27 1665
27 2017
28 62
28 96
28 131
28 148
28 206
28 232
28 1032
28 1063
28 1180
28 1248
28 1411
28 1435
28 1487
28 1667
29 0
29 177
29 312
29 565
29 724
29 1030
29 1317
29 1553
29 1568
30 130
30 628
31 13
31 850
31 1186
31 1537
32 0
32 1
32 38
32 44
32 47
32 64
32 90
32 134
32 172
32 256
32 305
32 307
32 449
32 512
32 518
32 726
32 810
32 824
32 900
32 1026
32 1058
32 1128
32 1160
32 1169
32 1292
32 1296
32 1546
32 1552
32 1698
32 1828
33 11
33 17
33 20
33 72
33 107
33 296
33 563
33 657
33 659
33 1040
33 1060
34 2
34 40
34 148
34 166
34 193
34 272
34 330
34 410
34 516
34 523
34 906
34 1039
34 1060
34 1152
34 1218
34 1411
34 1579
34 1621
34 1796
35 130
35 448
35 800
35 1062
35 1122
35 1250
35 1667
36 5
36 330
36 587
36 688
36 1025
36 1096
36 1154
36 1186
36 1198
36 1616
37 73
37 83
37 268
37 673
37 861
37 1194
37 1568
37 1573
37 1729
37 1746
38 80
38 200
38 284
38 524
38 1025
38 1480
39 73
39 74
39 98
39 405
39 520
39 580
39 642
39 672
39 786
39 904
40 8
40 19
40 64
40 81
40 194
40 203
40 320
40 372
40 417
40 649
40 704
40 819
40 1285
40 1545
41 68
41 104
41 114
41 153
41 204
41 241
41 322
41 348
41 609
41 768
41 917
41 1136
41 1377
42 128
42 184
42 261
42 262
42 290
42 515
42 769
42 1012
42 1154
42 1192
42 1443
43 256
43 422
43 700
43 1026
43 1061
43 1123
43 1189
43 1720
44 6
44 20
44 48
44 81
44 96
44 246
44 256
44 672
44 678
44 1134
44 1243
44 1248
44 1465
44 1472
45 44
45 514
45 1096
45 1153
45 1356
46 193
46 578
46 1298
46 1555
46 1938
47 30
47 158
47 194
48 0
48 19
48 51
48 74
48 106
48 484
48 568
48 612
48 652
48 784
48 818
48 825
48 1092
48 1094
48 1153
48 1162
48 1166
48 1192
48 1288
48 1558
48 1560
49 147
49 149
49 624
49 726
49 1416
50 9
50 11
50 1246
50 1472
50 1553
50 1748
51 65
51 391
51 1042
51 1106
51 1200
51 1296
51 1442
51 1522
51 1539
52 128
52 158
52 229
52 264
52 289
52 512
52 518
52 816
52 1081
52 1419
52 1801
53 53
53 86
53 409
53 965
53 1088
53 1827
54 389
54 513
54 514
54 917
54 1088
54 1333
54 1717
55 0
55 65
55 1065
55 1298
56 2
56 37
56 144
56 213
56 224
56 585
56 845
56 1024
56 1419
56 1680
56 1814
57 34
57 145
57 276
57 544
57 1026
57 1168
57 1802
58 40
58 266
58 513
59 98
59 256
59 512
59 1088
59 1219
60 0
60 420
60 780
61 32
61 65
61 676
61 698
61 721
61 1200
61 1796
61 1921
61 1929
62 742
62 1042
62 1105
62 1859
62 1980
63 1029
63 1201
64 6
64 24
64 43
64 110
64 116
64 138
64 147
64 149
64 189
64 201
64 248
64 305
64 616
64 624
64 653
64 671
64 705
64 741
64 770
64 841
64 1058
64 1104
64 1216
64 1284
64 1349
64 1357
64 1714
64 1829
64 2022
65 25
65 68
65 128
65 148
65 177
65 193
65 357
65 534
65 668
65 896
65 1159
65 1398
65 1698
65 1846
66 10
66 24
66 73
66 106
66 365
66 413
66 556
66 577
66 624
66 784
66 835
66 1685
67 7
67 12
67 77
67 112
67 192
67 345
67 416
67 458
67 514
67 1172
67 1269
67 1877
68 0
68 3
68 63
68 392
68 513
68 524
68 550
68 1024
68 1025
68 1128
68 1268
68 1292
68 1635
68 1924
69 14
69 16
69 29
69 61
69 64
69 68
69 100
69 400
69 473
69 545
69 921
69 1059
69 1117
69 1401
69 1744
69 1970
70 8
70 273
70 1108
70 1168
70 1509
70 1555
70 1689
71 74
71 216
71 328
71 530
71 608
71 772
71 865
72 16
72 21
72 45
72 66
72 112
72 130
72 242
72 257
72 259
72 329
72 334
72 423
72 442
72 450
72 540
72 704
72 744
72 795
72 1019
72 1061
72 1121
72 1442
72 1544
72 1597
72 1677
72 1998
73 1
73 8
73 12
73 16
73 138
73 517
73 608
73 636
73 1638
73 1664
73 1712
74 25
74 48
74 106
74 545
74 596
74 672
74 676
74 800
74 834
74 871
74 1049
74 1094
74 1172
74 1937
75 10
75 34
75 52
75 67
75 243
75 292
75 354
75 512
75 529
75 861
75 915
75 974
75 1160
75 1178
75 1732
75 1778
75 1804
75 1836
76 2
76 4
76 145
76 258
76 288
76 429
76 432
76 915
76 1181
76 1347
76 1586
76 1713
77 104
77 164
77 684
77 1025
77 1042
77 1061
77 1088
77 1541
77 1700
78 0
78 32
78 48
78 353
78 904
78 1538
79 167
79 965
79 1579
80 0
80 8
80 134
80 270
80 328
80 1058
80 1101
80 1385
80 1388
80 1581
80 1768
80 1864
80 1921
81 1
81 117
81 130
81 196
81 264
81 300
81 368
81 449
81 549
81 554
81 1030
81 1084
81 1088
81 1159
81 1168
81 1542
81 1588
82 13
82 33
82 192
82 512
82 519
82 872
82 1080
82 1170
82 1578
82 1642
83 302
83 392
83 432
83 641
83 1950
84 64
84 119
84 143
84 528
84 816
84 1354
84 1752
85 185
85 266
85 307
85 624
85 1086
85 1619
86 25
86 38
86 288
86 409
86 669
86 740
86 772
86 1026
86 1637
87 482
87 1602
88 36
88 288
88 328
88 529
88 546
88 622
88 772
88 1285
88 1589
89 64
89 209
89 977
89 1042
89 1416
89 1520
89 1860
90 8
90 32
90 152
90 578
90 689
90 969
90 1316
91 65
91 785
92 148
92 1317
92 1328
92 1378
92 1588
93 73
93 128
93 194
93 240
93 1027
93 1560
94 39
94 412
94 1038
95 418
96 2
96 24
96 36
96 76
96 104
96 123
96 156
96 256
96 408
96 416
96 577
96 666
96 1068
96 1414
96 1441
96 1488
96 1553
96 1565
96 1601
96 1616
96 1808
96 1951
97 80
97 198
97 224
97 520
97 642
97 688
97 700
97 849
97 1042
97 1171
97 1414
97 1740
97 1860
97 1990
98 1028
98 1153
98 1309
98 1338
98 1682
99 42
99 50
99 330
99 516
99 792
99 920
99 1672
99 1681
100 4
100 178
100 256
100 384
100 394
100 401
100 562
100 580
100 604
100 641
100 770
100 801
100 1025
100 1040
100 1415
100 1700
101 32
101 68
101 89
101 129
101 272
101 290
101 488
101 1029
101 1056
101 1173
101 1765
102 224
102 576
102 1319
102 1527
103 165
103 288
103 448
103 1410
104 9
104 71
104 150
104 281
104 328
104 398
104 521
104 816
104 916
104 1220
104 1336
104 1345
104 1426
104 1664
104 1808
105 65
105 128
105 257
105 276
105 330
105 530
105 768
105 794
105 846
105 1070
105 1477
105 1480
106 64
106 67
106 432
106 858
106 946
106 1058
106 1120
106 1312
107 1550
108 169
108 195
108 290
108 514
108 646
108 1040
108 1048
108 1332
108 1492
109 785
109 925
109 930
109 1093
109 1353
110 17
110 64
110 81
110 257
110 310
110 321
110 418
110 736
110 898
110 1505
111 90
111 413
111 501
111 1088
111 1657
112 265
112 588
112 660
112 714
112 1088
112 1108
112 1213
112 1312
113 7
113 16
113 38
113 56
113 68
113 136
113 1058
113 1250
113 1384
114 31
114 101
114 136
114 192
114 818
114 1208
114 1471
114 1490
115 768
115 1616
115 1726
116 47
116 524
116 1308
116 1348
116 1536
116 1690
117 170
118 256
118 305
118 517
118 530
118 729
118 1538
118 1545
119 160
119 193
119 1484
120 1
120 33
120 304
120 720
120 1180
120 1184
120 1344
120 1688
120 1732
121 226
121 393
121 658
121 816
121 1373
121 1619
122 83
122 156
122 162
122 449
122 1056
122 1216
122 1902
123 198
123 256
123 321
123 1030
123 1412
124 65
124 93
124 324
124 513
124 526
124 832
124 900
124 1170
124 1480
125 150
125 1664
127 16
127 32
127 545
127 1241
128 27
128 32
128 42
128 79
128 94
128 104
128 124
128 126
128 144
128 520
128 579
128 796
128 819
128 1034
128 1280
128 1416
128 1536
128 1645
128 1793
128 1920
129 3
129 4
129 12
129 65
129 358
129 396
129 970
129 1024
129 1025
129 1059
129 1557
129 1632
129 1706
129 1792
130 2
130 37
130 130
130 146
130 196
130 300
130 384
130 579
130 791
130 800
130 960
130 1026
130 1042
130 1060
130 1077
130 1235
130 1717
130 1795
130 1872
131 17
131 30
131 64
131 130
131 400
131 547
131 592
131 1304
131 1424
132 2
132 50
132 154
132 195
132 253
132 257
132 384
132 405
132 456
132 564
132 574
132 642
132 768
132 841
132 865
132 1088
132 1285
132 1313
132 1537
132 1554
132 2002
133 35
133 150
133 294
133 646
133 660
134 136
134 544
134 1029
134 1309
134 1976
135 10
135 98
135 207
135 376
135 859
135 1156
135 1538
135 1728
135 1734
135 1826
135 1945
136 38
136 68
136 97
136 105
136 142
136 264
136 652
136 660
136 768
136 1025
136 1058
136 1425
136 1600
137 192
137 418
137 537
137 576
137 676
137 716
137 1026
137 1288
137 1649
137 1796
137 2010
138 97
138 181
138 552
138 644
138 1165
138 1386
138 1821
139 256
139 1152
139 1292
139 1555
139 1610
140 32
140 163
140 264
140 594
140 692
140 736
140 777
140 1269
140 1621
141 4
141 22
141 38
141 204
141 369
141 1026
141 1608
142 14
142 200
142 992
142 1191
142 1200
142 1584
143 106
143 328
143 418
143 532
143 692
143 705
144 33
144 81
144 84
144 194
144 196
144 290
144 581
144 649
144 776
144 789
144 1008
144 1112
144 1286
144 1288
144 1376
144 1383
144 1446
144 1568
144 1670
144 1931
145 26
145 40
145 169
145 274
145 556
145 770
145 894
145 1025
145 1312
145 1576
146 12
146 124
146 156
146 864
146 1044
146 1155
146 1228
146 1930
146 1939
147 139
147 320
147 352
147 554
147 1160
148 32
148 108
148 228
148 291
148 770
148 1074
148 1413
148 1537
148 1729
148 1737
149 0
149 149
149 832
149 1218
149 1538
149 1597
149 1745
150 32
150 48
150 400
150 1029
150 1108
150 1732
150 1837
151 19
151 64
151 128
151 193
151 360
151 536
151 1984
152 136
152 244
152 260
152 303
152 346
152 372
152 645
152 1061
152 1123
152 1677
153 201
153 230
153 386
153 485
153 769
153 835
153 1218
153 1800
153 1936
154 4
154 66
154 256
154 384
154 676
154 902
154 1440
154 1548
154 1553
154 1793
155 80
155 161
155 1036
155 1097
156 33
156 36
156 522
156 579
156 1026
156 1188
156 1286
156 1445
157 1024
157 1045
157 1098
157 1155
157 1600
157 2017
158 43
158 288
158 305
158 1792
159 7
159 452
159 1056
159 1440
159 1516
160 32
160 76
160 201
160 356
160 532
160 770
160 800
160 1025
160 1065
160 1120
160 1122
160 1275
160 1299
160 1545
160 1620
160 1730
161 0
161 21
161 24
161 40
161 48
161 534
161 791
161 1173
161 1943
162 8
162 260
162 309
162 553
162 560
162 792
163 33
163 176
163 259
163 1137
163 1857
163 1981
164 5
164 33
164 88
164 144
164 225
164 324
164 633
164 1557
164 1815
165 7
165 72
165 203
165 263
165 932
165 1026
165 1055
165 1478
165 1832
166 4
166 56
166 262
166 1324
167 1296
168 4
168 104
168 130
168 565
168 642
168 810
168 1344
169 199
169 460
169 481
169 529
169 550
169 612
169 1026
169 1207
169 1347
170 140
170 213
170 308
170 329
170 448
171 96
171 138
171 997
171 1068
171 1512
172 64
172 217
172 290
173 2
173 18
173 55
173 193
173 264
173 1617
174 4
174 44
174 168
174 434
174 650
174 1440
175 1856
176 0
176 2
176 44
176 64
176 768
176 786
176 1040
176 1104
176 1234
177 68
177 142
177 153
177 544
177 770
177 1024
177 1118
177 1354
177 1952
178 22
178 130
178 736
178 737
178 1368
179 69
179 336
179 521
180 30
180 35
180 97
180 134
180 216
180 328
180 544
180 608
180 1266
181 334
181 641
181 1037
181 1171
182 169
182 276
182 601
182 642
182 1043
182 1541
183 425
183 1059
183 1768
184 2
184 56
184 105
184 578
185 259
185 540
185 678
185 1026
185 1102
185 1412
185 1719
185 1748
186 801
186 1161
186 1317
186 1484
187 74
188 128
188 576
188 1130
188 1135
188 1376
188 1553
188 1568
190 104
190 1600
190 1759
191 313
192 2
192 65
192 71
192 512
192 573
192 899
192 1032
192 1369
192 1420
192 1541
192 1925
193 44
193 273
193 326
193 378
193 515
193 528
193 687
193 784
193 1028
193 1029
193 1281
193 1658
193 1810
194 0
194 8
194 15
194 36
194 344
194 1024
194 1824
194 2007
195 96
195 301
195 656
195 682
195 783
195 1032
195 1142
195 1155
195 1682
196 164
196 282
196 327
196 365
196 416
196 512
196 664
196 1089
196 1604
196 2000
197 64
197 204
198 522
198 674
198 680
198 1777
198 1812
199 45
199 530
199 545
199 568
199 1282
200 59
200 68
200 256
200 274
200 513
200 545
200 1203
200 1216
200 1808
200 1986
201 37
201 68
201 143
201 372
201 905
201 1098
201 1232
201 1289
201 1409
201 1604
201 1686
201 1960
202 275
202 341
202 576
203 164
203 276
203 1100
203 1220
203 1444
204 42
204 83
204 256
204 354
204 658
204 1102
204 1152
204 1281
205 11
205 386
205 512
205 1032
205 1044
206 681
206 904
208 6
208 20
208 284
208 368
208 392
208 781
208 1046
208 1302
208 1521
208 1673
209 0
209 134
209 277
209 435
209 550
209 609
209 1031
209 1543
210 196
210 517
210 554
210 558
210 672
210 793
211 945
211 1298
211 1539
211 1760
212 242
212 401
212 818
212 947
212 1280
213 30
213 568
213 712
213 1199
213 1586
214 290
214 707
214 1538
214 1824
215 107
215 148
215 641
215 1027
215 1070
215 1072
215 1410
215 1634
216 270
216 341
216 667
216 1134
216 1201
216 1539
217 2
217 16
217 558
217 632
217 900
217 1138
217 1354
217 1799
218 17
218 741
218 1738
219 210
219 1602
220 140
220 816
221 4
221 60
221 66
221 868
222 1541
224 49
224 364
224 574
224 640
224 651
224 904
224 1050
224 1093
224 1296
224 1423
225 64
225 151
225 277
225 681
225 770
225 928
225 1104
225 1188
225 1213
225 1292
225 1408
225 1544
226 839
226 1036
226 1080
226 1683
226 1759
226 1953
227 102
227 336
227 1384
227 1867
227 1912
228 26
228 128
228 915
229 34
229 81
229 530
229 604
229 768
229 1345
229 1575
230 67
230 340
230 896
230 1026
230 1027
230 1281
231 137
231 304
231 360
231 848
231 1156
231 1798
232 3
232 21
232 210
232 260
232 389
232 468
232 500
232 548
232 641
232 658
232 1139
232 1216
232 1284
233 1041
233 1537
234 590
235 38
236 12
236 1040
236 1707
237 512
238 0
238 512
238 522
239 874
239 1029
240 256
240 268
240 554
240 1047
240 1312
240 1346
241 14
241 146
241 337
241 768
241 1615
242 296
242 532
242 774
242 1611
242 1828
243 1346
244 130
244 482
244 552
244 817
244 1432
244 1536
244 1541
245 178
245 344
245 1209
246 265
246 1027
246 1057
247 1024
248 17
248 69
248 293
248 547
248 576
248 736
248 1345
248 1386
248 1545
249 315
249 1317
249 1722
250 202
250 346
251 1
251 569
251 1280
251 1569
252 538
252 609
252 1065
253 40
255 1310
255 1422
256 0
256 4
256 34
256 68
256 85
256 106
256 176
256 418
256 528
256 533
256 545
256 808
256 946
256 1056
256 1064
256 1160
256 1222
256 1327
256 1354
256 1391
256 1556
256 1635
256 1700
256 1736
257 99
257 130
257 237
257 248
257 264
257 454
257 512
257 531
257 648
257 696
257 779
257 846
257 899
257 1024
257 1030
257 1042
257 1050
257 1168
257 1169
257 1240
257 1284
257 1305
257 1312
257 1380
257 1484
257 1548
257 1557
257 1730
257 1840
258 4
258 95
258 225
258 260
258 457
258 554
258 571
258 600
258 664
258 802
258 873
258 1120
258 1144
258 1180
258 1281
258 1283
258 1304
258 1306
258 1576
258 1761
258 1788
258 1973
259 1
259 22
259 128
259 168
259 226
259 320
259 790
259 1160
259 1285
259 1591
260 48
260 75
260 145
260 154
260 287
260 332
260 368
260 393
260 465
260 521
260 576
260 674
260 684
260 768
260 1048
260 1099
260 1120
260 1989
260 2008
261 0
261 12
261 57
261 262
261 389
261 594
261 901
261 993
261 1228
261 1384
262 20
262 36
262 551
262 600
262 648
262 720
262 1104
262 1817
262 1928
263 32
263 74
263 193
263 384
263 560
263 589
263 641
263 1056
263 1081
263 1216
263 1346
263 1546
263 1668
264 0
264 4
264 30
264 116
264 429
264 442
264 515
264 522
264 578
264 647
264 1012
264 1040
264 1164
264 1793
265 12
265 34
265 170
265 936
265 1044
265 1120
265 1124
265 1825
266 129
266 210
266 292
266 344
266 371
266 384
266 456
266 547
266 559
266 660
266 773
266 788
266 1280
266 1378
266 1548
266 1760
266 1778
267 32
267 83
267 804
267 866
267 974
267 1030
267 1120
267 1478
267 1796
267 1953
268 0
268 10
268 257
268 363
268 620
268 791
268 1026
268 1080
268 1288
268 1632
268 1665
269 12
269 518
269 741
269 1046
269 1187
269 1859
270 170
270 252
270 566
270 721
270 804
270 1200
271 18
271 33
271 40
271 219
271 688
272 48
272 80
272 208
272 256
272 358
272 361
272 403
272 412
272 418
272 674
272 784
272 789
272 808
272 1152
272 1166
272 1168
272 1207
272 1364
272 1427
272 1608
272 1803
273 195
273 304
273 309
273 445
273 512
273 608
273 688
273 1232
273 1543
273 1630
273 1820
273 2000
274 0
274 12
274 134
274 136
274 142
274 154
274 1191
274 1541
274 1599
275 136
275 524
275 583
275 1025
275 1178
275 1305
275 1854
275 2001
275 2036
276 1
276 13
276 23
276 58
276 108
276 162
276 369
276 512
276 528
276 581
276 768
276 800
276 1641
276 1781
277 4
277 15
277 20
277 21
277 48
277 67
277 76
277 194
277 237
277 396
277 541
277 608
277 620
277 904
277 969
277 1188
277 1377
278 97
278 144
278 271
278 276
278 778
278 1028
278 1089
278 1868
278 1922
279 4
280 10
280 25
280 147
280 384
280 600
280 1045
280 1360
280 1580
281 32
281 161
281 369
281 528
281 1145
281 1172
282 72
282 514
282 1577
283 582
283 912
284 6
284 1222
285 55
285 227
285 773
285 1701
286 74
286 178
286 259
286 288
286 289
286 1396
287 82
287 1129
287 1717
288 1
288 6
288 8
288 126
288 196
288 209
288 267
288 330
288 532
288 875
288 905
288 932
288 1033
288 1130
288 1218
288 1222
288 1666
289 1
289 7
289 64
289 68
289 144
289 190
289 246
289 418
289 683
289 906
289 1026
289 1097
289 1118
289 1292
289 1353
289 1568
290 0
290 30
290 32
290 82
290 147
290 172
290 194
290 257
290 323
290 945
290 1065
290 1110
290 1140
290 1452
290 1644
291 62
291 645
291 1920
292 2
292 73
292 84
292 459
292 586
292 785
292 816
292 824
292 1025
292 1157
292 1553
292 1573
292 1585
292 1761
293 99
293 260
293 1164
293 1621
294 118
294 129
294 674
294 856
294 1041
294 1548
294 1605
295 1264
296 37
296 386
296 423
296 474
296 656
296 728
296 912
296 1069
296 1157
296 1158
296 1282
296 1374
296 1639
297 22
297 75
297 563
297 730
297 1664
297 1724
298 81
298 99
298 219
298 260
298 936
298 1280
298 1420
299 56
299 80
299 274
299 571
299 1093
300 460
300 722
300 898
300 1286
301 48
301 81
301 225
301 939
301 1760
302 2
302 216
302 425
302 912
302 1124
303 1410
304 6
304 33
304 96
304 128
304 256
304 329
304 384
304 660
304 725
304 998
304 1283
304 1754
304 1861
305 114
305 406
305 429
305 664
305 1892
306 290
306 519
306 536
306 809
307 103
307 586
307 1325
308 20
308 40
308 130
308 166
308 193
308 281
308 514
308 691
308 1042
308 1526
309 8
309 36
309 168
309 806
309 1163
309 1197
309 1355
309 1713
310 45
310 66
310 515
310 872
310 1030
310 1352
310 1666
311 9
311 330
311 598
311 1160
311 1170
312 0
312 1
312 178
312 200
312 534
312 559
312 1047
312 1200
312 1528
313 248
313 512
313 673
313 1056
313 1284
313 1402
314 32
314 161
315 162
315 1540
316 1
316 520
316 1136
316 1403
317 2
317 802
318 80
318 491
318 589
319 80
319 576
319 1552
320 18
320 20
320 23
320 128
320 142
320 156
320 163
320 206
320 259
320 280
320 422
320 482
320 520
320 524
320 580
320 676
320 768
320 1062
320 1172
320 1175
320 1312
320 1315
320 1600
320 1601
320 1612
320 1653
321 1
321 32
321 59
321 155
321 176
321 769
321 788
321 816
321 967
321 1120
322 20
322 64
322 89
322 174
322 1040
322 1046
322 1443
322 1612
323 4
323 96
323 224
323 240
323 257
323 408
323 552
323 776
323 827
323 1283
324 58
324 88
324 256
324 416
324 516
324 1473
325 35
325 258
325 264
325 276
325 297
325 653
325 1182
325 1454
326 10
326 16
326 1025
326 1110
326 1794
326 1856
327 539
327 542
327 1540
328 1
328 23
328 49
328 267
328 536
328 666
328 704
328 921
328 1160
328 1370
328 1566
328 1828
329 4
329 37
329 544
329 776
329 1342
330 17
330 37
330 40
330 294
330 356
330 700
330 744
330 1024
330 1096
330 1123
330 1595
330 1826
331 20
331 530
331 583
331 641
331 1350
331 1836
331 1961
332 178
332 398
332 499
332 537
332 1050
332 1125
332 1590
333 424
333 1154
333 1544
333 1707
334 91
334 497
334 654
334 866
334 1065
335 33
335 257
336 24
336 29
336 34
336 132
336 178
336 273
336 390
336 515
336 534
336 788
336 832
336 1057
336 1110
336 1124
337 65
337 369
337 392
337 419
337 520
337 552
337 562
337 1056
337 1345
337 1409
337 1488
338 77
338 142
338 161
338 536
338 740
338 801
338 1113
339 48
339 213
339 929
339 1089
339 1846
340 320
340 324
340 606
340 698
340 706
340 1055
340 1154
340 1168
340 1214
340 1800
340 1952
341 41
341 104
341 131
341 218
341 545
341 1170
341 1313
341 1793
342 9
342 712
342 1152
342 1154
342 1185
342 1216
342 1680
343 1960
344 8
344 128
344 258
344 356
344 640
344 1026
344 1035
344 1340
345 89
345 776
345 1168
345 1251
346 46
346 48
346 71
346 688
346 1026
346 1066
347 8
348 25
348 517
348 849
348 1317
349 348
349 752
349 928
349 1793
349 1808
350 257
350 320
350 737
351 20
351 338
351 1297
352 68
352 269
352 416
352 527
352 659
352 834
352 1056
352 1171
352 1688
353 30
353 84
353 128
353 298
353 917
353 1032
353 1033
353 1296
353 1332
353 1666
353 1808
354 81
354 611
354 1026
354 1142
355 60
355 81
355 1029
355 1675
356 265
356 871
356 1414
356 1579
356 1702
356 1794
356 1802
356 1916
356 1972
357 192
357 909
357 1213
357 1244
358 138
358 640
358 1224
358 1296
358 1545
358 1601
359 784
360 14
360 170
360 172
360 1026
360 1108
360 1204
360 1816
361 64
361 525
361 528
362 36
362 1092
362 1448
362 1577
363 4
363 54
363 532
363 1282
364 4
364 1112
364 1164
364 1169
364 1605
365 1024
366 94
366 461
366 1032
366 1120
367 41
367 402
367 768
368 14
368 192
368 392
368 401
368 833
368 1649
369 128
369 577
369 608
369 685
369 1093
369 1181
370 128
370 178
370 262
370 1043
370 1068
370 1539
371 6
371 267
371 584
371 704
371 1091
371 1618
371 1664
372 130
372 406
373 729
373 1177
374 258
374 1165
374 1552
375 18
375 876
375 1232
375 1241
375 1334
376 0
376 531
376 649
377 12
377 212
377 296
377 1109
378 129
378 312
378 516
378 1162
378 1671
380 158
380 652
381 1290
382 352
382 477
384 10
384 32
384 82
384 200
384 289
384 392
384 556
384 560
384 606
384 776
384 902
384 1032
384 1050
384 1072
384 1289
384 1346
384 1602
384 1624
384 1664
384 1746
385 210
385 549
385 609
385 852
385 1036
385 1058
386 2
386 48
386 545
386 616
386 1029
386 1137
386 1411
386 1584
386 1728
387 66
387 67
387 340
387 696
387 961
387 962
387 1549
387 1866
388 94
388 180
388 183
388 642
388 730
388 1039
388 1064
388 1247
388 1352
388 1545
389 22
389 30
389 57
389 108
389 192
389 256
389 344
389 754
389 1706
389 1888
390 16
390 256
390 1044
390 1553
391 931
391 1407
391 1433
391 1601
392 2
392 26
392 70
392 209
392 232
392 863
392 1026
393 154
393 1152
393 1156
393 1670
393 1789
393 1800
394 0
394 40
394 150
394 550
394 1285
395 2
395 69
395 433
395 544
395 568
395 941
395 1024
396 0
396 24
396 38
396 75
396 179
396 397
396 808
396 1032
396 1083
396 1539
396 1752
396 1760
397 52
397 273
397 1795
398 132
398 148
398 1096
399 32
399 874
399 886
399 1158
399 1281
400 65
400 115
400 368
400 416
400 452
400 642
400 1480
400 1497
400 1800
401 13
401 129
401 356
401 737
401 1033
401 1144
401 1172
401 1472
402 4
402 72
402 335
402 680
402 1036
402 1044
402 1091
402 1326
402 1578
403 274
403 1033
403 1596
404 58
404 128
404 172
404 308
404 641
404 1026
404 1068
404 1488
405 404
405 1081
405 1555
405 1588
405 1794
406 29
406 111
406 136
406 673
406 1049
406 1162
407 144
407 260
407 1800
408 32
408 33
408 42
408 71
408 117
408 390
408 1121
408 1558
408 1595
409 65
409 101
409 122
409 194
409 195
409 223
409 244
409 262
409 461
409 1218
409 1542
410 98
410 112
410 716
410 1090
410 1168
410 1568
410 1632
411 257
411 528
411 981
411 1026
412 1
412 722
412 1192
412 1297
413 596
413 641
413 1668
414 12
415 384
415 1548
416 5
416 40
416 257
416 587
416 900
416 1032
416 1556
416 1564
416 1858
416 1921
417 0
417 15
417 16
417 585
418 22
418 302
418 1305
419 513
419 1120
419 1130
419 1280
419 1537
420 921
420 1066
420 1200
420 1218
420 1614
420 1869
421 1115
421 1852
422 170
422 280
422 770
422 1568
423 250
423 264
423 329
423 624
423 1206
424 2
424 9
424 10
424 32
424 896
424 1047
424 1152
424 1298
424 1415
424 1985
426 1
426 22
426 322
426 652
426 1356
427 302
427 388
427 672
427 790
428 64
428 71
428 300
428 577
428 1106
428 1228
429 16
429 290
430 17
430 512
430 925
431 16
431 1085
432 90
432 512
433 576
433 1033
433 1690
433 1833
434 45
434 97
434 512
434 713
434 1169
434 1574
435 175
435 265
435 926
435 1161
435 1738
436 257
436 595
437 845
437 1245
437 1311
437 1546
437 1744
438 256
438 514
438 705
438 1188
438 2000
439 148
439 1250
440 2
440 18
440 1112
440 1828
441 2
441 522
441 532
441 718
442 32
442 230
442 1024
442 1104
442 1298
443 708
443 966
443 1304
444 1216
444 1227
445 131
445 300
445 592
445 1306
445 1538
446 200
446 896
447 1104
448 65
448 129
448 160
448 282
448 343
448 530
448 641
448 821
448 1064
448 1072
448 1616
448 1674
449 294
449 1348
449 1803
450 142
450 512
450 610
450 1065
450 1335
450 1552
450 1637
450 1663
451 112
451 1049
451 1137
452 333
452 392
452 509
452 833
452 1537
452 1798
452 1931
452 1984
453 774
453 1088
453 1111
453 1608
454 99
454 354
454 524
454 610
454 1026
454 1092
455 429
455 1032
456 130
456 163
456 194
456 204
456 212
456 257
456 304
456 516
456 1282
456 1348
457 73
457 438
457 1080
457 1538
457 1570
457 1728
457 1968
458 80
458 1288
458 1574
459 86
460 169
460 1252
460 1280
460 1426
461 77
461 196
461 562
462 708
463 257
463 768
464 11
464 36
464 291
465 8
465 580
465 1245
465 1606
466 26
466 136
466 606
466 764
466 1058
466 1179
466 1800
466 1805
467 202
467 450
467 484
468 0
468 547
468 772
468 1751
470 67
470 132
470 150
470 200
470 404
470 1094
471 22
471 265
471 647
472 804
472 1042
472 1593
473 4
473 70
473 514
473 1488
474 529
474 593
474 1196
475 584
475 694
475 992
476 330
476 1617
477 212
477 1073
478 215
478 1300
480 12
480 136
480 148
480 512
480 528
480 641
480 928
480 1030
480 1092
480 1172
480 1387
480 1551
480 1800
481 267
481 1158
481 1172
481 1253
481 1579
481 1896
482 260
482 657
482 848
482 1348
483 78
484 9
484 212
484 389
484 617
484 1817
485 32
485 328
485 449
485 696
485 1972
486 29
486 50
486 276
486 768
487 521
487 1572
488 224
488 257
488 806
488 1312
489 48
489 140
489 488
489 1273
490 1093
490 1153
490 1300
491 512
491 660
491 1083
492 770
492 1549
492 1960
493 625
493 800
493 1542
495 6
496 644
496 1293
497 58
497 114
497 259
497 514
498 656
498 684
499 31
499 416
499 810
499 1240
500 267
500 1280
500 1369
501 81
502 33
502 89
502 1057
502 1235
502 1616
504 768
504 1027
504 1063
505 107
506 776
507 1176
508 65
508 234
509 192
510 259
510 440
510 1192
511 1856
512 0
512 16
512 17
512 32
512 64
512 108
512 257
512 421
512 676
512 769
512 835
512 899
512 908
512 917
512 978
512 1251
512 1289
512 1292
512 1490
512 1536
512 1577
512 1670
512 1796
512 1861
512 1974
513 0
513 15
513 50
513 96
513 184
513 232
513 252
513 329
513 336
513 520
513 640
513 779
513 1024
513 1028
513 1049
513 1164
513 1332
513 1603
513 1740
513 1942
513 1944
514 4
514 144
514 165
514 171
514 245
514 362
514 468
514 740
514 1132
514 1209
514 1390
514 1600
514 1841
514 2042
515 86
515 103
515 144
515 452
515 454
515 1201
515 1230
515 1232
515 1916
516 0
516 34
516 260
516 262
516 301
516 320
516 393
516 796
516 1075
516 1078
516 1416
517 80
517 104
517 307
517 512
517 648
517 1031
517 1153
517 1378
517 1685
518 24
518 32
518 72
518 272
518 294
518 342
518 688
518 1040
518 1175
518 1579
518 1841
518 1987
519 67
519 512
519 1152
519 1504
520 11
520 13
520 73
520 96
520 114
520 135
520 142
520 149
520 374
520 768
520 775
520 1026
520 1029
520 1168
520 1594
520 1646
520 1738
520 1802
521 2
521 87
521 139
521 148
521 256
521 321
521 325
521 538
521 833
521 1122
521 1173
521 1204
522 41
522 104
522 148
522 161
522 1032
522 1472
522 1685
522 1944
523 308
523 574
523 1088
523 1121
523 1152
524 67
524 221
524 272
524 464
524 932
524 1025
524 1038
524 1040
524 1066
524 1724
524 1793
525 4
525 36
525 136
525 191
525 402
525 572
525 594
525 656
525 1136
525 1447
526 771
526 1057
526 1152
527 32
527 396
527 528
527 992
527 1152
527 1299
528 2
528 28
528 69
528 96
528 120
528 162
528 232
528 259
528 262
528 290
528 329
528 385
528 388
528 567
528 780
528 912
528 1028
528 1040
528 1093
528 1171
528 1202
528 1376
528 1540
528 1623
528 1870
529 8
529 17
529 260
529 304
529 308
529 496
529 682
529 771
529 792
529 1025
529 1083
529 1182
529 1216
529 1234
529 1824
529 1860
530 0
530 75
530 338
530 368
530 546
530 1092
530 1353
530 1472
530 1794
531 36
531 106
531 228
531 512
531 1875
531 2016
532 0
532 1
532 48
532 132
532 148
532 233
532 592
532 1037
532 1041
532 1721
533 130
533 136
533 263
533 278
533 384
533 1072
533 1888
533 2002
534 310
534 522
534 532
534 785
534 1426
535 138
535 560
535 1680
536 20
536 24
536 36
536 101
536 432
536 696
536 1132
536 1820
536 1927
537 60
537 928
537 1344
537 1668
538 1
538 18
538 19
538 142
538 523
538 640
538 1152
538 1637
538 1860
539 16
539 392
539 1114
539 1155
540 21
540 43
540 181
540 422
540 630
540 656
540 1057
540 1088
541 113
541 164
541 393
541 1220
541 1348
541 1359
542 128
542 304
542 417
542 552
542 1093
543 907
543 1172
543 1454
544 2
544 3
544 12
544 34
544 56
544 81
544 201
544 354
544 441
544 452
544 561
544 732
544 760
544 852
544 1047
544 1057
544 1089
544 1353
544 1574
544 1595
545 52
545 140
545 160
545 282
545 368
545 560
545 722
545 868
545 1033
545 1040
545 1042
545 1401
545 1800
546 8
546 12
546 37
546 43
546 177
546 325
546 358
546 525
546 837
546 1092
546 1338
546 1722
546 1952
547 42
547 104
547 1012
547 1361
548 140
548 324
548 372
548 559
548 577
548 579
548 1170
548 1546
548 1676
548 1777
549 1059
549 1168
549 1358
549 1664
549 1883
549 1995
550 81
550 164
550 1158
551 128
551 284
551 642
551 970
551 1594
552 26
552 28
552 36
552 45
552 83
552 136
552 150
552 218
552 277
552 397
552 513
552 554
552 704
552 1154
552 1299
552 1315
552 1690
553 14
553 32
553 210
553 674
553 1018
553 1121
553 1761
553 1968
554 4
554 229
554 237
554 345
554 609
554 1032
554 1070
554 1104
555 2
555 132
555 832
556 128
556 550
556 760
556 1297
556 1572
556 1912
557 44
557 232
557 525
557 770
557 818
557 1025
557 1171
557 1172
557 1221
558 5
558 513
558 579
558 1938
559 273
559 1476
560 161
560 193
560 257
560 259
560 295
560 648
560 1026
560 1632
561 9
561 413
561 558
561 584
561 1026
561 1075
561 1296
562 12
562 183
562 204
562 272
562 449
562 512
562 530
562 645
562 1093
562 1824
563 27
563 94
563 451
564 0
564 721
564 1053
564 1064
564 1288
564 1473
564 1619
565 137
565 337
565 754
566 276
566 677
566 832
566 1128
566 1301
566 1560
567 10
567 271
567 934
568 41
568 266
568 904
568 1024
568 1065
568 1220
568 1765
569 2
569 72
569 76
569 152
569 1634
570 88
570 388
570 440
570 1539
571 22
571 129
571 320
571 1880
572 164
572 1157
572 2024
573 4
573 28
573 40
573 134
573 1237
573 1842
574 82
574 132
574 539
575 88
575 192
576 16
576 18
576 52
576 92
576 109
576 134
576 148
576 196
576 224
576 257
576 294
576 350
576 545
576 582
576 613
576 616
576 624
576 1062
576 1417
576 1538
577 9
577 64
577 256
577 257
577 294
577 340
577 1045
577 1065
577 1314
577 1561
577 1613
578 20
578 38
578 41
578 268
578 517
578 800
578 1041
578 1285
579 137
579 187
579 256
579 273
579 528
579 539
579 1152
579 1797
580 41
580 157
580 298
580 420
580 455
580 562
580 1089
580 1440
580 1816
581 131
581 200
581 304
581 578
581 666
581 1169
581 1544
582 289
582 363
582 512
582 707
582 881
582 1126
583 106
583 1352
583 1428
583 1609
584 11
584 20
584 132
584 264
584 274
584 338
584 563
584 753
584 1048
584 1329
584 1376
584 1490
584 1638
585 134
585 281
585 642
585 928
585 1293
585 1410
585 1723
585 1888
586 8
586 20
586 405
586 421
586 584
586 1050
586 1114
586 1173
586 1361
587 5
587 146
587 165
587 537
587 543
587 1305
587 1316
587 1569
588 18
588 530
588 552
588 1824
589 49
589 64
589 256
589 352
589 905
589 1030
589 1032
590 4
590 1696
591 320
591 1262
592 3
592 64
592 68
592 203
592 208
592 641
592 777
592 1126
592 1730
593 67
593 96
593 102
593 500
593 644
593 1240
594 65
594 107
594 216
594 297
594 330
594 388
594 408
594 680
595 8
595 512
595 656
595 1427
595 1542
595 1760
595 1800
596 533
596 756
596 1137
598 28
598 164
598 640
598 684
598 1044
599 64
599 66
599 530
599 746
599 1373
600 4
600 32
600 51
600 512
600 772
600 1315
600 1370
600 1703
601 2
601 1053
601 1668
602 176
602 527
602 1237
602 1253
603 1
603 5
603 400
603 644
603 1032
603 1045
603 1140
604 312
604 393
604 532
604 1424
605 0
605 392
605 816
605 1028
605 1088
605 1167
605 1188
605 1536
605 1545
606 36
606 83
606 173
606 355
606 1025
606 1047
606 1244
607 56
607 146
607 1035
608 13
608 16
608 228
608 273
608 353
608 576
608 660
608 873
608 921
608 1029
608 1074
608 1107
608 1298
608 1568
608 1633
609 6
609 24
609 166
609 202
609 286
609 408
609 518
609 680
609 1264
610 0
610 154
610 257
610 266
610 497
610 513
610 665
610 976
610 992
611 124
611 371
611 1025
612 19
612 256
612 1097
612 1262
612 1358
612 1538
613 29
613 260
613 320
613 384
613 518
613 1030
614 112
614 1538
615 24
615 65
615 87
615 1027
615 1033
616 0
616 3
616 12
616 92
616 125
616 140
616 756
616 882
616 930
616 1156
616 1220
616 1557
616 1606
616 1664
617 24
617 210
617 616
617 656
619 389
619 1160
619 1273
620 1480
621 258
621 392
621 1960
622 1152
622 1285
622 1321
623 121
623 256
623 676
624 0
624 7
624 44
624 113
624 332
624 1030
624 1322
624 1393
625 24
625 1201
626 11
626 293
626 1255
626 1345
626 1586
627 144
627 257
627 616
627 1356
627 1472
628 25
628 523
628 588
628 976
628 1904
629 97
629 369
630 130
630 226
631 802
632 517
632 1356
632 1798
632 1837
636 203
637 792
637 2000
639 548
639 578
639 1602
640 11
640 28
640 128
640 133
640 256
640 260
640 288
640 422
640 676
640 773
640 1042
640 1285
640 1346
640 1555
640 1562
640 1866
641 0
641 3
641 25
641 165
641 169
641 172
641 258
641 272
641 340
641 577
641 1158
641 1462
641 1666
642 134
642 259
642 264
642 660
642 1032
642 1047
642 1248
642 1540
642 1952
643 37
643 96
643 130
643 537
643 841
643 874
643 1072
643 1280
643 1299
643 1409
643 1728
644 0
644 52
644 135
644 864
644 1143
644 1148
645 0
645 329
645 355
645 1069
645 1170
645 1188
646 103
646 257
646 529
646 787
646 1136
646 1320
646 1321
646 1600
646 1972
647 67
647 304
647 410
647 422
647 1154
647 1540
647 1728
648 19
648 193
648 293
648 378
648 419
648 514
648 549
648 1424
649 57
649 64
649 140
649 180
649 662
649 1200
650 2
650 81
650 360
650 379
650 389
650 400
650 549
650 987
650 1028
651 4
651 101
651 185
651 288
651 305
652 308
652 552
652 778
652 1161
652 1576
653 220
653 768
653 796
653 1420
654 1
654 46
654 243
654 1186
654 1287
655 1266
656 13
656 32
656 36
656 38
656 72
656 90
656 238
656 520
656 531
656 898
656 1035
656 1225
656 1742
657 134
657 142
657 260
657 490
657 560
657 568
657 720
657 1072
657 1185
657 1266
657 1746
658 9
658 1157
658 1329
658 1345
658 1540
658 1680
658 1686
659 36
659 80
659 388
659 800
659 1127
659 1217
659 1554
660 164
660 306
660 435
660 549
660 1547
661 139
661 143
661 672
661 1036
662 1568
663 990
663 1337
663 1792
664 676
664 690
664 1336
664 1542
664 1681
665 256
665 568
665 621
665 745
665 1093
665 1176
665 1686
666 2
666 1051
666 1224
666 1502
667 92
667 363
667 477
667 1056
667 1669
668 0
668 88
668 640
668 870
668 1075
668 1345
669 229
669 1042
669 1944
670 138
670 243
670 777
671 728
672 66
672 176
672 241
672 326
672 336
672 480
672 574
672 1224
672 1344
672 1417
672 1792
673 131
673 1031
673 1673
674 113
674 424
674 1720
674 1876
675 156
675 160
675 704
675 1026
676 4
676 101
676 274
676 634
676 1024
676 1356
676 1664
677 568
677 1809
678 320
678 524
678 793
678 1024
678 1435
679 1472
680 84
680 229
680 363
680 396
680 432
680 581
680 584
680 1073
681 116
681 121
681 211
681 250
681 404
681 966
681 1088
682 48
682 88
682 130
682 832
683 404
683 561
683 1155
684 464
684 1056
684 1196
684 1940
685 0
685 104
685 386
685 644
685 1184
685 1357
686 273
686 832
687 11
687 513
688 17
688 108
688 1280
689 34
689 48
689 584
689 1111
689 1324
689 1601
689 1894
690 5
690 192
690 264
690 514
690 647
690 1889
691 1232
691 1638
692 24
692 114
692 152
692 1948
693 888
694 4
694 304
694 352
695 293
696 401
697 256
697 346
697 385
698 5
698 345
698 1086
699 82
699 194
699 460
700 1091
700 1154
700 1165
702 84
702 92
702 1025
704 7
704 62
704 72
704 233
704 249
704 1046
704 1346
704 1601
705 0
705 4
705 11
705 398
705 554
705 1041
705 1217
705 1425
705 1539
706 4
706 138
706 265
706 1145
706 1568
707 4
707 42
707 152
707 258
707 816
707 1120
707 1182
707 1542
708 64
708 229
708 264
708 288
708 545
708 611
708 1078
708 1680
708 1951
709 961
709 1169
710 782
711 162
711 416
711 1016
711 1340
712 14
712 132
712 649
712 1120
713 35
713 72
713 258
713 1027
713 1048
713 1144
714 20
714 45
714 274
714 296
714 544
714 550
715 136
715 288
715 1341
716 192
716 512
716 1088
717 804
718 195
718 1652
719 817
720 128
720 149
720 398
720 532
720 1098
720 1537
720 1856
721 1242
721 1301
721 1612
722 1082
723 650
723 1296
724 21
724 327
725 393
725 1065
726 3
726 272
726 1554
727 1104
728 1671
729 352
729 577
729 1616
730 144
730 440
730 1058
730 1069
731 545
731 613
731 1173
732 212
732 808
733 1492
733 1623
734 36
734 1168
734 1481
735 1392
736 32
736 118
736 234
736 534
736 778
736 1410
736 1567
736 1657
737 1131
737 1771
738 320
739 5
739 15
739 834
739 904
739 1478
739 1920
740 67
740 1047
741 993
742 3
742 152
742 773
742 1033
742 1761
743 265
744 18
744 292
744 1123
744 1314
744 1555
744 1730
745 144
745 218
745 706
745 708
745 1624
746 1241
747 0
747 48
747 534
748 0
748 280
748 1192
749 704
749 1553
750 155
750 627
750 900
751 708
752 64
752 84
752 114
752 1024
753 192
753 273
753 784
753 1297
754 16
754 456
754 644
755 1464
756 256
756 520
756 1280
756 1764
757 528
757 1106
757 1232
758 1069
759 1542
760 133
760 512
760 1511
760 2020
762 344
762 652
762 1558
763 450
764 17
764 435
765 219
766 798
766 1097
767 1536
768 62
768 133
768 168
768 194
768 195
768 196
768 316
768 400
768 522
768 656
768 993
768 1218
768 1521
768 1576
769 64
769 66
769 80
769 96
769 142
769 219
769 544
769 1024
769 1232
769 1287
769 1317
770 12
770 50
770 114
770 296
770 500
770 632
770 780
770 781
770 1056
770 1189
770 1319
770 1324
770 1392
770 1475
771 3
771 592
771 704
771 854
771 1164
771 1217
771 1248
771 1869
772 160
772 330
772 382
772 519
772 712
772 1280
772 1312
773 51
773 104
773 358
773 595
773 1047
773 1888
774 19
774 20
774 117
774 835
774 1505
775 170
775 354
775 680
775 865
775 1297
776 67
776 68
776 320
776 672
776 1096
776 1133
776 1376
776 1728
776 1909
776 1986
777 96
777 160
777 315
777 424
777 702
777 1093
777 1217
777 1504
777 1728
778 4
778 64
778 181
778 267
778 332
778 536
778 1280
778 1396
779 70
779 584
779 956
779 1283
779 1540
779 1610
779 1822
780 114
780 196
780 403
780 520
780 529
780 582
780 648
780 1304
780 1536
780 1747
781 1890
782 101
782 768
782 1032
782 1552
782 1696
783 182
784 4
784 8
784 9
784 19
784 116
784 265
784 566
784 615
784 640
784 644
784 662
784 816
784 1024
784 1044
784 1249
784 1555
785 0
785 32
785 88
785 160
785 250
785 846
785 1155
786 0
786 21
786 170
786 341
786 586
786 872
786 1223
786 1398
786 1444
786 1731
787 136
787 430
787 463
787 587
787 855
787 1856
788 46
788 193
788 296
788 388
788 583
788 776
788 1041
788 1120
788 1152
788 1170
788 1194
788 1232
788 1673
788 1795
789 78
789 201
789 1026
790 662
790 1209
790 1536
791 1694
792 8
792 35
792 210
792 272
792 512
792 517
792 657
792 1051
792 1248
793 16
793 180
793 1024
793 1043
794 151
794 519
794 910
794 1248
794 1394
794 1776
795 65
795 69
795 204
795 400
796 200
796 224
796 516
796 1024
797 1064
797 1252
799 1184
800 34
800 103
800 365
800 518
800 1042
800 1076
800 1090
800 1154
800 1286
800 1392
800 1770
801 30
801 374
801 400
801 434
801 640
801 658
801 675
801 1586
802 50
802 64
802 218
802 460
802 589
802 933
802 1072
802 1335
802 1344
802 1493
803 32
803 418
803 882
803 1032
803 1072
804 0
805 1
805 56
805 140
805 720
805 1597
806 50
806 196
806 396
806 680
806 1074
807 128
807 249
807 643
808 66
808 263
808 401
808 410
808 456
808 524
808 549
809 101
809 128
809 129
809 433
809 642
809 1424
809 1798
810 0
810 26
810 1094
811 128
811 401
811 1184
812 72
812 1068
812 1316
812 1443
813 128
813 133
813 1175
814 198
814 530
814 832
814 1345
814 1665
814 1881
816 0
816 64
816 168
816 256
816 426
816 576
816 645
816 648
816 939
816 1172
817 1025
817 1091
818 28
818 658
818 689
818 1126
818 1236
818 1814
819 48
819 89
819 516
819 1044
819 1284
820 209
820 1052
820 1092
820 1567
821 40
821 256
821 1408
821 1446
822 792
824 110
824 512
824 656
824 1200
824 1388
824 1988
825 1920
826 96
826 161
827 6
827 405
828 65
828 600
828 1562
828 1629
828 1867
829 185
829 296
829 709
830 1
830 60
830 456
830 530
830 1651
831 1033
832 12
832 36
832 170
832 248
832 296
832 902
832 1301
832 1444
832 1672
832 1990
833 66
833 136
833 144
833 264
833 418
833 512
833 1164
833 1207
834 152
834 1090
834 1296
834 1323
835 192
835 1024
835 1152
836 261
836 286
836 1059
836 1122
836 1280
836 1563
837 1152
837 1436
838 88
838 265
838 362
838 514
839 32
839 1025
839 1640
840 63
840 80
840 128
840 177
840 323
840 992
840 1159
840 1185
840 1213
840 1635
841 513
841 576
841 621
841 918
842 23
842 192
842 406
842 547
842 1024
842 1889
843 1895
844 250
844 578
844 704
844 786
844 1305
844 1478
845 48
845 779
845 920
845 1150
845 1382
846 17
846 624
846 1825
847 1352
847 1574
847 1720
848 184
848 241
848 408
848 1078
848 1120
849 531
849 1236
850 4
850 40
850 272
850 594
850 1105
850 1778
851 24
851 54
851 193
851 1280
851 1624
851 1632
852 526
852 1025
852 1232
852 1435
853 38
854 0
854 524
854 885
856 520
857 1330
857 1791
857 1868
858 47
858 98
858 1025
859 11
859 54
859 1416
860 568
860 618
860 1042
862 522
862 842
862 1040
862 1419
863 1026
864 207
864 288
864 292
864 528
864 673
864 698
864 1058
864 1066
864 1201
864 1430
864 1688
865 44
865 549
865 1463
865 1546
866 237
866 268
866 421
866 531
866 1024
866 1048
866 1105
867 517
867 583
867 816
868 20
868 138
868 621
869 1081
870 66
870 453
872 387
872 471
872 518
872 773
872 1068
872 1153
873 42
873 130
873 304
873 1664
873 1803
874 12
874 58
874 830
874 870
875 768
875 1037
876 237
876 1131
878 64
878 587
878 1623
880 32
880 260
880 322
880 394
880 559
880 1029
880 1312
881 268
881 656
881 1216
882 99
882 192
882 198
882 1048
882 1091
882 1103
884 1038
884 1382
885 1280
886 36
887 1541
888 51
888 58
888 72
888 425
889 1294
889 1692
891 652
891 954
892 0
892 17
892 456
892 1056
892 1287
893 192
893 234
893 1286
893 1932
895 1336
896 117
896 176
896 549
896 648
896 768
896 944
896 1288
896 1540
896 1794
896 1944
897 77
897 192
897 224
897 536
897 1038
897 1561
897 1793
898 38
898 85
898 1036
898 1046
898 1208
898 1508
899 224
899 304
899 1060
899 1095
899 1102
900 1
900 68
900 81
900 129
900 256
900 786
900 1024
900 1128
900 1145
901 5
901 8
901 41
901 46
901 150
901 269
901 1042
901 1046
901 1537
902 13
902 98
902 1620
902 1667
902 1841
903 474
903 1235
903 1600
904 0
904 571
904 773
904 789
904 1332
905 138
905 324
905 657
906 156
906 289
906 390
906 657
906 1452
907 1048
908 262
908 1676
909 288
909 528
909 1024
910 156
910 241
910 1056
910 1428
911 451
911 540
912 13
912 142
912 272
912 329
912 433
912 527
912 576
912 969
912 1813
913 22
913 51
913 465
913 524
913 1030
913 1184
913 1480
914 1036
914 1153
914 1588
914 1608
914 2008
915 167
915 642
915 1380
915 1541
915 1840
916 4
916 779
916 1796
917 176
917 1069
917 1139
917 1577
917 1812
919 0
919 34
919 81
919 966
919 1589
920 69
920 498
920 712
920 718
920 993
920 1133
921 400
921 840
921 1200
922 784
923 10
923 384
924 300
924 594
924 1171
924 1175
925 1
925 579
926 195
928 30
928 99
928 160
928 984
928 1027
928 1358
929 75
929 134
929 1296
930 201
930 323
930 684
930 1043
930 1056
931 260
931 261
932 1459
933 273
933 1033
933 1152
934 1100
934 1296
934 1838
935 1337
936 176
936 240
936 326
936 356
936 456
936 610
936 801
937 258
937 997
938 288
938 1603
940 2
940 83
941 36
941 1576
942 128
942 236
942 512
942 1505
942 1540
942 1560
943 1737
944 56
944 640
944 1076
944 1540
945 0
945 546
945 784
945 800
945 1299
947 262
947 316
947 504
947 832
947 1387
948 640
948 1044
949 6
949 90
950 777
952 728
953 329
954 8
955 640
956 104
956 1036
956 1284
957 68
958 1414
959 1038
960 266
960 271
960 531
960 582
960 657
960 678
961 1419
962 33
962 84
962 120
962 1030
962 1682
963 552
963 711
964 132
964 1474
965 898
965 1026
965 1029
966 16
967 714
968 772
968 1056
969 39
969 133
969 1033
969 1302
969 1928
970 60
970 80
970 512
970 1547
971 132
972 828
972 1284
972 1570
975 211
976 136
976 257
976 551
976 652
976 705
976 1437
976 1603
977 586
977 806
977 1152
978 137
978 778
978 1800
979 237
979 1846
980 8
980 1302
981 0
984 624
984 1568
985 354
985 1033
985 1043
986 680
987 712
988 1231
992 97
992 461
993 100
993 153
993 294
993 1665
994 1162
994 1566
995 1482
996 132
996 1092
996 1102
997 11
997 29
997 1090
997 1575
998 208
998 1049
998 1124
1000 0
1000 216
1000 321
1000 709
1000 1025
1001 371
1001 468
1001 834
1001 1120
1002 138
1002 611
1002 1471
1003 605
1005 534
1008 288
1009 20
1010 616
1010 1440
1011 1536
1012 92
1012 834
1013 1792
1015 8
1015 25
1016 65
1016 72
1016 465
1016 736
1017 730
1019 554
1020 36
1020 73
1020 177
1020 266
1021 961
1024 0
1024 2
1024 4
1024 10
1024 20
1024 70
1024 97
1024 144
1024 178
1024 278
1024 460
1024 593
1024 595
1024 601
1024 642
1024 643
1024 697
1024 772
1024 782
1024 825
1024 900
1024 1025
1024 1168
1024 1234
1024 1556
1025 1
1025 86
1025 156
1025 178
1025 353
1025 393
1025 514
1025 556
1025 579
1025 594
1025 635
1025 674
1025 681
1025 1170
1025 1206
1025 1312
1025 1386
1026 69
1026 144
1026 218
1026 276
1026 296
1026 384
1026 427
1026 888
1026 1103
1026 1160
1026 1230
1026 1290
1026 1428
1026 1607
1026 1641
1026 1901
1027 90
1027 456
1027 1065
1027 1130
1027 1291
1027 1721
1027 1873
1028 36
1028 43
1028 112
1028 129
1028 163
1028 321
1028 513
1028 602
1028 724
1028 1027
1028 1060
1028 1160
1028 1184
1028 1188
1028 1280
1028 1480
1028 1892
1029 57
1029 538
1029 633
1029 689
1029 865
1029 891
1029 937
1029 1048
1029 1302
1029 1533
1029 1793
1029 1801
1030 67
1030 136
1030 528
1030 848
1030 904
1030 1153
1030 1268
1030 1539
1030 1600
1030 1664
1031 210
1031 360
1031 778
1031 1120
1031 1764
1032 48
1032 108
1032 138
1032 143
1032 148
1032 164
1032 256
1032 257
1032 290
1032 322
1032 520
1032 549
1032 993
1032 1044
1032 1052
1032 1286
1032 1552
1032 1578
1032 1726
1032 1922
1032 1938
1033 144
1033 171
1033 187
1033 277
1033 280
1033 332
1033 715
1033 987
1033 1025
1033 1048
1033 1068
1033 1154
1033 1217
1033 1329
1033 1498
1033 1922
1034 12
1034 96
1034 285
1034 308
1034 312
1034 514
1034 753
1034 818
1034 949
1034 1192
1034 1230
1034 1260
1035 1442
1035 1569
1035 1681
1036 0
1036 165
1036 183
1036 518
1036 608
1036 832
1036 1030
1036 1036
1036 1670
1036 1881
1037 16
1037 25
1037 37
1037 130
1037 207
1037 819
1037 1440
1038 0
1038 8
1038 9
1038 200
1038 672
1038 1026
1038 1032
1038 1062
1038 1153
1038 1291
1038 1746
1038 1824
1038 1950
1039 6
1039 276
1039 637
1039 1024
1039 1034
1039 1351
1040 4
1040 27
1040 35
1040 40
1040 68
1040 156
1040 252
1040 266
1040 304
1040 519
1040 527
1040 546
1040 786
1040 812
1040 841
1040 908
1040 996
1040 1028
1040 1151
1040 1169
1040 1269
1040 1612
1040 1669
1040 1954
1041 69
1041 332
1041 1028
1041 1143
1041 1435
1041 1810
1041 1922
1042 6
1042 49
1042 98
1042 1034
1042 1280
1042 1315
1042 1944
1043 17
1043 36
1043 290
1043 1041
1044 388
1044 496
1044 1032
1044 1059
1044 1920
1045 146
1045 191
1045 305
1045 364
1045 515
1045 536
1045 640
1045 1031
1045 1032
1045 1041
1045 1057
1045 1158
1046 64
1046 149
1046 160
1046 466
1046 768
1046 1285
1046 1304
1046 1410
1046 1571
1046 1805
1047 4
1047 524
1047 880
1047 1554
1048 48
1048 288
1048 668
1048 777
1048 790
1048 1037
1048 1130
1048 1203
1049 0
1049 68
1049 615
1049 640
1049 677
1049 866
1049 1029
1049 1108
1049 1546
1050 51
1050 128
1050 303
1050 308
1050 579
1050 752
1051 80
1051 330
1051 1038
1051 1152
1052 166
1052 488
1052 557
1052 578
1052 642
1052 665
1052 905
1052 1267
1052 1995
1053 128
1053 152
1053 672
1053 772
1053 832
1053 1040
1053 1048
1054 64
1054 168
1054 1344
1054 1873
1055 320
1055 340
1055 640
1056 256
1056 442
1056 656
1056 689
1056 722
1056 728
1056 753
1056 1065
1056 1072
1056 1088
1056 1220
1056 1226
1056 1572
1056 1739
1057 470
1057 534
1057 672
1057 1080
1057 1302
1057 1338
1057 1571
1057 1616
1057 1805
1058 19
1058 325
1058 376
1058 449
1058 530
1058 537
1058 550
1058 1024
1058 1058
1058 1284
1058 1376
1058 1536
1058 1552
1059 16
1059 132
1059 200
1059 260
1059 324
1059 338
1059 520
1059 1395
1059 1800
1060 0
1060 72
1060 90
1060 267
1060 664
1060 1280
1061 0
1061 23
1061 146
1061 611
1061 1028
1061 1510
1061 1668
1062 8
1062 160
1062 215
1062 267
1062 656
1062 864
1062 988
1062 1036
1063 747
1064 48
1064 200
1064 272
1064 360
1064 515
1064 557
1064 643
1064 656
1064 1569
1064 1814
1064 1923
1065 120
1065 562
1065 633
1065 1153
1065 1520
1066 43
1066 98
1066 289
1066 389
1066 761
1066 786
1066 1136
1066 1296
1067 64
1067 192
1067 1282
1067 1348
1068 35
1068 42
1068 73
1068 264
1068 1039
1068 1137
1068 1412
1068 1600
1069 68
1069 301
1069 1202
1069 1642
1070 16
1070 28
1070 76
1070 418
1070 1410
1070 1569
1070 1697
1071 993
1071 1019
1071 1409
1072 268
1072 328
1072 641
1072 841
1072 1016
1072 1233
1072 1264
1072 1732
1073 12
1073 136
1073 208
1073 292
1073 404
1073 546
1073 1026
1073 1299
1073 1560
1074 132
1074 265
1074 648
1075 82
1075 1002
1075 1026
1075 1036
1075 1479
1075 1574
1076 73
1076 192
1076 282
1076 698
1076 769
1076 995
1076 1041
1076 1489
1076 1740
1077 13
1077 44
1077 288
1077 611
1077 908
1078 68
1078 555
1078 1045
1079 1061
1080 232
1080 589
1080 999
1080 1060
1080 1066
1080 1833
1081 36
1081 256
1081 420
1081 1560
1081 1603
1081 1857
1082 69
1082 137
1082 518
1082 529
1082 576
1082 665
1082 1166
1083 428
1083 482
1083 1760
1084 550
1085 171
1085 197
1085 260
1085 567
1086 635
1086 644
1087 6
1087 35
1087 672
1087 700
1087 770
1087 802
1087 909
1087 1064
1088 42
1088 44
1088 64
1088 65
1088 229
1088 264
1088 272
1088 585
1088 920
1088 1002
1088 1104
1088 1158
1088 1418
1088 1439
1088 1624
1089 4
1089 54
1089 66
1089 129
1089 136
1089 192
1089 208
1089 274
1089 532
1089 787
1089 1024
1089 1121
1089 1154
1089 1169
1089 1376
1089 1806
1089 1937
1090 10
1090 40
1090 72
1090 82
1090 286
1090 288
1090 324
1090 328
1090 390
1090 400
1090 564
1090 977
1090 1138
1090 1316
1091 18
1091 258
1091 550
1091 1361
1091 1438
1092 64
1092 198
1092 261
1092 279
1092 292
1092 789
1092 1144
1092 1284
1092 1765
1093 228
1093 290
1093 311
1093 448
1093 769
1093 923
1093 1028
1093 1140
1094 34
1094 103
1094 596
1094 1235
1094 1356
1096 16
1096 19
1096 32
1096 69
1096 152
1096 161
1096 251
1096 272
1096 288
1096 668
1096 682
1096 1414
1096 1440
1097 54
1097 128
1097 762
1097 805
1097 1156
1097 1545
1097 1944
1098 320
1098 460
1098 550
1098 634
1098 1030
1098 1163
1098 1810
1099 290
1099 419
1099 1092
1099 1192
1100 0
1100 4
1100 110
1100 261
1100 444
1100 1552
1100 1681
1100 1925
1101 17
1101 38
1101 146
1101 261
1101 338
1102 5
1102 897
1102 1157
1103 56
1103 137
1103 274
1104 6
1104 128
1104 309
1104 411
1104 562
1104 1025
1104 1152
1104 1248
1104 1350
1104 1677
1104 1680
1105 35
1105 165
1105 211
1105 235
1105 275
1105 514
1105 577
1105 678
1106 25
1106 64
1106 67
1106 138
1106 266
1106 616
1106 672
1106 1059
1106 1146
1106 1944
1107 135
1107 261
1107 674
1107 1562
1108 164
1108 258
1108 368
1108 426
1108 432
1108 1092
1109 1865
1110 18
1110 272
1110 640
1110 1490
1111 292
1112 357
1112 512
1112 515
1112 530
1113 520
1113 1096
1113 1729
1114 834
1114 1152
1114 1283
1114 1428
1115 1032
1116 146
1116 257
1116 324
1116 384
1116 868
1116 1310
1116 1746
1117 519
1117 617
1117 724
1117 1194
1118 104
1119 1680
1119 1805
1119 1889
1120 40
1120 41
1120 72
1120 315
1120 619
1120 1036
1120 1096
1120 1265
1120 1386
1120 1672
1121 104
1121 121
1121 136
1121 137
1121 258
1121 260
1121 266
1121 612
1121 1312
1121 1792
1122 5
1122 74
1122 81
1122 262
1122 1226
1122 1302
1122 1560
1122 1642
1123 212
1123 262
1124 80
1124 110
1124 211
1124 389
1124 523
1124 820
1124 953
1124 1587
1124 1734
1124 1795
1125 34
1125 80
1125 132
1125 558
1125 1816
1126 73
1126 595
1126 1056
1126 1088
1127 1372
1128 16
1128 25
1128 68
1128 71
1128 293
1128 643
1128 1082
1128 1330
1128 1940
1129 132
1129 329
1129 467
1129 595
1130 13
1131 170
1131 181
1131 1096
1131 1472
1132 64
1132 388
1132 440
1132 916
1132 1541
1133 80
1133 608
1133 803
1134 134
1134 272
1136 67
1136 131
1136 178
1136 188
1136 384
1136 673
1136 1180
1137 0
1137 336
1137 832
1137 1056
1138 54
1138 129
1138 165
1138 243
1138 345
1138 417
1139 275
1139 526
1139 1886
1140 26
1140 50
1140 656
1140 1209
1140 1300
1141 3
1141 9
1141 16
1141 596
1141 707
1142 512
1142 1346
1142 1571
1143 55
1143 160
1143 276
1143 610
1144 145
1144 1538
1145 226
1145 1065
1145 1288
1145 1513
1146 1348
1146 1840
1147 1572
1147 1760
1147 1793
1148 162
1148 1037
1148 1109
1148 1890
1151 147
1152 11
1152 18
1152 131
1152 216
1152 436
1152 516
1152 535
1152 646
1152 673
1152 756
1152 803
1152 1094
1152 1125
1152 1288
1152 1314
1153 1
1153 16
1153 40
1153 166
1153 192
1153 242
1153 256
1153 281
1153 321
1153 496
1153 529
1153 611
1153 1904
1154 17
1154 128
1154 189
1154 275
1154 280
1154 448
1154 562
1154 918
1154 1775
1155 72
1155 536
1155 693
1155 1056
1155 1262
1156 50
1156 137
1156 222
1156 411
1156 548
1156 778
1156 845
1156 1060
1156 1083
1156 1104
1156 1168
1156 1258
1156 1280
1156 1336
1157 262
1157 348
1157 632
1157 880
1157 1219
1157 1308
1158 17
1158 552
1158 554
1158 889
1158 1152
1158 1506
1159 904
1159 1050
1159 1106
1159 1183
1159 1314
1160 259
1160 310
1160 1098
1160 1338
1161 52
1161 196
1161 528
1162 0
1162 16
1162 102
1162 137
1162 565
1162 704
1163 24
1163 257
1163 1061
1164 163
1164 292
1164 785
1164 1069
1164 1117
1164 1183
1164 1220
1164 1233
1164 1352
1165 128
1165 1416
1166 40
1166 528
1166 1177
1166 1689
1167 516
1167 577
1168 9
1168 90
1168 201
1168 204
1168 257
1168 1077
1168 1226
1168 1378
1168 1450
1168 1473
1168 1728
1169 50
1169 352
1169 458
1169 1333
1169 1538
1169 1809
1170 5
1170 83
1170 197
1170 200
1170 322
1170 329
1170 522
1170 577
1170 626
1170 1024
1170 1032
1170 1729
1171 9
1171 737
1171 1572
1172 137
1172 450
1172 544
1172 663
1172 881
1172 1296
1172 1821
1172 1995
1173 343
1173 1132
1173 1296
1174 516
1174 520
1175 10
1175 2020
1176 2
1176 9
1176 121
1176 128
1176 343
1176 418
1176 552
1176 1576
1177 137
1177 568
1177 1414
1177 1537
1178 24
1178 257
1178 608
1178 775
1178 1284
1178 1477
1178 1676
1179 598
1179 1920
1180 128
1180 136
1180 158
1180 210
1180 1024
1180 1152
1181 0
1181 67
1182 32
1182 501
1183 1070
1183 1328
1184 16
1184 387
1184 1096
1184 1181
1184 1650
1184 1779
1185 48
1185 94
1185 100
1185 391
1185 1137
1185 1347
1186 40
1186 56
1186 129
1186 224
1186 520
1186 653
1186 818
1186 994
1186 1792
1186 1942
1187 148
1187 154
1187 290
1187 416
1187 1026
1187 1142
1187 1474
1187 1555
1188 25
1188 57
1188 100
1188 768
1189 67
1189 272
1189 641
1189 973
1190 8
1190 142
1190 260
1190 564
1190 1540
1191 144
1191 360
1192 179
1192 416
1192 497
1192 576
1192 830
1192 1212
1192 1604
1193 153
1193 194
1193 272
1193 596
1193 1680
1194 82
1194 560
1194 818
1194 1796
1195 1057
1196 829
1196 1285
1196 1580
1196 1728
1197 25
1197 586
1198 1249
1198 1314
1199 49
1199 308
1199 320
1200 8
1200 140
1200 307
1200 939
1200 1472
1201 121
1201 586
1201 1386
1204 18
1204 87
1204 309
1204 488
1204 1298
1205 177
1205 298
1205 420
1206 98
1206 313
1206 1345
1206 1426
1207 32
1207 484
1207 1313
1208 0
1208 128
1208 148
1208 282
1208 1146
1209 2
1209 645
1209 775
1209 1666
1210 76
1211 128
1211 293
1212 82
1212 1696
1213 532
1213 844
1213 1600
1214 290
1214 624
1216 0
1216 38
1216 77
1216 82
1216 145
1216 162
1216 204
1216 523
1216 556
1216 594
1216 673
1216 772
1216 840
1216 1703
1216 1704
1216 1720
1217 67
1217 208
1217 905
1217 1052
1217 1698
1218 64
1218 148
1218 160
1218 516
1218 613
1218 776
1218 1186
1218 1450
1218 1864
1219 19
1219 338
1219 576
1219 651
1219 940
1219 1472
1220 363
1220 598
1221 22
1221 64
1221 248
1221 501
1221 520
1221 1464
1222 64
1222 643
1222 828
1222 1088
1222 1089
1222 1168
1222 1348
1222 1561
1223 904
1223 1057
1223 1186
1223 1856
1224 88
1224 108
1224 128
1224 163
1224 301
1224 1546
1225 153
1225 256
1225 1312
1225 1729
1226 32
1226 112
1226 543
1226 1668
1227 394
1227 1832
1228 257
1228 515
1228 624
1228 680
1228 786
1228 1417
1228 1552
1228 1632
1229 384
1229 1287
1229 1495
1230 320
1231 20
1231 312
1231 642
1232 64
1232 72
1232 288
1232 542
1232 794
1233 930
1233 1032
1234 180
1234 204
1234 240
1234 937
1234 1474
1235 16
1235 165
1237 4
1237 133
1237 1306
1239 1342
1240 481
1240 581
1240 1024
1240 1029
1240 1092
1240 1408
1241 485
1241 596
1241 1224
1241 1314
1242 1203
1242 1554
1244 1326
1244 1674
1246 37
1246 546
1246 776
1246 1728
1247 1351
1247 1411
1248 4
1248 342
1248 401
1248 426
1248 464
1248 814
1248 1092
1248 1100
1248 1155
1248 1306
1249 37
1249 164
1249 258
1249 262
1249 1409
1250 78
1250 257
1250 360
1250 1194
1250 1376
1250 1588
1251 262
1251 280
1251 1312
1252 64
1252 101
1252 177
1252 417
1252 570
1252 1193
1252 1619
1253 9
1253 129
1253 632
1254 418
1254 584
1254 1250
1254 1281
1256 18
1256 148
1257 1030
1258 164
1258 1153
1258 1370
1259 34
1259 416
1259 682
1259 1592
1260 305
1261 1584
1262 18
1262 131
1262 266
1262 1164
1262 1572
1262 1934
1263 516
1263 520
1264 259
1264 440
1264 614
1264 874
1264 880
1264 902
1264 1864
1265 5
1265 438
1266 27
1266 40
1266 1172
1266 1408
1267 48
1267 1100
1267 1729
1268 256
1268 322
1268 1120
1269 309
1269 450
1269 1307
1269 1538
1271 140
1271 1447
1272 1030
1273 67
1273 534
1273 1051
1274 1110
1276 316
1276 391
1277 1423
1278 521
1279 1152
1280 22
1280 34
1280 40
1280 48
1280 150
1280 169
1280 173
1280 269
1280 272
1280 276
1280 323
1280 723
1280 853
1280 1344
1280 1619
1280 1626
1281 4
1281 18
1281 58
1281 131
1281 144
1281 464
1281 467
1281 547
1281 647
1281 929
1281 1092
1281 1157
1281 1376
1281 1611
1282 218
1282 576
1282 1124
1282 1125
1282 1164
1282 1744
1283 258
1283 693
1284 0
1284 135
1284 149
1284 168
1284 243
1284 338
1284 411
1284 591
1284 1708
1285 272
1285 292
1285 531
1285 560
1285 1058
1285 1730
1286 33
1286 34
1286 266
1286 288
1286 352
1286 723
1286 793
1286 1052
1286 1574
1287 304
1287 745
1287 1034
1287 1670
1288 96
1288 142
1288 153
1288 516
1288 592
1288 635
1288 660
1288 681
1288 709
1288 772
1288 792
1288 832
1288 1096
1288 1348
1288 1484
1288 1754
1289 1
1289 156
1289 176
1289 182
1289 259
1289 272
1289 1194
1289 1293
1290 73
1290 515
1290 1156
1290 1557
1291 128
1291 256
1291 1058
1292 8
1292 228
1292 275
1292 352
1292 1056
1292 1721
1293 1
1293 402
1293 450
1293 872
1293 943
1293 969
1294 5
1294 204
1294 434
1294 548
1294 648
1294 658
1294 823
1294 918
1295 816
1296 6
1296 118
1296 136
1296 212
1296 260
1296 335
1296 417
1296 803
1296 1034
1296 1064
1296 1120
1296 1426
1297 296
1297 468
1297 544
1297 656
1297 1073
1297 1367
1297 1580
1297 1698
1298 32
1298 81
1298 128
1298 576
1298 1041
1298 1105
1298 1864
1299 10
1299 16
1299 416
1299 1056
1299 1074
1299 1354
1300 16
1300 176
1300 216
1300 265
1300 292
1300 512
1300 879
1300 1103
1300 1108
1300 1798
1301 768
1301 800
1301 1632
1302 48
1302 269
1302 553
1302 1026
1302 1794
1303 1796
1304 82
1304 640
1304 1105
1304 1350
1305 1148
1305 1196
1306 148
1306 1688
1307 128
1307 1680
1308 163
1308 215
1308 229
1308 578
1308 848
1308 1112
1308 1213
1309 673
1311 276
1311 1090
1311 1426
1311 1808
1312 129
1312 146
1312 161
1312 299
1312 488
1312 643
1312 838
1312 958
1312 1120
1312 1220
1313 0
1313 288
1313 497
1313 626
1313 674
1313 936
1313 1034
1313 1296
1314 4
1314 23
1314 115
1314 151
1314 774
1314 1108
1314 1217
1314 1220
1314 1699
1315 19
1315 128
1315 1858
1316 74
1316 90
1316 707
1316 810
1316 1062
1316 1064
1316 1205
1316 1839
1317 5
1317 354
1317 386
1317 512
1317 601
1317 849
1317 1212
1318 273
1318 772
1318 1608
1318 1778
1318 1826
1319 33
1319 194
1319 584
1319 788
1320 5
1320 13
1320 312
1320 470
1321 703
1321 1089
1321 1304
1322 48
1322 64
1322 66
1322 91
1322 927
1322 1156
1322 1410
1323 26
1323 52
1323 1104
1323 1121
1323 1128
1324 1224
1325 810
1326 65
1326 1138
1327 1680
1328 146
1328 659
1328 1502
1328 1728
1329 288
1329 786
1330 44
1330 321
1330 419
1330 513
1331 42
1331 528
1331 624
1331 1225
1332 281
1332 458
1332 514
1332 1033
1333 67
1333 666
1333 1123
1334 1048
1334 1812
1335 184
1336 516
1336 1416
1337 328
1337 494
1337 919
1338 536
1339 641
1340 268
1340 412
1340 749
1340 769
1340 1053
1341 1232
1341 1317
1342 11
1342 515
1342 986
1343 64
1343 925
1344 40
1344 64
1344 163
1344 263
1344 518
1344 544
1344 1041
1344 1676
1345 94
1345 184
1345 189
1345 579
1345 786
1345 1025
1345 1028
1346 136
1346 260
1346 262
1346 270
1346 584
1346 1496
1346 1540
1347 146
1347 233
1347 368
1347 792
1347 1044
1347 1160
1347 1976
1348 105
1348 120
1348 640
1348 1632
1348 1922
1349 545
1349 706
1349 1130
1349 1314
1350 105
1350 137
1350 1057
1350 1059
1351 288
1351 1752
1352 26
1352 427
1352 1026
1352 1027
1352 1080
1352 1204
1352 1660
1353 1035
1353 1824
1354 52
1354 68
1354 128
1354 234
1354 1032
1355 1150
1356 0
1356 768
1356 1267
1356 1472
1357 96
1357 212
1357 228
1357 684
1358 278
1358 353
1359 1
1359 1025
1359 1345
1360 5
1360 304
1360 580
1360 1536
1360 1539
1361 10
1361 11
1361 520
1361 544
1361 1072
1361 1258
1361 1900
1362 2
1362 12
1362 58
1362 264
1362 274
1362 516
1362 908
1362 1804
1363 16
1363 520
1363 1168
1363 1225
1363 1302
1364 36
1364 61
1364 160
1364 1058
1364 1106
1364 1604
1366 136
1366 566
1366 1008
1366 1222
1366 1236
1367 273
1367 770
1367 784
1367 1920
1368 0
1368 138
1368 196
1368 321
1368 1286
1368 1611
1368 1811
1369 183
1369 206
1369 272
1369 1536
1369 1860
1370 340
1370 804
1370 1408
1371 9
1371 354
1371 1185
1372 34
1372 938
1372 1604
1373 244
1373 640
1373 1352
1374 545
1374 643
1375 114
1375 1156
1376 18
1376 277
1376 465
1376 1541
1376 2032
1377 29
1377 100
1377 398
1377 807
1378 75
1378 145
1378 528
1378 641
1378 656
1379 384
1379 412
1379 555
1379 769
1380 32
1380 868
1380 901
1381 436
1381 768
1381 1701
1381 1784
1382 1608
1384 3
1384 19
1384 131
1384 641
1384 1072
1384 1188
1384 1251
1384 1820
1384 1937
1385 48
1385 413
1385 559
1385 806
1385 1572
1386 111
1386 401
1387 274
1387 522
1387 660
1387 1089
1387 1158
1388 25
1388 138
1388 1886
1389 329
1389 576
1389 1220
1390 770
1390 2020
1392 21
1392 40
1392 80
1392 1026
1392 1039
1392 1166
1392 1609
1392 1713
1393 3
1393 143
1393 161
1393 582
1393 816
1394 88
1394 128
1394 778
1394 1548
1395 1025
1396 14
1396 1280
1398 9
1398 68
1398 268
1398 472
1398 523
1398 524
1400 1040
1401 114
1401 154
1402 573
1402 578
1402 1122
1403 32
1403 1797
1404 116
1406 16
1406 528
1408 35
1408 69
1408 132
1408 165
1408 196
1408 272
1408 327
1408 609
1408 616
1408 674
1408 840
1408 900
1408 1024
1408 1062
1408 1094
1408 1125
1408 1234
1409 9
1409 41
1409 104
1409 168
1409 320
1409 472
1409 474
1409 782
1409 1402
1409 1474
1409 1480
1409 1730
1410 120
1410 171
1410 566
1410 579
1410 836
1410 1041
1410 1280
1410 1418
1410 1452
1410 1459
1410 1756
1411 6
1411 8
1411 48
1411 88
1411 1572
1412 987
1412 1063
1412 1285
1412 1314
1412 1456
1413 1
1413 289
1413 320
1413 656
1413 1032
1414 97
1414 196
1414 884
1414 1060
1415 1868
1416 136
1416 307
1416 876
1416 884
1416 1217
1416 1318
1416 1367
1417 128
1417 710
1417 1354
1418 652
1418 1568
1419 134
1419 525
1419 581
1419 1046
1419 1440
1419 1956
1420 354
1420 488
1421 302
1421 779
1422 0
1422 49
1422 448
1422 706
1422 1672
1423 9
1423 137
1424 457
1424 1103
1424 1172
1424 1286
1424 1542
1424 1728
1424 1969
1425 37
1425 1093
1425 1286
1425 1409
1425 2046
1426 66
1426 111
1426 178
1426 535
1427 877
1427 1305
1427 1600
1428 20
1428 54
1428 81
1428 125
1428 256
1428 274
1428 416
1428 1827
1428 1848
1429 232
1429 1318
1430 17
1430 42
1431 912
1431 1692
1432 140
1432 265
1432 520
1432 1881
1432 1992
1433 0
1433 21
1433 60
1433 140
1433 1098
1433 1992
1434 153
1434 1550
1435 6
1436 50
1436 536
1437 16
1437 128
1438 64
1439 268
1440 129
1440 198
1440 704
1440 1040
1440 1298
1440 1328
1441 335
1441 1989
1442 172
1442 265
1442 1078
1443 33
1443 264
1443 400
1444 25
1444 34
1444 49
1444 1025
1444 1724
1445 18
1445 32
1445 224
1446 300
1447 2
1447 723
1447 896
1447 1536
1448 34
1448 768
1448 1070
1448 1745
1449 1044
1450 785
1450 1253
1450 1413
1450 1699
1450 1942
1451 0
1451 138
1451 536
1452 545
1452 800
1452 880
1452 968
1453 162
1454 129
1454 569
1456 589
1456 714
1456 1322
1457 147
1457 152
1457 1085
1457 1113
1457 1920
1458 75
1458 458
1458 634
1458 1165
1458 1292
1458 1633
1459 140
1459 1160
1460 608
1460 1447
1460 1745
1462 22
1462 145
1462 877
1462 1001
1463 18
1463 137
1463 486
1464 194
1464 608
1465 1609
1466 102
1469 70
1469 596
1469 657
1470 544
1472 112
1472 276
1472 550
1472 584
1472 812
1472 814
1472 1160
1472 1403
1472 1556
1472 1632
1473 19
1473 334
1473 644
1473 797
1473 980
1474 10
1474 276
1474 580
1474 600
1474 1123
1474 1725
1475 64
1475 394
1475 1860
1476 151
1476 314
1477 810
1477 1077
1477 1305
1478 66
1478 123
1478 257
1478 259
1478 272
1478 540
1479 581
1479 1932
1480 378
1481 164
1482 124
1482 145
1482 507
1482 873
1484 258
1484 292
1484 1025
1485 18
1485 80
1485 1166
1485 1545
1486 1
1486 322
1486 440
1486 459
1486 532
1488 8
1488 24
1488 322
1488 1092
1489 645
1490 1454
1491 1600
1492 195
1493 285
1494 389
1495 388
1495 577
1495 1547
1496 85
1496 513
1497 158
1500 64
1500 1038
1502 16
1503 704
1504 1
1504 8
1504 46
1504 225
1504 282
1504 427
1504 772
1505 10
1505 71
1505 268
1505 1029
1506 168
1506 512
1506 1062
1506 1729
1507 1032
1508 66
1508 401
1508 1618
1509 512
1509 1284
1510 26
1510 1136
1511 176
1511 1604
1512 256
1512 403
1512 1536
1512 1544
1513 4
1513 128
1513 514
1513 641
1513 1029
1513 1602
1514 3
1514 580
1514 705
1515 896
1516 80
1517 897
1518 50
1518 138
1518 1233
1519 5
1520 513
1520 1638
1521 204
1521 514
1521 1061
1522 1048
1522 1261
1522 1330
1524 201
1524 513
1524 520
1525 672
1528 1923
1529 4
1529 307
1530 9
1530 20
1530 96
1531 1077
1532 1380
1534 149
1535 266
1536 45
1536 47
1536 61
1536 64
1536 131
1536 166
1536 260
1536 352
1536 565
1536 573
1536 1154
1536 1546
1536 1756
1536 1796
1536 1924
1537 14
1537 16
1537 17
1537 100
1537 289
1537 459
1537 468
1537 520
1537 624
1537 653
1537 825
1538 6
1538 38
1538 241
1538 648
1538 833
1538 1098
1538 1251
1538 1536
1538 1600
1539 73
1539 97
1539 134
1539 136
1539 261
1539 524
1540 3
1540 53
1540 78
1540 259
1540 415
1540 451
1540 652
1540 1025
1541 4
1541 456
1541 679
1541 1025
1541 1045
1541 1240
1541 1324
1541 1427
1541 1784
1542 138
1542 160
1542 444
1542 536
1542 640
1542 1504
1542 1796
1543 8
1543 152
1543 617
1543 912
1543 1106
1543 1154
1543 1219
1544 83
1544 225
1544 233
1544 529
1544 548
1544 579
1544 719
1544 897
1544 1169
1544 1640
1545 129
1545 320
1545 740
1545 1024
1546 65
1546 512
1546 584
1546 624
1546 1025
1546 1155
1546 1169
1546 1260
1546 1574
1547 16
1547 1184
1547 1732
1547 2041
1548 432
1548 692
1548 698
1548 898
1548 1025
1548 1794
1548 1969
1549 1
1549 18
1549 140
1549 183
1549 272
1550 384
1550 434
1550 1154
1551 593
1551 1025
1551 1029
1552 3
1552 22
1552 33
1552 80
1552 385
1552 418
1552 645
1552 672
1552 1284
1552 1453
1552 1508
1552 1551
1552 1644
1552 1777
1553 18
1553 28
1553 67
1553 128
1553 581
1553 742
1553 772
1553 1029
1553 1036
1553 1180
1553 1411
1553 1628
1553 1634
1554 3
1554 104
1554 141
1554 379
1554 672
1554 773
1554 1089
1554 1233
1555 1540
1555 1609
1556 6
1556 172
1556 256
1556 279
1556 332
1556 356
1556 1024
1556 1250
1556 1992
1557 79
1557 679
1557 1415
1558 51
1558 85
1558 177
1558 370
1558 650
1558 704
1558 1121
1559 16
1559 24
1559 1236
1560 6
1560 46
1560 321
1560 386
1560 513
1560 526
1560 1072
1560 1126
1560 1704
1560 1762
1560 1778
1561 75
1561 319
1561 900
1561 1072
1561 1214
1562 16
1562 132
1562 256
1562 360
1562 578
1562 608
1562 1410
1563 53
1563 513
1563 1026
1563 1092
1564 44
1564 161
1564 267
1564 1027
1564 1056
1564 1552
1565 292
1567 1703
1568 8
1568 81
1568 88
1568 134
1568 138
1568 300
1568 368
1568 530
1568 701
1568 773
1568 1102
1568 1222
1568 1854
1569 446
1569 547
1569 1164
1569 1433
1569 1637
1570 76
1570 196
1570 586
1570 1025
1570 1413
1571 5
1571 314
1571 512
1571 775
1571 1424
1571 1702
1572 712
1572 769
1572 1013
1572 1856
1573 23
1573 27
1573 52
1574 4
1574 134
1574 448
1574 465
1574 534
1575 792
1576 1340
1577 53
1577 274
1577 840
1577 1410
1578 78
1578 1478
1579 32
1579 112
1579 564
1579 565
1579 1028
1579 1344
1580 128
1580 161
1580 396
1581 82
1581 421
1581 650
1582 143
1582 1104
1583 33
1583 64
1584 405
1584 521
1584 1058
1584 1287
1585 426
1585 451
1585 490
1585 790
1585 950
1585 1584
1586 414
1586 1637
1586 1816
1587 460
1588 864
1588 1060
1589 113
1589 195
1589 632
1589 1190
1589 1284
1589 1424
1589 1467
1589 1667
1589 1684
1590 7
1590 442
1590 529
1590 662
1590 664
1591 65
1591 262
1591 1111
1592 84
1592 638
1592 967
1592 1048
1592 1676
1593 97
1593 136
1593 786
1594 209
1594 784
1595 704
1595 1412
1596 1
1596 1040
1596 1860
1597 339
1597 650
1597 1442
1598 304
1599 1320
1600 291
1600 385
1600 1111
1600 1865
1601 524
1601 803
1601 999
1602 7
1602 256
1602 456
1602 764
1602 1034
1602 1041
1602 1302
1602 1347
1603 133
1603 298
1603 356
1603 577
1603 687
1603 778
1603 864
1603 921
1603 1026
1604 1
1604 50
1604 80
1604 512
1604 576
1604 965
1604 1058
1604 1130
1604 1473
1604 1559
1605 1600
1606 22
1606 64
1606 387
1606 562
1606 593
1607 11
1607 816
1608 0
1608 112
1608 266
1608 1619
1609 80
1609 194
1609 258
1609 1452
1609 1969
1610 115
1610 272
1610 420
1610 1088
1610 1632
1611 157
1611 1026
1611 1344
1611 2004
1612 49
1612 81
1612 304
1612 517
1612 581
1612 674
1612 790
1612 792
1612 944
1612 1347
1613 512
1614 405
1614 418
1614 1478
1615 209
1615 288
1615 307
1616 132
1616 144
1616 170
1616 238
1616 344
1616 656
1616 896
1616 1058
1616 1156
1616 1808
1617 422
1618 4
1618 33
1618 578
1618 866
1618 1099
1618 1854
1619 44
1619 226
1620 21
1620 530
1621 536
1621 1032
1621 1171
1622 504
1623 417
1623 1545
1624 12
1624 17
1624 576
1624 824
1624 1024
1624 1425
1624 1552
1625 706
1626 34
1626 36
1626 1091
1627 136
1627 1573
1627 1921
1628 13
1628 336
1628 864
1628 866
1628 874
1628 1136
1628 1189
1628 1636
1629 1619
1630 41
1632 99
1632 259
1632 421
1632 1024
1632 1122
1632 1308
1632 1360
1633 1
1633 82
1633 164
1633 704
1634 72
1634 149
1634 193
1634 249
1634 530
1634 1448
1635 1218
1636 50
1636 292
1636 1048
1636 1135
1637 205
1637 260
1637 659
1638 9
1640 576
1640 1091
1641 14
1641 582
1641 1211
1642 49
1642 172
1643 640
1644 0
1644 6
1644 130
1644 642
1644 1324
1644 1653
1645 8
1645 512
1646 300
1647 1446
1648 36
1648 144
1648 436
1648 992
1648 1674
1649 810
1649 1123
1650 24
1650 1348
1651 1088
1653 672
1654 280
1654 1154
1655 8
1656 0
1656 5
1656 1031
1657 524
1658 64
1658 68
1658 336
1659 1280
1660 1440
1661 640
1663 258
1664 34
1664 211
1664 286
1664 338
1664 518
1664 556
1664 592
1664 768
1664 1046
1664 1168
1664 1417
1664 1654
1665 85
1665 154
1665 400
1665 521
1665 811
1665 1063
1665 1163
1665 1271
1665 1568
1665 1857
1666 0
1666 9
1666 68
1666 99
1666 275
1666 300
1666 452
1666 594
1666 784
1666 1920
1667 0
1667 16
1667 404
1667 833
1667 897
1668 165
1668 288
1668 313
1668 349
1668 794
1668 1090
1669 32
1669 214
1669 293
1669 704
1669 1034
1669 1105
1669 1600
1670 976
1670 1352
1670 1425
1672 149
1672 185
1672 1316
1672 1585
1673 16
1673 24
1673 47
1673 160
1673 161
1673 832
1673 1092
1673 1402
1673 1409
1673 1464
1674 235
1675 481
1675 1252
1675 1281
1676 264
1676 272
1676 323
1676 569
1676 1050
1676 1499
1676 1768
1677 85
1677 504
1677 610
1677 1408
1678 177
1678 289
1679 15
1679 237
1679 548
1680 60
1680 96
1680 121
1680 362
1680 514
1680 1412
1680 1664
1681 0
1681 17
1681 356
1681 737
1681 1053
1681 1059
1682 88
1682 262
1682 392
1682 509
1682 692
1682 1589
1683 114
1683 1405
1684 322
1684 1056
1685 7
1685 562
1685 1056
1686 1191
1686 1456
1686 1458
1687 18
1687 561
1687 1824
1688 533
1688 1408
1688 1729
1689 95
1689 110
1689 414
1689 877
1689 1813
1690 4
1690 1700
1692 16
1692 214
1692 322
1692 1203
1692 1706
1693 65
1693 256
1693 261
1693 1587
1694 3
1694 1032
1694 1114
1694 1600
1695 628
1695 704
1696 83
1696 185
1696 515
1696 896
1696 1409
1696 1412
1696 1922
1697 65
1697 74
1697 144
1697 167
1697 304
1697 336
1697 648
1697 1408
1697 1583
1697 1602
1697 1664
1698 32
1698 60
1698 82
1698 257
1698 1105
1699 412
1699 707
1700 6
1700 276
1700 277
1701 264
1701 282
1702 800
1702 916
1703 1696
1704 17
1704 26
1704 227
1704 326
1704 1924
1705 64
1705 584
1705 1669
1705 1970
1706 322
1706 715
1706 1058
1706 1186
1707 36
1708 1547
1709 101
1709 1712
1710 28
1711 89
1711 513
1712 323
1712 612
1712 1073
1712 1222
1713 26
1713 48
1714 66
1714 516
1714 1547
1716 178
1716 1860
1717 32
1717 669
1717 1130
1718 4
1719 512
1720 256
1720 273
1720 297
1720 690
1720 1602
1721 708
1722 4
1723 666
1723 840
1724 268
1725 128
1726 38
1726 71
1726 521
1726 1105
1727 343
1727 496
1727 784
1728 49
1728 304
1728 550
1728 800
1728 1033
1728 1056
1729 36
1729 116
1729 257
1729 736
1729 1286
1730 418
1730 516
1730 604
1730 649
1730 690
1731 12
1731 581
1731 1280
1732 130
1732 292
1732 660
1732 676
1732 1514
1733 138
1733 339
1733 435
1733 1148
1733 1282
1734 104
1734 417
1734 1041
1734 1302
1734 1304
1735 1166
1736 120
1736 782
1736 1030
1736 1792
1737 16
1737 473
1737 1369
1737 1552
1738 629
1738 1085
1738 1379
1739 308
1740 40
1740 64
1740 385
1740 640
1740 722
1740 1154
1741 3
1741 40
1741 1536
1741 1760
1742 8
1744 16
1744 130
1744 435
1744 601
1744 1414
1745 576
1745 828
1746 2
1746 866
1746 1363
1747 288
1747 960
1748 5
1748 95
1748 577
1748 917
1748 1732
1749 228
1749 865
1749 1057
1750 424
1750 1349
1751 1292
1752 102
1752 186
1753 803
1754 272
1754 349
1754 351
1754 1588
1755 161
1756 612
1756 792
1756 1025
1758 30
1758 69
1759 1713
1760 192
1760 257
1760 1036
1761 140
1761 1412
1761 1858
1762 401
1762 1129
1764 34
1764 70
1764 676
1764 1568
1765 1072
1766 65
1766 384
1768 105
1768 1035
1769 1445
1770 387
1770 1324
1771 1064
1772 104
1774 182
1774 1664
1775 1097
1776 132
1776 458
1776 1034
1777 129
1777 266
1777 288
1778 522
1778 1029
1778 1046
1779 692
1780 140
1780 768
1781 1445
1781 1539
1782 354
1783 289
1783 1860
1784 167
1784 313
1784 1136
1785 928
1787 1057
1790 804
1791 130
1791 264
1792 265
1792 320
1792 357
1792 418
1792 523
1792 725
1792 800
1792 985
1792 988
1792 1133
1792 1476
1792 1648
1792 1671
1793 118
1793 213
1793 258
1793 288
1793 602
1793 1088
1793 1293
1793 1590
1794 12
1794 238
1794 576
1794 661
1794 1038
1794 1104
1794 1354
1795 8
1795 558
1795 648
1795 1167
1796 21
1796 229
1796 755
1796 1096
1796 1136
1796 1612
1796 1716
1797 185
1797 492
1798 17
1798 104
1798 732
1799 128
1799 1269
1799 1304
1800 276
1800 278
1800 562
1800 593
1800 929
1800 1042
1801 68
1801 960
1801 1091
1801 1196
1802 131
1802 1773
1803 552
1803 724
1803 804
1803 1845
1804 185
1804 322
1804 584
1804 601
1804 1164
1805 44
1805 209
1805 496
1805 1776
1806 8
1806 136
1806 200
1806 520
1806 912
1806 1560
1806 1618
1807 1093
1808 364
1808 446
1808 1008
1808 1060
1808 1087
1808 1357
1809 405
1809 517
1809 864
1809 1485
1810 3
1810 193
1810 346
1810 1029
1811 240
1811 915
1811 1024
1812 512
1812 537
1813 172
1813 291
1813 392
1813 628
1813 692
1813 780
1813 962
1813 1312
1813 1512
1814 640
1814 1705
1815 230
1815 1307
1816 2
1816 16
1816 188
1816 203
1816 277
1816 648
1816 701
1817 1
1817 20
1818 576
1818 1320
1818 2001
1819 123
1820 535
1820 915
1820 1121
1821 8
1821 386
1822 1204
1822 1536
1823 705
1824 51
1824 130
1824 770
1824 1110
1824 1432
1824 1800
1825 63
1825 224
1825 517
1825 896
1825 1157
1825 1539
1825 1922
1826 1
1826 164
1826 193
1826 1610
1827 160
1827 324
1828 16
1828 119
1828 132
1828 180
1828 784
1828 1159
1828 1232
1828 1556
1828 1616
1829 513
1830 35
1830 48
1830 217
1830 1368
1830 1375
1830 2002
1833 1713
1833 1808
1834 332
1834 1269
1835 256
1835 260
1835 979
1836 40
1836 912
1837 1708
1838 1602
1839 2
1839 1794
1840 411
1840 769
1840 1288
1840 1600
1841 1113
1841 1550
1842 4
1842 268
1842 1161
1842 1474
1842 1824
1843 116
1843 342
1843 1144
1843 1328
1844 212
1844 1370
1845 49
1845 1170
1845 1226
1848 832
1848 1316
1849 50
1849 182
1849 257
1852 1093
1852 1416
1856 14
1856 60
1856 160
1856 411
1856 686
1856 1104
1856 1290
1857 23
1857 129
1857 148
1857 385
1857 513
1857 541
1857 787
1857 1809
1858 169
1858 663
1859 1
1859 1089
1860 585
1860 1288
1860 1368
1860 1450
1861 777
1862 0
1862 78
1863 9
1863 143
1863 298
1863 730
1864 642
1864 1154
1864 1484
1864 1493
1865 8
1865 76
1865 212
1865 273
1865 420
1865 1588
1866 145
1866 396
1866 1122
1866 1424
1867 152
1867 1280
1867 1553
1868 545
1869 1126
1870 128
1872 249
1872 292
1872 400
1872 499
1872 819
1872 1056
1873 512
1874 35
1874 693
1874 1479
1876 248
1876 1048
1876 1707
1877 2
1877 136
1877 355
1878 1680
1879 157
1879 684
1880 5
1881 237
1881 439
1882 289
1883 790
1884 260
1884 707
1886 19
1887 1032
1888 32
1888 279
1888 384
1888 788
1888 1032
1888 1092
1889 68
1889 79
1889 149
1889 320
1889 512
1889 1320
1890 15
1890 514
1890 976
1890 1041
1890 1279
1890 1368
1891 1539
1892 10
1892 368
1892 1844
1893 291
1893 1248
1894 244
1895 0
1895 72
1895 672
1896 129
1897 152
1897 1159
1898 128
1898 328
1898 980
1898 1028
1900 0
1900 545
1900 1593
1901 448
1902 709
1904 184
1904 434
1904 691
1905 272
1905 547
1906 111
1906 1158
1906 1256
1906 1684
1906 1796
1907 21
1908 242
1908 656
1908 1065
1909 132
1909 257
1910 74
1911 1029
1912 6
1912 8
1912 88
1912 1061
1914 16
1914 1092
1915 128
1916 276
1917 928
1919 978
1920 3
1920 108
1920 133
1920 152
1920 168
1920 272
1920 516
1920 518
1921 163
1921 1080
1921 1980
1922 68
1922 529
1922 1170
1922 1675
1922 2016
1923 261
1923 1412
1923 1736
1924 24
1924 394
1924 568
1924 642
1924 1063
1925 1220
1925 1601
1925 1680
1925 1736
1926 4
1926 102
1926 136
1926 308
1926 651
1926 1128
1927 96
1927 320
1927 324
1927 388
1928 137
1928 160
1928 178
1928 305
1928 520
1928 790
1928 832
1928 1033
1929 40
1929 192
1929 354
1929 1024
1929 1028
1929 1110
1930 320
1930 793
1930 1256
1932 1058
1932 1156
1933 320
1933 560
1934 528
1935 1251
1936 3
1936 262
1936 606
1936 1056
1937 1473
1937 1764
1937 1863
1938 520
1938 584
1938 835
1938 1025
1938 1035
1938 1038
1938 1062
1938 1088
1938 1812
1938 1992
1939 369
1940 26
1940 607
1940 1034
1940 1620
1941 468
1941 664
1941 1762
1942 819
1943 3
1943 242
1944 545
1944 546
1944 1298
1944 1344
1944 1379
1945 422
1945 450
1948 34
1948 40
1948 960
1949 50
1949 260
1951 52
1951 130
1952 542
1952 1042
1952 1420
1953 10
1953 1066
1954 96
1954 130
1954 407
1954 512
1954 1101
1955 104
1955 202
1955 428
1955 1805
1956 63
1958 108
1958 728
1958 1030
1958 1116
1959 921
1960 270
1960 433
1961 673
1962 145
1962 839
1963 1282
1964 642
1965 58
1965 1057
1966 433
1966 469
1967 384
1967 1073
1967 1578
1968 6
1968 41
1969 58
1969 1706
1970 51
1971 107
1972 9
1972 182
1973 130
1974 1347
1975 1537
1976 392
1977 46
1977 800
1977 1216
1978 701
1979 324
1980 1815
1982 136
1983 21
1984 25
1984 36
1984 95
1985 48
1985 360
1986 776
1987 420
1987 1093
1988 1054
1988 1666
1989 550
1989 1056
1989 1090
1990 453
1991 1296
1992 792
1992 1155
1993 32
1994 1347
1994 1568
1996 8
1996 1040
1997 20
1997 1284
1998 352
2000 133
2000 236
2000 1554
2001 898
2002 0
2002 813
2003 1888
2004 144
2004 857
2004 1012
2004 1170
2004 1494
2008 17
2008 37
2008 72
2008 795
2008 1108
2009 262
2009 1045
2010 616
2010 1416
2012 20
2012 314
2012 1051
2012 1380
2013 258
2016 36
2016 260
2016 905
2016 1600
2016 1911
2018 308
2019 1
2019 68
2020 141
2020 1112
2023 585
2025 200
2027 206
2027 520
2028 707
2028 1226
2029 1536
2031 1306
2033 1
2033 361
2034 1175
2035 34
2036 1536
2037 584
2038 664
2040 1442
2040 1736
2041 21
2041 526
2042 564
