# Synthetic Kronecker Graph 
# Edges are directed 
0 6
0 8
0 9
0 10
0 18
0 41
0 77
0 85
0 193
0 200
0 258
0 272
0 276
0 320
0 324
0 328
0 354
0 384
0 385
0 390
0 405
1 0
1 10
1 12
1 32
1 74
1 80
1 128
1 163
1 204
1 256
1 320
1 353
1 440
1 449
2 12
2 16
2 26
2 72
2 193
2 194
2 200
2 202
2 258
2 356
2 408
2 416
3 44
3 48
3 99
3 132
3 204
3 389
3 392
4 5
4 32
4 104
4 137
4 178
4 193
4 267
4 291
4 362
4 464
5 66
5 84
5 129
5 260
5 288
5 353
5 384
6 2
6 7
6 9
6 11
6 18
6 112
6 128
6 131
6 177
6 282
6 320
7 64
7 99
7 168
7 262
7 270
8 3
8 13
8 25
8 28
8 49
8 83
8 100
8 112
8 120
8 129
8 135
8 193
8 262
8 420
9 0
9 2
9 19
9 34
9 138
9 154
9 275
9 320
9 488
10 0
10 1
10 104
10 272
10 331
10 425
10 455
11 5
11 35
11 66
11 148
11 280
11 485
12 22
12 32
12 48
12 52
12 66
12 82
12 128
12 130
12 136
12 234
12 274
12 304
12 354
13 8
13 32
13 96
13 132
13 186
13 314
14 40
14 80
14 160
14 406
15 2
15 49
15 164
15 384
16 4
16 40
16 90
16 98
16 144
16 208
16 324
16 354
16 385
16 412
17 0
17 168
17 332
17 428
18 13
18 107
18 114
18 147
18 256
18 260
18 306
18 328
18 388
18 434
19 88
19 432
20 0
20 2
20 21
20 22
20 73
20 152
20 258
20 264
20 266
20 469
21 28
21 64
21 128
21 146
21 213
21 250
21 272
21 311
21 442
21 449
22 1
22 2
22 42
22 130
22 217
22 258
22 342
22 386
22 392
23 12
24 53
24 60
24 80
24 221
24 264
24 272
24 308
24 464
25 66
25 128
25 158
25 261
25 324
25 387
26 1
26 6
26 71
26 98
26 137
26 162
26 339
27 108
27 142
27 257
27 290
27 356
28 1
28 16
28 65
28 76
28 130
28 256
28 413
28 451
29 56
29 57
29 197
30 14
30 40
30 69
30 386
31 15
31 263
32 3
32 16
32 20
32 27
32 35
32 70
32 72
32 83
32 98
32 132
32 136
32 162
32 194
32 241
32 258
32 261
32 313
32 351
32 393
32 404
32 436
32 478
33 42
33 65
33 86
33 260
33 330
33 339
33 344
33 482
34 116
34 130
34 184
34 285
34 288
34 344
34 392
35 1
35 170
35 194
35 273
35 299
36 0
36 11
36 16
36 18
36 29
36 75
36 83
36 100
36 152
36 162
36 235
36 244
36 257
36 320
36 376
37 68
37 192
37 256
37 272
37 294
37 346
37 352
37 385
37 420
38 66
38 73
38 129
38 436
39 8
39 136
40 2
40 58
40 69
40 320
40 325
41 5
41 107
41 148
41 203
41 272
41 279
41 304
42 0
42 5
42 138
42 352
42 429
43 2
43 49
44 22
44 128
44 194
44 340
45 145
45 204
45 308
45 465
46 9
46 10
46 128
46 232
46 245
46 362
48 8
48 24
48 81
48 146
48 194
48 292
48 296
48 330
48 341
49 2
49 44
49 46
49 73
49 150
49 198
50 2
50 7
50 37
50 82
50 134
50 144
50 155
50 288
50 291
50 356
50 370
51 50
51 100
51 141
51 208
51 344
52 1
52 97
52 393
53 17
53 56
53 88
53 164
53 363
53 481
54 65
54 217
54 258
54 275
55 81
55 476
56 75
56 104
56 260
56 450
57 2
57 4
57 10
58 32
58 68
58 257
59 224
59 260
59 266
59 345
59 420
60 33
60 326
61 114
61 217
63 284
64 42
64 48
64 74
64 84
64 212
64 352
64 388
64 389
64 432
65 40
65 125
65 144
65 146
65 264
65 325
65 332
66 17
66 56
66 104
66 120
66 144
66 150
66 209
66 298
66 354
67 92
67 174
67 198
67 288
67 326
67 329
67 506
68 4
68 72
68 96
68 161
68 163
68 193
68 287
68 376
69 172
69 194
69 337
69 476
70 56
70 178
70 204
71 0
71 37
71 181
71 436
72 36
72 172
72 266
72 357
72 388
72 403
72 433
73 2
73 100
73 256
73 304
73 320
73 354
74 3
74 128
74 132
74 321
74 346
75 33
75 44
75 56
75 70
75 168
75 201
75 282
76 33
76 37
76 42
76 118
78 69
78 106
78 143
78 287
79 216
79 260
79 273
79 274
80 88
80 131
80 274
80 320
80 341
80 425
81 42
81 140
81 162
81 237
81 256
81 265
81 275
82 16
82 139
82 174
82 221
82 228
82 256
82 284
83 420
84 165
84 347
84 373
85 0
85 52
85 97
85 228
85 447
86 212
86 238
86 292
86 342
87 136
87 298
87 325
88 67
88 490
89 4
89 172
89 297
89 321
90 40
90 46
90 57
90 152
90 256
92 132
92 161
92 269
92 328
93 48
93 333
94 1
94 68
94 272
94 464
95 2
95 164
96 2
96 4
96 65
96 100
96 128
96 152
96 178
96 320
96 321
96 404
96 416
97 25
97 163
97 306
97 321
98 72
98 128
98 141
98 268
99 66
99 69
99 402
100 30
100 42
100 343
101 18
101 40
102 40
102 46
102 424
103 69
103 266
104 4
104 18
104 33
104 142
104 186
104 298
104 320
104 474
105 72
105 268
105 328
105 341
106 133
106 261
106 336
107 8
107 148
107 384
108 128
108 194
108 256
108 307
108 416
109 68
109 192
109 284
109 416
110 144
111 24
113 10
113 32
113 80
113 88
113 132
113 192
113 409
114 193
114 272
114 387
114 397
114 504
115 67
115 109
115 170
115 384
116 103
116 197
117 54
117 64
118 56
118 128
118 224
119 293
120 7
121 368
121 448
122 0
122 51
123 292
123 464
124 198
124 364
124 384
125 389
126 194
126 197
126 417
128 3
128 42
128 66
128 68
128 80
128 87
128 108
128 184
128 329
128 410
128 448
128 472
128 496
129 14
129 40
129 51
129 106
129 144
129 198
129 224
129 292
129 302
129 351
129 406
129 436
129 490
130 3
130 32
130 65
130 75
130 105
130 134
130 272
130 305
131 23
131 204
131 329
132 0
132 18
132 25
132 41
132 84
132 128
132 146
132 160
132 196
132 262
132 353
133 0
133 8
133 24
133 133
133 136
133 288
133 312
134 0
134 121
134 452
135 316
136 5
136 47
136 68
136 256
136 269
137 20
137 260
138 2
138 12
138 208
138 260
138 500
140 2
140 72
140 503
141 186
141 264
141 298
141 419
142 175
142 287
142 433
142 481
143 5
143 211
144 30
144 68
144 270
144 384
145 18
145 65
145 151
146 21
146 32
146 241
146 340
147 12
147 67
147 100
147 102
147 113
147 130
147 201
147 260
147 424
148 1
148 134
148 315
148 332
148 395
148 460
149 6
149 310
149 320
150 1
150 32
151 68
151 274
151 284
151 452
152 67
152 132
152 240
152 278
152 286
152 352
153 5
153 32
153 285
153 306
153 356
153 430
154 65
154 83
154 272
154 321
154 360
154 398
154 424
155 13
156 3
156 257
156 344
156 384
157 33
157 64
157 128
158 10
158 171
159 8
159 82
159 449
160 0
160 17
160 72
160 98
160 140
160 159
160 257
160 264
160 281
160 309
160 389
160 391
160 392
161 12
161 80
161 140
161 281
161 329
162 352
163 0
163 35
163 152
163 176
164 6
164 33
164 42
164 236
164 275
164 282
165 129
166 141
166 258
168 56
168 64
168 67
168 232
168 321
168 466
169 212
169 339
170 20
170 340
171 20
171 152
172 12
172 16
172 75
172 348
172 353
176 41
176 45
176 73
176 320
176 385
176 396
176 418
176 497
177 258
178 51
178 177
178 200
179 320
180 130
180 344
181 256
181 265
181 274
182 324
183 11
184 7
184 145
184 170
184 278
184 353
185 40
186 129
187 6
187 80
187 206
188 25
189 4
189 284
189 289
190 34
190 88
191 128
192 90
192 103
192 152
192 162
192 272
192 308
192 394
193 9
193 32
193 64
193 130
193 145
193 148
193 261
193 277
193 307
193 313
193 419
193 425
194 36
194 64
194 129
194 140
194 401
194 464
195 21
195 256
195 260
195 457
195 504
196 130
196 140
196 188
196 300
196 322
196 345
197 11
197 116
197 328
197 481
198 12
198 56
198 161
198 392
198 421
198 491
199 384
200 7
200 25
200 65
200 123
200 266
201 25
201 154
201 176
201 256
202 129
202 222
202 506
203 21
203 70
203 322
204 0
204 39
204 216
204 258
205 0
206 440
207 320
207 329
208 64
208 84
208 145
208 151
208 258
209 265
209 337
210 9
210 96
210 264
210 321
210 422
212 8
212 134
212 163
212 201
212 203
213 332
214 270
215 74
216 32
216 51
216 60
216 128
216 272
216 273
216 274
217 27
217 262
217 291
217 320
218 258
219 3
219 38
220 125
220 363
223 2
224 140
224 148
225 272
226 65
226 96
226 194
226 217
226 225
226 274
226 422
227 28
227 455
228 8
228 340
228 385
229 192
229 244
230 7
230 64
231 128
231 137
232 148
232 150
232 157
232 260
232 324
234 85
234 90
234 353
235 74
235 269
236 58
237 464
238 128
238 283
239 36
239 69
240 244
240 426
241 140
241 142
241 360
242 34
242 86
243 32
243 160
243 294
244 27
244 170
244 286
246 289
248 12
248 68
248 145
249 96
249 421
251 0
253 92
254 12
256 1
256 9
256 48
256 50
256 81
256 128
256 132
256 137
256 145
256 161
256 162
256 180
256 204
256 209
256 216
256 331
257 20
257 23
257 33
257 34
257 35
257 41
257 148
257 248
257 321
257 438
257 476
258 0
258 18
258 44
258 356
258 399
258 466
259 26
259 92
259 201
259 260
260 42
260 82
260 93
260 96
260 162
260 256
261 0
261 124
261 165
262 6
262 34
262 38
262 40
262 151
262 482
263 33
263 103
263 184
263 288
264 2
264 77
264 118
264 135
264 160
264 278
264 384
264 419
264 423
265 33
265 39
265 42
265 52
265 241
265 260
265 324
266 0
266 54
266 161
266 184
266 276
267 4
267 229
267 288
267 342
267 454
267 485
268 62
268 128
268 285
269 33
269 64
269 70
269 128
269 433
270 9
270 57
270 72
270 124
270 308
270 330
270 416
271 24
271 179
271 228
272 8
272 64
272 97
272 131
272 235
272 356
273 28
273 134
273 160
273 212
273 288
274 0
274 22
274 32
274 80
274 165
274 211
274 325
275 92
275 256
275 288
276 102
276 142
276 307
276 416
277 12
277 32
277 82
278 128
278 176
279 0
279 20
279 24
279 238
279 295
279 321
280 300
280 320
281 18
281 58
281 237
281 352
282 68
282 273
282 465
283 11
283 26
283 88
283 148
283 163
283 198
283 324
284 144
284 384
285 41
285 111
287 12
288 0
288 17
288 53
288 64
288 91
288 140
288 160
288 257
288 262
288 277
288 297
288 315
288 368
289 28
289 41
289 108
289 110
289 144
289 148
289 257
290 50
290 56
290 68
290 80
290 85
290 112
290 124
290 131
290 132
290 162
290 193
290 258
290 360
291 8
291 90
291 100
291 337
291 455
292 46
292 59
292 274
292 326
292 394
293 192
293 264
293 336
294 22
294 49
294 297
295 208
295 256
295 280
296 1
296 62
296 67
296 324
297 16
297 42
298 135
298 296
298 392
298 404
299 2
299 3
299 144
299 329
300 4
301 41
301 46
301 136
302 104
302 115
302 128
304 1
304 68
304 70
304 144
304 264
304 304
305 14
305 105
305 249
305 278
305 292
305 404
305 484
306 25
306 162
306 210
306 256
306 297
307 19
307 141
308 65
308 134
308 140
308 428
309 6
309 48
310 23
310 120
310 178
311 68
312 32
312 34
312 268
312 273
312 462
313 28
313 32
313 352
313 358
314 21
314 388
315 256
316 22
316 38
316 269
317 387
318 138
318 330
319 15
319 134
320 0
320 11
320 112
320 231
320 240
320 328
320 351
320 387
321 14
321 20
321 136
321 160
321 180
321 213
322 4
322 41
322 130
322 140
323 64
323 70
324 128
324 169
324 208
324 461
326 88
326 136
326 237
327 18
328 27
328 64
328 74
328 86
328 392
329 10
329 18
329 48
329 257
329 393
330 226
330 276
330 408
330 482
331 8
331 146
331 179
331 308
332 214
332 282
333 0
333 380
334 352
334 384
335 18
335 148
336 262
336 268
336 384
336 465
337 18
337 32
337 33
338 25
338 93
338 166
338 401
339 65
340 16
340 306
341 1
341 29
341 64
341 140
341 193
341 265
342 8
342 328
343 4
344 0
344 30
344 128
344 329
344 395
345 5
345 16
345 405
345 436
346 102
346 129
346 228
347 38
347 264
349 34
349 81
349 122
349 161
349 194
351 82
351 84
352 82
352 120
352 128
352 135
352 348
353 72
353 178
353 256
353 448
354 3
354 164
354 266
355 51
355 102
355 325
356 4
356 19
356 32
356 138
356 228
356 263
357 159
358 111
358 426
359 148
360 16
360 276
360 296
360 321
361 0
361 9
363 169
363 192
364 9
364 180
364 192
364 291
366 1
367 34
367 322
368 92
368 258
369 2
369 223
369 400
370 0
370 260
372 106
374 65
374 194
376 292
376 388
378 324
380 196
380 328
381 288
381 306
381 425
383 234
384 1
384 16
384 24
384 32
384 63
384 64
384 274
384 352
384 411
385 418
386 37
386 63
386 109
386 192
386 272
386 392
387 8
387 32
387 193
388 5
388 13
388 16
388 19
388 64
388 136
388 262
388 327
388 418
389 4
389 96
389 264
390 5
390 40
390 71
390 139
390 171
390 380
390 400
391 4
391 176
392 56
392 129
392 290
393 154
393 161
393 271
393 284
394 33
394 178
394 390
395 50
395 171
396 228
396 432
397 274
398 66
398 134
398 193
398 269
398 352
399 7
399 324
400 0
400 2
400 33
400 42
400 78
400 192
400 328
400 340
400 352
400 428
401 4
401 339
402 5
402 52
402 64
402 188
402 240
402 298
403 272
403 329
403 361
403 377
403 416
404 16
404 120
404 322
405 139
406 160
406 272
408 256
408 278
409 36
409 76
409 272
409 355
409 359
410 69
411 313
411 323
412 18
412 233
413 0
413 128
414 25
414 147
415 351
416 74
416 327
416 387
416 432
417 22
417 352
418 3
418 278
418 321
419 87
419 113
422 88
422 129
423 253
423 451
424 12
424 68
424 100
424 272
425 16
426 85
426 193
426 329
427 271
429 3
431 264
431 435
432 42
434 104
434 256
435 196
436 19
436 99
436 276
437 36
440 85
441 125
441 165
444 16
444 66
448 11
448 13
448 452
449 11
449 132
449 288
449 296
449 329
449 390
449 413
450 66
450 159
450 339
451 121
452 25
452 30
452 195
452 204
452 316
452 505
454 17
454 128
454 444
455 340
455 473
456 41
456 401
456 488
457 32
457 161
457 264
457 278
457 350
457 376
457 400
458 136
460 9
460 76
460 104
461 24
461 200
461 263
462 1
464 33
464 150
464 388
466 338
466 432
467 75
467 114
467 261
467 267
468 128
469 44
469 238
469 346
470 14
470 233
472 0
472 14
472 218
472 395
473 41
473 148
473 272
473 341
473 352
474 311
477 0
478 439
479 35
480 225
480 274
481 102
482 33
482 147
484 197
485 126
485 296
486 198
488 4
488 228
489 35
489 154
489 288
490 3
490 5
490 486
492 3
492 16
492 26
492 29
492 139
492 271
494 24
495 18
496 7
496 100
496 104
497 192
497 326
499 65
500 129
501 168
502 33
503 8
504 66
504 76
504 94
504 224
504 308
506 74
506 144
507 204
509 33
510 138
