# Synthetic Kronecker Graph 
# Edges are directed 
0 3
0 33
0 36
0 37
0 42
0 45
0 55
1 0
1 15
1 32
1 34
1 40
1 42
1 58
2 0
2 1
2 7
2 10
2 15
2 33
2 36
2 46
2 60
3 0
3 4
3 17
3 26
3 50
4 3
4 8
4 32
4 42
4 44
4 48
4 49
5 0
5 8
5 33
5 42
6 9
6 11
6 32
7 5
7 10
8 2
8 10
8 24
8 47
8 51
9 0
9 21
10 8
10 20
10 25
10 41
11 3
11 36
11 40
12 0
12 3
12 4
12 6
13 0
13 60
14 4
14 8
15 6
15 17
15 18
16 3
16 8
16 32
16 33
16 36
17 2
17 4
17 32
17 35
17 36
18 0
18 6
18 10
18 17
18 44
19 0
20 0
20 2
20 15
20 48
21 0
21 1
21 4
21 8
21 56
22 2
22 23
22 33
23 6
24 0
24 1
24 4
24 8
24 10
24 33
24 48
25 5
25 58
26 5
26 17
26 34
27 20
28 33
29 40
29 46
32 16
32 32
33 3
34 0
34 2
34 3
34 4
34 5
34 16
34 18
35 0
35 16
36 31
36 34
37 48
38 6
38 38
39 4
39 30
40 0
40 1
40 12
40 44
40 51
41 8
41 34
42 3
42 7
42 9
42 16
42 32
44 12
44 14
45 4
45 6
45 16
45 62
46 8
47 33
47 54
48 30
48 32
48 38
49 0
49 16
49 33
51 1
52 25
53 4
53 38
54 18
55 15
56 16
57 13
59 6
59 36
60 52
61 36
62 18
62 34
63 34
