# Synthetic Kronecker Graph 
# Edges are directed 
0 0
0 2
0 6
0 8
0 17
0 18
0 25
0 37
0 41
0 80
0 104
0 128
0 141
0 172
0 256
0 332
0 413
0 417
0 448
0 513
0 530
0 532
0 608
0 649
0 660
0 806
0 964
0 1036
0 1058
0 1084
0 1096
0 1154
0 1168
0 1172
0 1232
0 1443
0 1554
0 1583
0 1592
0 1667
0 1670
0 1984
1 0
1 33
1 101
1 134
1 290
1 297
1 312
1 352
1 515
1 536
1 693
1 721
1 880
1 1108
1 1184
1 1280
1 1362
1 1380
1 1491
1 1558
1 1568
1 1602
1 1937
1 1984
2 1
2 20
2 32
2 136
2 137
2 192
2 212
2 271
2 272
2 289
2 333
2 385
2 388
2 392
2 414
2 418
2 464
2 528
2 572
2 584
2 647
2 674
2 717
2 832
2 1025
2 1080
2 1104
2 1310
2 1320
2 1368
2 1681
2 1682
2 1932
3 8
3 119
3 170
3 343
3 384
3 412
3 468
3 500
3 524
3 669
3 713
3 1094
3 1874
4 2
4 76
4 144
4 148
4 232
4 434
4 526
4 584
4 792
4 1040
4 1074
4 1101
4 1156
4 1194
4 1216
4 1285
4 1376
4 1472
4 1498
4 1589
4 1632
4 1728
4 1838
4 1848
5 0
5 32
5 54
5 113
5 228
5 258
5 392
5 393
5 707
5 729
5 962
5 970
5 1158
5 1364
5 1425
5 1560
6 2
6 22
6 25
6 32
6 227
6 296
6 336
6 513
6 628
6 656
6 690
6 774
6 960
6 1040
6 1094
6 1280
6 1313
6 1419
6 1760
7 16
7 24
7 32
7 88
7 512
7 526
7 569
7 804
7 1032
7 1037
7 1154
7 1450
7 1541
7 1542
7 1608
7 1996
8 81
8 94
8 108
8 123
8 148
8 225
8 290
8 513
8 599
8 609
8 818
8 1027
8 1092
8 1095
8 1105
8 1170
8 1311
8 1334
8 1586
8 1602
9 40
9 66
9 171
9 278
9 328
9 616
9 860
9 1312
9 1444
9 1610
10 4
10 30
10 53
10 88
10 108
10 290
10 449
10 505
10 523
10 533
10 655
10 708
10 1041
10 1186
10 1399
10 1736
11 13
11 18
11 53
11 536
11 706
11 737
11 944
11 1157
11 1415
11 1416
11 1553
11 1726
11 1872
11 1954
12 1
12 5
12 10
12 12
12 21
12 35
12 106
12 161
12 260
12 268
12 285
12 288
12 389
12 392
12 468
12 578
12 602
12 625
12 642
12 658
12 872
12 895
12 896
12 913
12 1060
12 1167
12 1410
12 1633
12 1684
12 1794
12 1879
13 43
13 55
13 65
13 164
13 226
13 512
13 737
13 1030
13 1035
13 1112
13 1288
13 1876
13 1955
14 16
14 163
14 448
14 515
14 520
14 785
14 837
14 1081
14 1152
14 1154
14 1220
14 1793
15 83
15 96
15 228
15 640
15 960
15 1071
16 36
16 44
16 176
16 194
16 219
16 225
16 236
16 252
16 298
16 384
16 542
16 576
16 609
16 612
16 613
16 771
16 782
16 900
16 1020
16 1028
16 1062
16 1124
16 1160
16 1168
16 1221
16 1251
16 1280
16 1330
16 1390
16 1574
16 1668
16 1733
16 1889
16 1897
17 34
17 52
17 80
17 180
17 193
17 196
17 203
17 224
17 347
17 528
17 547
17 597
17 804
17 818
17 924
17 1024
17 1372
18 4
18 32
18 71
18 84
18 136
18 139
18 146
18 167
18 186
18 212
18 300
18 323
18 513
18 1028
18 1040
18 1318
18 1347
18 1382
18 1645
18 1757
18 1822
19 131
19 230
19 369
19 865
19 1033
19 1102
19 1297
20 1
20 68
20 69
20 97
20 202
20 272
20 395
20 464
20 515
20 543
20 552
20 655
20 776
20 1125
20 1204
20 1312
20 1313
20 1572
20 1574
20 1792
20 1868
21 0
21 264
21 288
21 672
21 964
21 1083
21 1259
21 1708
22 0
22 100
22 129
22 192
22 211
22 245
22 548
22 598
22 740
22 772
22 778
22 1177
22 1262
22 1553
22 1653
22 1811
23 238
23 513
23 1056
23 1092
23 1424
23 1589
23 1664
24 32
24 394
24 473
24 513
24 580
24 675
24 871
24 1112
24 1159
24 1161
24 1553
24 1932
25 20
25 49
25 240
25 385
25 1130
25 1334
26 33
26 134
26 138
26 153
26 523
26 804
26 878
26 1132
26 1297
26 1361
26 1633
26 1833
26 1859
27 8
27 17
27 34
27 64
27 141
27 842
27 858
27 1316
27 1384
27 1932
28 18
28 38
28 269
28 540
28 738
28 947
28 1163
28 1264
28 1379
29 60
29 66
29 520
29 1056
29 1768
29 1831
29 1860
30 1
30 36
30 101
30 201
30 337
30 358
30 912
30 1074
30 1192
30 1206
30 1762
31 83
31 96
31 154
31 628
31 1430
32 15
32 16
32 36
32 81
32 120
32 145
32 149
32 216
32 229
32 281
32 298
32 473
32 531
32 713
32 740
32 944
32 1019
32 1024
32 1032
32 1222
32 1536
32 1538
32 2021
33 5
33 10
33 71
33 83
33 102
33 272
33 530
33 553
33 556
33 577
33 898
33 1158
33 1173
33 1189
33 1233
33 1360
33 1926
34 1
34 35
34 96
34 98
34 112
34 316
34 472
34 499
34 529
34 640
34 642
34 753
34 842
34 1024
34 1035
34 1083
34 1084
34 1120
34 1300
34 1301
34 1328
34 1536
34 1544
34 1604
34 1672
34 1743
34 1873
34 1985
35 17
35 39
35 272
35 299
35 397
35 520
35 1285
35 1288
35 1488
35 1923
36 32
36 65
36 97
36 259
36 282
36 336
36 404
36 410
36 544
36 622
36 1284
36 1873
37 75
37 203
37 258
37 389
37 551
37 1024
37 1047
37 1128
37 1161
37 1249
37 1330
37 1670
37 1874
37 1964
38 33
38 44
38 180
38 576
38 913
38 1088
38 1110
38 1153
38 1281
38 1616
38 1804
38 1827
39 0
39 524
39 577
39 593
39 865
39 1071
39 1283
39 1717
39 1840
40 0
40 1
40 5
40 36
40 80
40 133
40 150
40 200
40 268
40 320
40 405
40 480
40 500
40 652
40 794
40 868
40 923
40 966
40 1024
40 1043
40 1053
40 1072
40 1221
40 1612
40 1796
40 1837
40 1888
41 9
41 79
41 186
41 546
41 1034
41 1074
41 1089
41 1153
41 1200
42 0
42 20
42 464
42 832
42 1077
42 1104
43 24
43 240
43 256
43 272
43 848
43 1117
43 1184
43 1576
44 165
44 258
44 368
44 506
44 582
44 1138
44 1284
44 1380
44 1475
45 142
45 288
45 897
45 1030
45 1076
45 1714
46 25
46 32
46 523
46 1052
47 264
47 768
48 48
48 56
48 57
48 65
48 97
48 112
48 133
48 196
48 236
48 251
48 386
48 394
48 568
48 597
48 805
48 834
48 968
48 1425
48 1676
48 1779
48 1857
49 3
49 26
49 93
49 514
49 648
49 1024
49 1074
49 1382
49 1656
50 9
50 35
50 38
50 64
50 289
50 723
50 853
50 905
50 1156
50 1176
50 1363
50 1440
50 1484
50 1924
51 74
51 107
51 146
51 370
51 537
51 837
51 1422
51 1760
52 4
52 6
52 42
52 98
52 288
52 676
52 789
52 1173
53 259
53 513
53 729
53 1122
53 1155
53 1540
54 7
54 32
54 255
54 361
54 553
54 785
54 792
54 1052
54 1168
54 1281
54 1299
54 1321
54 1348
55 6
56 9
56 704
56 1048
56 1058
57 5
57 55
57 128
57 344
57 394
57 403
57 424
57 542
57 668
57 1106
57 1428
57 1472
57 1473
57 1474
57 1661
57 1808
58 96
58 101
58 276
58 712
58 1024
58 1142
58 1175
58 1636
59 147
59 261
59 263
59 298
59 1163
60 79
60 82
60 143
60 364
60 400
60 513
60 520
60 1033
60 1185
60 1232
60 1345
61 642
62 8
62 96
62 390
63 345
63 488
63 1060
64 8
64 38
64 104
64 126
64 153
64 168
64 261
64 266
64 327
64 334
64 454
64 561
64 586
64 593
64 601
64 607
64 618
64 648
64 676
64 716
64 768
64 1025
64 1264
64 1294
64 1312
64 1794
64 1997
65 0
65 4
65 19
65 135
65 204
65 256
65 261
65 594
65 884
65 1082
65 1160
65 1306
65 1890
65 1966
66 32
66 36
66 92
66 320
66 421
66 520
66 573
66 775
66 914
66 1029
66 1154
66 1285
66 1355
66 1434
66 1785
66 1802
66 1840
67 6
67 30
67 40
67 236
67 312
67 330
67 555
67 560
67 688
67 776
67 1048
67 1362
67 1602
68 18
68 35
68 221
68 290
68 297
68 404
68 549
68 552
68 594
68 801
68 846
68 1169
68 1202
68 1283
68 1574
68 1600
69 11
69 73
69 435
69 844
69 1060
69 1300
69 1376
69 1591
69 1750
70 2
70 354
70 597
70 694
70 769
70 1092
70 1195
70 1416
70 1422
70 1804
71 134
71 270
71 319
71 516
71 1713
72 4
72 44
72 70
72 84
72 189
72 476
72 514
72 544
72 589
72 722
72 1028
72 1380
72 1537
72 1932
73 0
73 4
73 256
73 257
73 288
73 292
73 438
73 453
73 521
73 672
73 700
73 784
73 832
73 1057
73 1544
73 1560
74 85
74 273
74 333
74 837
74 1536
74 1573
75 1
75 16
75 544
75 776
76 436
76 1024
76 1280
76 1306
77 291
77 1184
77 1279
77 1352
78 73
78 133
78 264
78 302
78 580
78 1216
78 1473
78 1893
78 1939
79 304
79 318
79 1046
79 1188
80 7
80 67
80 72
80 257
80 290
80 388
80 612
80 1052
80 1057
80 1121
80 1209
80 1395
80 1536
80 1627
80 1825
80 1844
81 11
81 18
81 32
81 206
81 353
81 404
81 547
81 594
81 1065
81 1081
81 1457
81 1795
81 1920
81 1944
82 1
82 88
82 273
82 353
82 518
82 536
82 578
82 583
82 972
82 1060
82 1172
82 1569
83 19
83 215
83 251
83 452
83 850
83 902
84 3
84 13
84 79
84 170
84 263
84 356
84 424
84 525
84 675
84 816
84 1923
85 40
85 137
85 257
85 329
85 386
85 453
85 1032
85 1770
86 54
86 665
86 721
86 1030
86 1124
86 1411
86 1570
87 4
87 769
87 929
88 0
88 152
88 1181
88 1288
89 224
89 576
89 797
89 876
89 900
89 1153
89 1189
90 2
90 88
90 400
90 618
91 48
91 68
92 5
92 23
92 516
92 529
92 582
92 647
92 1025
92 1418
92 1577
93 776
93 1638
94 0
94 4
94 32
94 265
94 1281
95 21
95 121
95 256
95 464
95 960
95 1173
95 1776
96 4
96 10
96 24
96 176
96 272
96 420
96 486
96 515
96 516
96 546
96 557
96 642
96 788
96 789
96 833
96 1024
96 1093
96 1345
96 1444
96 1667
97 4
97 32
97 70
97 264
97 434
97 448
97 606
97 652
97 1034
97 1058
97 1440
98 4
98 18
98 55
98 68
98 306
98 326
98 368
98 768
98 1033
98 1427
98 1730
99 8
99 174
99 554
99 803
99 1880
100 0
100 4
100 10
100 13
100 31
100 226
100 546
100 584
100 1058
100 1186
100 1285
100 1446
100 1666
100 1801
101 32
101 100
101 516
101 528
101 1260
101 1297
101 1312
102 549
102 672
102 1152
102 1608
103 36
103 585
103 834
103 1065
103 1104
103 1538
104 48
104 208
104 228
104 274
104 322
104 489
104 657
104 704
104 1049
104 1108
105 13
105 40
105 130
105 135
105 138
105 384
105 512
105 532
105 1178
105 1668
105 1843
105 1985
106 25
106 563
106 794
106 1026
107 544
107 1324
107 1709
108 115
108 128
108 324
108 673
108 1158
108 1569
109 564
109 776
109 1094
110 9
110 484
110 516
110 724
110 1064
110 1545
111 421
111 523
111 834
112 85
112 260
112 328
112 428
112 471
112 529
112 586
112 672
112 1201
112 1288
112 1536
112 1683
113 961
113 1581
113 1794
114 6
114 18
114 35
114 44
114 136
114 294
114 360
114 465
114 476
114 514
114 519
114 1225
114 1410
114 1584
114 1665
115 89
115 162
115 270
115 1224
115 1545
115 1674
115 1792
116 228
116 279
116 714
116 841
117 97
117 824
117 962
117 1419
118 70
118 1034
118 1216
119 577
119 1546
120 12
120 128
120 283
120 400
120 1545
120 1568
121 9
121 259
121 814
121 1226
121 1346
121 1456
121 1568
122 276
122 440
122 515
122 689
123 201
123 309
123 832
124 137
124 212
124 448
124 1161
124 1287
125 274
125 388
125 531
125 536
125 1196
127 43
127 756
128 0
128 17
128 22
128 66
128 88
128 90
128 97
128 131
128 136
128 138
128 177
128 217
128 272
128 352
128 512
128 776
128 1024
128 1036
128 1044
128 1056
128 1143
128 1169
128 1262
128 1297
128 1312
128 1348
128 1536
128 1539
128 1603
129 2
129 9
129 15
129 293
129 355
129 387
129 422
129 514
129 524
129 534
129 802
129 1130
129 1376
129 1492
129 1715
130 0
130 8
130 100
130 137
130 412
130 449
130 512
130 517
130 535
130 545
130 1121
130 1143
130 1652
130 1940
130 1996
131 36
131 64
131 68
131 193
131 388
131 515
131 524
131 768
131 808
131 827
131 1028
131 1064
131 1130
132 1
132 48
132 68
132 141
132 224
132 404
132 534
132 1161
132 1168
132 1285
132 1305
132 1319
132 1325
132 1593
132 1712
133 192
133 282
133 449
133 549
133 552
133 689
133 1125
133 1297
133 1397
133 1408
133 1549
134 128
134 160
134 325
134 369
134 523
134 552
134 560
134 644
134 1145
134 1161
134 1338
134 1347
134 1420
134 1472
134 1512
134 1545
134 1994
135 1
135 322
135 397
135 1158
136 1
136 4
136 34
136 48
136 82
136 207
136 268
136 269
136 813
136 906
136 1108
136 1219
136 1372
136 1987
137 24
137 48
137 63
137 128
137 256
137 288
137 550
137 642
137 644
137 849
137 1026
137 1047
137 1192
137 1280
137 1540
138 48
138 68
138 69
138 348
138 570
138 588
138 706
138 1871
139 64
140 33
140 101
140 116
140 192
140 227
140 322
140 386
140 502
140 948
140 1033
140 1169
140 1393
140 1594
140 1697
140 1700
141 74
141 98
141 132
141 548
141 1033
141 1042
141 1231
141 1586
141 1665
142 59
142 68
142 267
142 553
142 803
142 1026
142 1156
142 1457
142 1538
143 0
143 1344
143 1958
144 3
144 52
144 121
144 324
144 393
144 543
144 545
144 554
144 576
144 588
144 650
144 674
144 1620
144 1650
144 1768
145 2
145 21
145 44
145 82
145 178
145 624
145 761
145 1042
145 1398
145 1490
145 1537
145 1802
145 1813
145 1814
145 1828
145 1857
146 65
146 156
146 161
146 263
146 288
146 392
146 395
146 404
146 527
146 658
146 676
146 1048
146 1280
146 1900
147 66
147 96
147 231
147 266
147 531
147 1169
147 1224
148 1
148 9
148 54
148 69
148 340
148 419
148 1152
148 1496
148 1536
148 1860
149 256
149 768
149 1033
149 1289
150 32
150 72
150 95
150 425
150 925
150 1032
150 1153
150 1162
150 1257
151 186
151 360
151 659
151 781
151 896
152 4
152 5
152 36
152 71
152 133
152 156
152 199
152 481
152 600
152 860
152 1376
152 1569
152 1826
152 1842
153 204
153 485
153 504
153 576
153 653
154 129
154 221
154 1378
155 527
155 584
155 901
155 1120
155 1634
156 4
156 105
156 106
156 399
156 464
156 663
156 909
156 1312
156 1424
156 1923
156 1928
157 536
157 1569
158 56
158 94
158 1160
159 579
160 2
160 28
160 32
160 40
160 59
160 110
160 148
160 164
160 356
160 390
160 419
160 420
160 512
160 530
160 640
160 740
160 824
160 1225
160 1282
160 1484
160 1616
160 1681
160 1768
161 67
161 104
161 256
161 549
161 566
161 680
161 739
161 743
161 774
161 1823
162 33
162 67
162 76
162 88
162 129
162 140
162 288
162 289
162 712
162 1099
162 1296
162 1354
163 8
163 136
163 152
163 158
163 177
163 192
163 260
163 588
163 656
163 1152
164 4
164 68
164 93
164 144
164 176
164 275
164 465
164 608
164 772
164 788
164 984
164 1695
164 1930
165 12
165 260
165 265
165 325
165 514
165 598
165 781
165 1152
165 1162
165 1256
166 133
166 1169
166 1410
167 38
167 1231
168 2
168 18
168 67
168 326
168 578
168 768
168 794
168 1025
168 1033
168 1092
168 1189
168 1490
168 1794
168 1824
169 528
169 1691
170 68
170 297
170 1025
170 1168
170 1418
170 1490
170 1544
170 1552
170 1647
171 291
171 1046
171 1100
171 1792
172 329
172 384
172 512
172 1300
173 66
173 111
173 129
173 1053
174 4
174 80
174 134
174 352
174 777
174 1894
175 1069
176 1
176 26
176 235
176 239
176 1027
176 1048
176 1112
176 1196
176 1852
177 32
177 69
177 220
177 591
177 1044
177 1480
178 80
178 265
178 477
178 1045
178 1270
178 1304
179 1282
180 943
180 1028
180 1031
180 1061
181 13
181 80
181 218
181 448
181 560
181 596
181 1028
181 1074
182 128
182 280
182 362
182 804
182 928
182 1858
183 610
183 1113
183 1168
183 1372
184 0
184 399
184 561
184 1157
184 1536
185 565
185 594
185 1051
185 1054
185 1122
185 1329
185 1793
186 65
186 74
186 1128
186 1424
186 1537
186 1588
187 560
187 833
187 843
188 1313
188 1704
189 1875
190 458
190 1060
190 1800
192 98
192 135
192 293
192 402
192 594
192 595
192 640
192 800
192 856
192 1312
192 1617
192 1925
193 0
193 41
193 45
193 272
193 276
193 386
193 512
193 520
193 1150
193 1324
193 1950
194 34
194 96
194 322
194 546
194 608
194 887
194 1043
194 1112
195 163
195 288
195 344
195 444
195 1094
195 1106
195 1160
195 1764
196 4
196 50
196 112
196 118
196 165
196 298
196 323
196 588
196 1088
196 1115
196 1282
196 1596
196 1634
196 1709
197 30
197 96
197 288
197 329
197 601
197 704
197 1034
197 1058
198 26
198 131
198 156
198 256
198 392
198 462
198 834
198 1104
199 32
199 94
199 261
199 1081
200 89
200 133
200 392
200 514
200 587
200 720
200 1000
200 1352
201 32
201 76
201 112
201 239
201 612
201 1030
201 1050
201 1640
202 1
202 30
202 256
202 274
202 768
202 1186
202 1272
202 1729
203 46
203 516
203 1154
203 1473
204 1
204 142
204 148
204 287
205 4
205 139
206 5
206 130
206 201
206 644
206 1545
206 1640
207 1155
207 1476
207 1673
208 114
208 520
208 919
208 1090
208 1120
208 1381
208 1474
208 1814
209 59
209 88
209 97
209 269
209 271
209 291
209 1148
209 1154
209 1268
209 1408
209 1562
209 1574
209 1586
209 1729
209 1736
209 1860
210 7
210 195
210 304
210 1349
211 27
211 64
211 104
211 464
211 654
211 786
211 1682
212 32
212 48
212 139
212 156
212 340
212 1025
213 264
213 514
213 548
213 554
213 1198
213 1208
213 1251
213 1418
213 1469
213 1536
213 1840
214 293
215 3
215 676
216 196
216 864
216 1359
216 1376
216 1448
216 1660
217 1153
217 1226
217 1480
218 141
218 273
218 325
218 1221
219 7
219 176
219 1024
220 36
220 185
220 197
220 265
220 303
220 513
220 658
220 1284
220 1409
221 1673
223 416
223 1036
223 1132
223 1732
224 130
224 281
224 304
224 778
224 1434
225 664
225 1076
226 0
226 26
226 52
226 104
226 514
226 1063
226 1098
226 1425
226 1546
227 69
227 271
227 501
227 517
227 1080
228 0
228 49
228 288
228 1032
228 1537
228 1632
228 1655
229 1216
229 1586
230 64
230 208
230 640
230 1042
230 1114
230 1168
230 1553
230 1826
231 359
231 514
232 514
232 696
232 1105
233 95
233 400
233 640
233 941
233 1092
233 1440
234 200
234 264
234 898
234 1157
235 258
235 290
236 40
236 61
236 737
236 1001
236 1178
237 1554
237 1664
238 566
238 833
239 286
240 4
240 161
240 529
240 538
240 548
240 1282
240 1475
240 1544
240 1792
241 408
241 550
241 1055
242 17
242 293
242 603
242 606
242 824
242 903
243 64
243 1571
244 665
244 840
244 1637
245 30
245 82
246 144
246 229
246 1201
248 2
248 15
248 225
248 231
248 297
248 1488
249 58
249 75
249 1161
249 1558
250 131
250 138
250 299
250 1344
251 86
251 104
252 0
252 161
252 1052
252 1702
253 171
253 480
253 1080
254 64
254 801
254 969
256 32
256 93
256 160
256 253
256 273
256 417
256 676
256 736
256 824
256 1000
256 1024
256 1069
256 1160
256 1274
256 1306
256 1363
256 1542
256 1576
256 1674
256 1809
257 6
257 30
257 80
257 448
257 481
257 536
257 576
257 580
257 605
257 728
257 858
257 873
257 1030
257 1066
257 1596
257 1601
258 16
258 64
258 80
258 132
258 213
258 297
258 340
258 352
258 388
258 526
258 565
258 592
258 651
258 704
258 1056
258 1123
258 1193
258 1233
258 1280
258 1312
258 1434
258 1638
258 1673
258 1701
258 1776
259 66
259 114
259 134
259 138
259 300
259 378
259 522
259 538
259 784
259 1034
259 1249
259 1352
259 1476
259 1573
260 2
260 33
260 67
260 156
260 157
260 196
260 281
260 291
260 425
260 491
260 518
260 634
260 804
260 1065
260 1072
260 1136
260 1156
260 1219
260 1384
260 1486
260 1673
260 1708
260 1715
260 1937
261 524
261 640
261 964
261 1028
261 1038
262 99
262 218
262 289
262 603
262 654
262 776
262 1045
262 1767
263 269
263 312
263 1088
263 1353
263 1673
263 1934
264 90
264 116
264 150
264 160
264 808
264 870
264 1029
264 1050
264 1158
264 1330
264 1345
264 1348
264 1409
264 1649
264 1665
264 1700
264 1717
265 4
265 140
265 164
265 317
265 392
265 566
265 1028
265 1088
265 1284
265 1425
265 1664
265 1714
265 1729
266 104
266 108
266 199
266 607
266 770
266 1469
266 1536
266 1596
267 512
267 1280
268 90
268 270
268 448
268 657
268 1029
268 1104
268 1190
268 1536
268 1795
269 19
269 20
269 161
269 208
269 340
269 349
269 440
269 514
270 58
270 90
270 327
270 871
270 960
270 1033
270 1996
271 1472
271 1585
271 1632
272 33
272 39
272 75
272 122
272 134
272 141
272 327
272 362
272 592
272 785
272 789
272 1031
272 1804
272 1826
272 1956
273 0
273 5
273 45
273 512
273 537
273 556
273 566
273 616
273 683
273 782
273 1538
273 1544
273 1568
273 1570
273 1592
274 12
274 168
274 177
274 253
274 346
274 352
274 413
274 619
274 912
275 161
275 184
275 264
275 339
275 896
275 1152
275 1672
276 9
276 34
276 41
276 66
276 132
276 174
276 232
276 392
276 456
276 614
276 802
276 1024
276 1084
276 1156
276 1424
276 1982
277 168
277 256
277 512
277 513
277 529
277 859
277 1059
278 52
278 112
278 132
278 196
278 405
278 516
278 556
278 658
278 704
278 936
278 1064
279 48
279 150
279 266
279 449
279 896
280 8
280 9
280 33
280 146
280 269
280 552
280 688
280 713
280 1034
280 1121
280 1200
280 1380
280 1410
280 1600
280 1733
280 1792
281 112
281 723
281 1110
282 33
282 160
282 162
282 209
282 577
282 579
282 1039
282 1040
282 1056
282 1095
282 1362
282 1508
283 0
283 842
284 593
284 778
284 1088
284 1191
284 1541
285 70
285 140
285 209
285 852
285 1538
286 1049
286 1061
287 1158
287 1207
288 1
288 4
288 9
288 17
288 64
288 92
288 146
288 260
288 272
288 515
288 547
288 580
288 1025
288 1028
288 1034
288 1608
288 1792
289 169
289 172
289 196
289 257
289 368
289 457
289 547
289 785
289 1909
290 70
290 257
290 652
290 656
290 712
290 841
290 931
290 1088
290 1130
290 1376
290 1546
291 6
291 170
291 174
291 200
291 332
291 345
291 591
291 1031
291 1743
291 1984
292 40
292 48
292 233
292 265
292 320
292 666
292 1040
292 1054
292 1548
293 103
293 112
293 161
293 516
293 654
293 1170
293 1798
294 2
294 26
294 72
294 328
294 386
294 448
294 1028
294 1106
294 1282
295 113
295 120
295 257
295 1345
296 8
296 34
296 52
296 108
296 225
296 246
296 1104
296 1177
296 1337
297 257
297 642
297 1088
297 1153
297 1237
297 1594
297 1601
298 4
298 9
298 321
298 432
298 914
298 1747
298 1876
298 1952
299 8
299 24
299 416
299 1321
299 1364
300 165
300 1029
300 1033
300 1088
300 1703
301 305
301 992
302 1057
302 1673
303 448
303 640
303 1024
304 520
304 532
304 768
304 900
304 1252
304 1428
305 22
305 105
305 354
305 516
305 1037
305 1482
305 1496
305 1578
306 65
306 67
306 265
306 300
306 577
306 772
306 1025
306 1080
306 1186
306 1217
306 1256
306 1564
306 1600
306 1875
307 129
307 780
307 906
307 1074
307 1641
308 8
308 290
308 330
308 886
308 1064
308 1539
309 128
309 152
309 1314
309 1331
309 1796
310 0
310 86
310 1107
311 96
311 307
311 1040
311 1228
312 2
312 516
312 517
312 519
312 779
312 905
312 1352
312 1932
313 48
313 108
313 142
313 290
313 326
313 596
313 1666
314 0
314 84
314 193
314 280
315 4
315 1177
316 483
316 729
316 880
316 912
316 1033
316 1219
316 1920
316 1972
317 292
317 361
317 1056
317 1540
318 135
318 1233
319 816
320 0
320 20
320 48
320 169
320 216
320 452
320 515
320 641
320 832
320 1033
320 1084
320 1088
320 1738
321 44
321 84
321 134
321 437
321 544
321 601
321 774
321 1026
321 1042
321 1056
321 1538
321 1874
322 48
322 56
322 92
322 98
322 150
322 292
322 379
322 505
322 518
322 768
322 1056
322 1089
322 1092
322 1538
322 1581
323 518
323 1088
323 1432
323 1609
324 10
324 68
324 76
324 77
324 86
324 354
324 512
324 522
324 596
324 710
324 1094
324 1381
324 1472
324 1792
325 13
325 18
325 209
325 228
325 232
325 260
325 262
325 387
325 1050
325 1219
326 516
326 622
326 778
326 1056
326 1338
326 1372
326 1805
327 17
327 353
327 1064
327 1577
328 162
328 193
328 350
328 392
328 610
328 768
328 855
328 1280
328 1529
328 1539
328 1920
329 135
329 196
329 264
329 290
329 524
329 901
329 1133
329 1240
330 1
330 102
330 124
330 204
330 527
330 544
330 645
330 800
330 1076
330 1345
330 1367
330 1794
331 2
331 156
331 186
331 679
331 1044
331 1212
332 1153
332 1177
332 1232
332 1261
332 1665
332 1881
333 160
333 208
333 406
333 518
333 902
334 516
334 696
334 921
334 1024
334 1561
335 17
335 769
335 1226
336 4
336 33
336 74
336 132
336 222
336 257
336 264
336 277
336 807
336 992
336 1025
336 1196
336 1224
336 1248
336 1284
336 1538
336 1600
337 417
337 521
337 592
337 790
337 1089
337 1555
338 16
338 165
338 256
338 306
338 320
338 338
338 464
338 544
338 970
338 1157
338 1166
338 1196
338 1233
338 1424
339 292
339 626
339 931
339 1072
339 1188
339 1629
340 34
340 54
340 279
340 487
340 1354
340 1556
341 17
341 925
341 1039
341 1155
341 1296
341 1587
342 2
342 20
342 544
342 548
342 945
342 1032
342 1633
343 320
343 793
343 902
343 1536
344 0
344 36
344 68
344 546
344 673
344 792
344 1026
344 1062
344 1200
344 1474
344 1586
344 1666
344 1834
345 130
345 168
345 904
345 930
345 1093
345 1803
346 24
346 160
346 169
346 303
346 739
346 1154
346 1336
346 1736
346 1932
347 276
347 707
347 1442
347 1696
348 360
348 390
348 673
348 768
348 1288
349 6
349 28
349 1085
350 8
350 642
352 0
352 64
352 265
352 292
352 336
352 393
352 658
352 772
352 904
352 1032
352 1088
352 1100
352 1328
352 1680
352 2011
353 44
353 49
353 64
353 80
353 240
353 648
353 1034
353 1300
353 1546
353 1641
353 1712
353 1810
354 7
354 18
354 24
354 40
354 50
354 292
354 595
354 641
354 976
354 1189
354 1441
355 124
355 344
355 801
356 84
356 97
356 772
356 869
356 1032
356 1684
357 0
357 32
357 144
357 528
358 131
358 1632
359 196
360 148
360 361
360 430
360 670
360 1027
360 1718
360 1939
361 704
361 800
362 1
362 137
362 724
362 1026
362 1561
363 258
363 704
363 824
363 1032
364 34
364 80
364 345
364 1482
365 61
365 80
365 260
365 760
365 794
365 1116
365 1954
365 2025
366 144
366 616
366 1028
367 1607
368 16
368 260
368 368
368 1156
369 151
369 297
369 428
369 1580
369 1664
370 11
370 96
370 1064
370 1072
371 546
372 121
372 1062
372 1155
372 1574
373 68
373 1157
374 552
374 900
374 1134
374 1216
375 1230
376 407
376 417
376 484
376 668
377 9
377 565
377 1682
378 10
378 22
378 293
378 393
378 513
379 77
379 512
379 1056
380 1
380 209
380 1270
381 802
381 1283
382 16
382 770
382 1544
383 1601
384 28
384 38
384 175
384 204
384 358
384 515
384 773
384 1033
384 1140
384 1379
384 1442
384 1568
384 1619
384 1666
384 1813
384 1827
385 64
385 137
385 292
385 532
385 648
385 712
385 760
385 1080
385 1154
386 117
386 454
386 811
386 1041
386 1264
386 1586
386 1641
386 1664
387 11
387 65
387 96
387 173
387 268
387 534
387 736
387 907
387 1577
387 1636
388 5
388 18
388 23
388 337
388 348
388 360
388 439
388 656
388 720
388 1105
388 1127
389 16
389 297
389 513
389 704
389 1163
389 1633
390 259
390 291
390 608
390 1168
390 1296
391 642
391 1131
392 33
392 64
392 260
392 403
392 706
392 954
392 1026
392 1043
392 1091
392 1224
392 1828
393 187
393 261
393 657
393 1044
393 1128
393 1290
393 1810
394 317
394 344
394 530
394 629
394 1163
394 1440
395 85
395 899
395 962
396 67
396 220
396 548
396 960
396 1025
396 1064
396 1504
397 51
397 84
397 325
398 0
398 6
398 514
398 960
399 416
399 585
399 622
400 2
400 23
400 84
400 128
400 176
400 192
400 218
400 297
400 400
400 546
400 649
400 680
400 914
400 1059
401 609
401 769
401 1100
401 1258
402 16
402 40
402 459
402 641
402 649
402 1175
402 1684
402 1819
403 288
403 1140
403 1668
404 44
404 294
404 385
404 432
404 521
404 558
404 1078
404 1408
404 1920
405 589
405 616
405 1036
406 0
406 71
406 773
406 1123
407 1037
407 1258
408 35
408 262
408 284
408 392
408 448
408 640
408 669
408 670
408 1026
408 1039
408 1526
408 1569
409 1544
410 38
410 1456
411 1030
411 1152
412 561
412 1046
412 1920
414 263
414 343
414 1088
414 1313
414 1481
415 36
415 852
415 1290
416 97
416 133
416 658
416 800
417 11
417 52
417 66
417 523
417 771
417 946
417 1109
417 1186
417 1356
418 192
418 256
418 292
418 384
418 656
418 693
418 902
418 1130
418 1440
418 1561
419 119
419 322
419 529
419 1025
419 1072
419 1280
419 1352
420 44
420 513
420 547
420 1025
420 1297
420 1588
421 34
421 42
421 225
421 544
421 1070
421 1389
422 1125
422 1733
423 601
424 836
424 1675
425 33
425 144
425 352
425 1476
426 137
426 146
426 1061
426 1150
426 1866
427 1594
428 205
428 452
428 616
428 1041
428 1282
429 1956
430 133
430 937
430 1112
431 325
432 5
432 71
432 148
432 258
432 352
432 1099
432 1134
432 1537
433 550
433 638
433 800
433 928
434 9
434 917
434 1540
435 50
435 914
435 948
436 16
436 22
436 328
436 694
436 1323
437 49
437 155
437 1571
438 3
438 75
438 1281
438 1711
439 344
439 671
440 41
440 164
441 293
442 64
442 134
442 1054
442 1256
443 64
443 69
443 384
443 530
444 0
444 98
444 1184
445 35
446 690
448 44
448 54
448 96
448 104
448 475
448 689
448 757
448 910
448 924
448 1032
448 1057
448 1419
448 1556
448 1569
448 1634
448 1854
449 595
449 674
449 1570
449 1696
450 30
450 41
450 392
450 550
450 1034
450 1896
451 672
451 678
451 947
451 1424
451 1787
452 4
452 292
452 712
452 1042
453 76
453 185
453 307
453 320
453 392
453 768
453 1089
453 1297
453 1536
453 1728
454 344
454 1031
454 1072
455 773
455 1295
456 2
456 86
456 176
456 268
456 325
456 550
456 646
456 1044
456 1171
456 1508
457 0
457 2
457 96
457 400
457 1316
457 1346
457 1425
457 1734
458 130
458 954
458 1030
458 1310
459 504
460 273
460 404
461 160
461 196
461 1102
461 1601
462 11
462 181
462 194
463 724
464 22
464 66
464 256
464 296
464 1197
465 192
465 538
465 784
465 1056
465 1566
466 33
466 97
466 292
466 553
467 1028
467 1304
468 18
468 39
468 194
468 316
469 185
469 433
470 616
470 864
470 928
471 1029
471 1380
471 2026
472 7
472 310
472 419
472 1058
472 1066
472 1089
472 1281
474 7
474 1105
474 1541
475 282
477 256
478 1
478 106
478 207
478 514
478 732
478 1037
478 1393
479 253
480 261
480 325
480 443
480 577
480 1036
480 1104
480 1290
480 1841
482 2
482 22
482 549
482 1177
483 161
483 211
483 321
484 10
484 263
484 1028
484 1044
484 1163
484 1360
484 1450
485 132
485 388
485 1653
485 1800
486 436
486 578
487 0
487 530
487 646
488 325
488 400
488 450
488 1613
489 100
489 1026
490 326
490 1028
490 1544
490 1556
490 1702
491 1120
491 1344
491 1957
492 1365
492 1412
493 263
494 706
495 272
495 841
496 32
496 77
496 424
496 466
496 592
496 1222
496 1832
497 96
497 332
497 533
497 709
498 4
499 386
500 784
500 1472
501 135
503 25
503 496
503 1612
504 1042
504 1336
504 1365
504 1877
505 4
505 1636
506 200
506 581
506 1665
507 260
509 27
510 8
510 129
510 1054
510 1984
512 0
512 30
512 278
512 288
512 321
512 472
512 521
512 551
512 576
512 648
512 713
512 1024
512 1026
512 1050
512 1102
512 1345
512 1408
512 1729
512 1777
512 1926
512 1947
513 0
513 38
513 100
513 118
513 130
513 146
513 212
513 309
513 523
513 739
513 768
513 836
513 839
513 985
513 1187
513 1264
513 1284
513 1374
513 1409
513 1704
513 1747
513 1801
514 12
514 18
514 28
514 66
514 96
514 105
514 130
514 338
514 433
514 549
514 842
514 851
514 1024
514 1057
514 1344
514 1696
515 68
515 150
515 512
515 939
515 1042
515 2023
516 57
516 116
516 136
516 329
516 351
516 356
516 362
516 384
516 513
516 579
516 1157
516 1248
516 1252
516 1489
516 1575
516 1842
517 8
517 17
517 32
517 98
517 112
517 136
517 192
517 552
517 722
517 1064
517 1068
517 1090
517 1324
517 1541
518 152
518 174
518 186
518 268
518 304
518 416
518 533
518 618
518 930
518 1025
518 1548
518 1706
518 1733
519 69
519 356
519 1205
519 1286
520 54
520 152
520 278
520 307
520 334
520 481
520 531
520 626
520 778
520 864
520 992
520 1041
520 1088
520 1110
520 1154
520 1204
520 1540
521 0
521 12
521 50
521 243
521 264
521 532
521 617
521 644
521 652
521 696
521 779
521 780
521 834
521 860
521 898
521 1068
521 1118
521 1152
521 1186
521 1258
521 1296
521 1475
522 270
522 278
522 292
522 576
522 610
522 719
522 868
522 1120
522 1275
522 1410
522 1737
523 163
523 173
523 280
523 466
523 593
523 904
523 1032
523 1374
524 7
524 276
524 452
524 464
524 611
524 800
524 1294
525 92
525 402
526 0
526 136
526 532
526 545
526 1032
526 1056
526 1062
526 1170
526 1288
527 592
527 924
528 82
528 133
528 138
528 158
528 180
528 200
528 210
528 256
528 308
528 312
528 315
528 482
528 580
528 1024
529 0
529 81
529 96
529 172
529 553
529 798
529 934
529 1028
529 1062
529 1152
529 1430
529 1475
529 1552
529 1554
529 1794
530 9
530 31
530 65
530 115
530 120
530 142
530 147
530 389
530 1024
530 1088
530 1169
530 1472
530 1617
531 13
531 322
531 451
531 577
531 688
531 728
531 1224
531 1464
531 1645
532 144
532 450
532 576
532 838
532 1035
532 1046
532 1110
532 1126
532 1152
532 1336
532 1556
532 1578
533 7
533 10
533 164
533 306
533 681
533 789
533 1578
533 1605
534 21
534 25
534 450
534 513
534 775
535 129
535 174
535 176
535 196
535 1316
535 1376
535 1671
536 77
536 448
536 773
536 896
536 1002
536 1026
536 1424
537 64
537 640
537 1068
537 1153
537 1561
538 8
538 19
538 96
538 161
538 594
538 625
538 1281
538 1293
538 1446
539 96
539 237
539 1028
540 10
540 72
540 97
540 258
540 594
540 915
540 1280
540 1793
541 263
541 576
541 685
541 1858
542 1292
543 21
543 288
544 69
544 136
544 171
544 260
544 263
544 537
544 544
544 580
544 976
544 1042
544 1100
544 1169
544 1236
544 1424
544 1536
545 291
545 680
545 1365
545 1428
546 3
546 8
546 90
546 96
546 98
546 677
546 1060
546 1293
546 1554
547 10
547 26
547 56
547 76
547 196
547 272
547 1044
547 1056
547 1098
547 1256
547 1282
547 1432
547 1956
548 138
548 329
548 534
548 602
548 809
548 930
548 1033
548 1248
548 1348
548 1704
548 1962
549 1152
549 1754
550 11
550 54
550 290
550 393
550 1800
551 8
551 104
551 169
551 192
551 800
552 9
552 284
552 520
552 650
552 1137
552 1282
552 1355
552 1493
552 1666
553 17
553 20
553 40
553 234
553 522
553 1030
553 1172
554 21
554 35
554 282
554 328
554 449
554 594
554 1039
554 1210
554 1296
555 2
555 16
555 107
555 130
555 754
555 1039
555 1548
556 346
556 386
556 1372
557 56
557 527
557 642
557 1117
557 1282
557 1497
557 1621
558 356
558 468
558 626
558 645
558 1064
558 1314
559 660
559 1504
560 2
560 214
560 218
560 752
560 1187
560 1223
560 1550
560 1606
560 1713
560 1800
561 1
561 600
561 1994
562 133
562 339
562 1172
562 1892
563 512
563 1056
563 1217
563 1282
564 97
564 309
564 489
564 684
564 704
564 1086
564 1134
564 1252
564 1800
565 250
565 332
565 678
566 747
566 1029
566 1141
566 1198
566 1554
567 84
567 132
567 1732
568 371
568 521
568 537
568 803
568 1561
568 1732
569 1689
570 422
570 648
570 1296
570 1676
571 401
571 577
571 882
572 128
572 140
572 323
572 349
572 531
572 577
572 870
572 896
572 1416
572 1474
572 1666
573 248
573 370
573 515
573 888
573 1417
573 1903
574 218
574 257
575 1180
575 1565
576 26
576 33
576 36
576 128
576 140
576 144
576 168
576 192
576 232
576 312
576 386
576 716
576 888
576 929
576 1060
576 1254
576 1282
576 1417
576 1465
576 1538
576 1792
577 1
577 84
577 108
577 132
577 135
577 241
577 324
577 331
577 1024
577 1064
577 1196
577 1416
577 1554
578 16
578 150
578 160
578 488
578 512
578 514
578 769
578 856
578 1534
579 85
579 460
579 516
579 1091
579 1225
579 1285
579 1392
579 1556
580 1
580 21
580 99
580 609
580 904
580 1182
580 1338
580 1796
581 896
582 34
582 36
582 128
582 358
582 392
583 833
583 1161
583 1184
584 23
584 153
584 242
584 296
584 516
584 1538
584 1578
584 1792
585 32
585 153
585 514
585 576
585 643
585 1304
585 1829
585 1880
586 24
586 33
586 256
586 324
586 384
586 521
586 885
586 1036
586 1040
587 785
587 1297
588 37
588 59
588 685
588 1153
589 32
589 81
589 324
589 424
589 514
589 519
589 580
589 680
590 570
590 1422
590 1539
590 1820
590 1859
591 216
591 632
591 798
591 1573
592 0
592 9
592 32
592 128
592 310
592 514
592 642
592 1284
592 1387
592 1508
592 1634
592 1720
593 16
593 19
593 275
593 295
593 1541
593 1781
594 514
594 594
594 1093
595 66
595 946
596 270
596 304
596 368
596 376
596 547
596 901
596 913
596 1200
596 1561
596 1921
597 5
597 136
597 696
597 1121
598 12
598 33
598 128
598 1696
599 17
599 91
599 480
599 644
599 857
599 1105
600 25
600 68
600 97
600 418
600 520
601 29
601 1298
601 1440
602 820
602 1226
602 1679
603 8
603 776
603 797
603 1223
603 1556
603 1793
604 651
604 1217
604 1616
605 192
605 368
606 402
606 643
607 324
607 515
607 1408
608 24
608 33
608 64
608 248
608 258
608 266
608 526
608 688
608 696
608 1040
608 1232
609 68
609 405
609 731
609 1092
609 1785
609 1839
610 4
610 289
610 897
610 1203
610 1300
612 0
612 137
612 276
612 321
612 775
612 1821
613 2
613 35
613 134
613 420
613 1032
613 1227
613 1658
614 74
614 75
614 278
614 1140
616 616
616 651
616 768
616 774
616 1081
616 1231
617 16
617 388
617 627
617 868
617 1443
618 65
618 842
619 40
619 404
619 524
619 1469
619 1637
620 24
620 158
620 357
620 928
620 1079
620 1226
620 1600
621 1028
621 1039
622 20
622 384
622 1101
622 1158
624 260
624 288
624 542
624 687
624 1048
624 1274
625 32
625 36
625 292
626 3
626 153
626 298
626 339
626 1395
628 464
628 1730
629 620
629 1829
630 16
630 357
630 532
630 1072
632 0
632 109
632 162
632 861
632 1479
632 1842
633 552
633 645
633 1192
634 12
634 590
635 529
635 1153
635 1184
635 1718
636 1934
637 144
638 285
638 771
640 94
640 101
640 178
640 234
640 260
640 315
640 405
640 410
640 435
640 716
640 721
640 724
640 794
640 889
640 908
640 1025
640 1162
640 1280
640 1317
640 1395
640 1684
640 1696
641 12
641 624
641 725
641 1220
641 1829
642 152
642 402
642 560
642 770
642 1426
642 1538
642 1571
643 41
643 449
643 450
643 799
643 852
643 1410
643 1672
643 1815
644 1
644 61
644 243
644 256
644 326
644 350
644 516
644 784
644 1008
644 1024
644 1110
644 1161
644 1436
644 1509
644 1576
644 1688
644 1871
645 19
645 74
645 130
645 194
645 512
645 707
645 713
645 1029
645 1049
645 1315
645 1545
646 75
646 214
646 481
646 805
646 1186
647 81
647 98
647 1218
647 1554
647 1834
647 1918
648 0
648 145
648 256
648 344
648 564
648 577
648 720
648 1603
648 1729
649 96
649 264
649 275
649 323
649 779
649 784
649 1092
649 1231
650 28
650 157
650 800
650 1088
650 1324
650 1552
650 1553
650 1584
651 408
651 483
651 1025
651 1158
651 1198
652 39
652 130
653 8
653 128
653 470
653 1024
653 1282
653 1330
654 105
655 252
655 1200
655 1856
656 3
656 149
656 164
656 394
656 1114
656 1412
656 1420
656 1603
656 1730
657 16
657 1057
657 1322
657 1568
658 75
658 321
658 563
658 671
658 1010
658 1032
658 1347
659 5
659 72
659 146
659 793
659 880
660 1
660 199
660 325
660 478
660 535
660 1192
660 1650
661 522
661 899
662 19
662 283
662 888
662 1280
662 1875
662 1904
663 128
663 366
663 520
663 1548
664 7
664 164
664 297
664 807
664 1792
665 1028
665 1040
665 1056
665 1768
665 1794
666 288
666 1068
666 1155
666 1280
666 1361
667 9
667 107
667 292
667 296
667 1032
668 1665
669 259
669 304
669 806
670 53
671 1350
671 1878
672 9
672 208
672 326
672 1122
673 0
673 145
673 402
673 1237
674 92
674 410
674 683
674 1185
674 1764
675 66
675 973
675 1548
676 12
676 432
676 1682
676 1793
677 1
677 5
677 197
677 218
677 328
677 448
677 1435
677 1568
678 76
678 269
678 289
678 298
678 341
678 579
678 1093
678 1172
678 1579
679 68
679 515
680 789
680 1124
680 1219
680 1542
681 288
681 612
681 696
681 1159
682 48
682 50
682 65
682 1828
683 2
683 18
683 782
683 1153
683 1463
684 132
684 267
684 800
684 1157
684 1792
685 740
685 780
685 934
686 544
686 549
686 1798
686 1856
687 649
687 1058
688 352
688 521
688 916
689 138
689 239
689 402
689 738
689 858
689 1062
689 1284
689 1301
689 1475
689 1696
690 1
690 128
690 212
690 238
690 276
690 1213
691 182
691 1626
691 1682
692 648
692 771
692 1537
693 263
693 912
693 1068
693 1120
693 1129
693 1540
694 262
694 1181
694 1313
695 166
695 311
695 902
695 1226
695 1841
696 64
696 593
696 897
696 972
696 1091
697 13
697 133
697 545
698 98
698 674
698 1032
699 330
699 1301
700 6
700 324
700 1008
700 1281
704 43
704 296
704 335
704 364
704 404
704 787
704 804
704 960
704 1035
704 1088
704 1165
704 1445
704 1603
705 3
705 459
705 593
705 1064
705 1156
705 1308
705 1536
705 1964
706 0
706 496
706 537
706 674
706 813
706 837
706 1169
706 1356
707 90
707 385
707 391
707 400
707 934
708 962
708 1152
708 1578
709 337
709 680
709 1160
709 1820
710 8
710 69
710 288
710 1480
711 17
711 1284
712 10
712 138
712 515
712 774
712 1044
712 1104
712 1601
713 11
713 23
713 96
713 924
713 947
713 1112
714 130
714 520
714 1312
715 66
715 240
715 561
715 1216
715 1232
716 8
716 99
716 320
716 1474
717 529
718 5
718 20
718 162
718 464
718 798
718 1581
719 1824
720 45
720 641
720 800
720 1058
721 36
721 321
721 333
721 392
721 1184
721 1280
722 76
722 1108
722 1593
723 1353
724 65
724 104
724 1124
725 516
725 1044
727 129
727 1064
728 41
728 566
728 1538
729 1599
730 136
730 525
730 1088
731 353
731 1024
732 261
732 320
732 738
732 1170
734 3
735 1264
735 1350
735 1414
736 4
736 185
736 258
736 543
736 930
736 978
736 1536
736 1537
736 1792
737 62
737 212
737 1545
738 675
739 140
739 300
739 1328
739 1408
740 1
740 16
740 81
740 261
740 363
741 496
741 1168
741 1352
742 1034
742 1230
743 1634
744 1
744 269
744 474
744 719
744 1282
745 900
745 1398
745 1579
745 1953
746 1644
748 56
748 74
748 130
748 272
748 611
748 798
748 1108
749 58
749 272
750 68
750 89
750 100
750 142
750 1251
752 12
752 1216
753 2
753 64
753 512
753 1216
753 1500
754 1
754 100
754 608
754 1572
756 1040
756 1180
756 1217
757 4
758 29
758 352
758 1285
758 1852
759 152
760 416
760 612
763 197
763 309
764 1536
765 114
766 1061
767 1427
768 34
768 40
768 75
768 83
768 84
768 192
768 288
768 346
768 431
768 455
768 512
768 632
768 660
768 693
768 768
768 1032
768 1092
768 1145
768 1211
768 1438
768 1439
769 11
769 170
769 264
769 349
769 409
769 470
769 519
769 577
769 592
769 1089
769 1136
769 1280
769 1332
769 1341
769 1416
769 1620
770 6
770 96
770 164
770 323
770 418
770 713
770 769
770 880
770 1052
770 1084
770 1107
770 1169
770 1192
770 1329
770 1543
770 1921
770 1936
771 16
771 546
771 766
771 1189
771 1942
772 16
772 34
772 50
772 169
772 196
772 210
772 273
772 282
772 419
772 434
772 489
772 520
772 522
772 1738
772 2000
773 188
773 196
773 464
773 540
773 1303
773 1347
773 2041
774 2
774 4
774 129
774 146
774 385
774 577
774 630
774 812
774 1580
775 145
775 1576
775 1649
775 1742
776 15
776 144
776 320
776 449
776 545
776 709
776 1101
776 1125
776 1152
776 1153
776 1156
776 1359
777 165
777 552
777 1046
778 7
778 132
778 283
778 310
778 327
778 1091
778 1102
778 1409
778 1843
779 308
779 736
779 1481
780 78
780 105
780 134
780 161
780 442
780 559
780 1006
780 1335
780 1562
780 1572
780 1642
780 1740
781 5
781 705
781 768
782 10
782 152
782 1041
783 89
783 192
783 1536
784 26
784 291
784 328
784 520
784 679
784 1428
784 1548
784 1864
785 293
785 314
785 645
785 736
785 1090
785 1096
785 1160
785 1488
786 232
786 576
786 578
786 649
787 326
788 562
788 1312
788 1926
789 2
789 106
789 288
789 1161
789 1778
789 1997
790 137
790 451
790 669
790 1184
790 1216
790 1250
790 1688
791 64
791 264
791 358
791 1395
791 1425
791 1587
792 13
792 32
792 133
792 353
792 1694
793 20
793 160
793 211
793 524
793 537
793 912
794 150
794 660
794 800
794 1431
794 1928
795 161
795 262
795 620
795 785
795 851
795 1072
795 1094
796 8
796 161
796 560
796 862
796 1040
796 1063
796 1893
797 3
797 342
798 72
798 297
799 357
799 1184
800 218
800 224
800 260
800 322
800 392
800 498
800 516
800 532
800 548
801 94
801 546
801 681
801 1090
801 1164
801 1165
801 1328
801 1426
802 30
802 39
802 48
802 529
802 1028
802 1553
803 28
803 445
803 812
803 1678
804 18
804 57
804 64
804 240
804 913
804 1156
805 16
805 216
805 580
805 706
806 13
806 1066
806 1161
807 10
808 9
808 175
808 194
808 342
808 364
808 378
808 590
808 635
808 722
808 1040
808 1041
808 1578
808 1590
809 530
809 899
809 1100
809 1290
810 552
810 706
810 736
811 390
811 529
811 713
811 1025
812 9
812 643
813 112
813 129
814 130
814 145
814 152
814 288
814 587
814 870
814 1297
815 875
816 0
816 89
816 306
816 774
816 1024
816 1041
816 1421
817 5
817 77
817 1960
818 1
818 16
818 338
818 548
818 1216
818 1400
818 1536
818 1796
819 93
819 602
819 1026
819 1634
820 656
820 733
820 1331
820 1907
820 1973
820 1989
820 2005
822 16
822 79
823 977
823 1693
824 170
824 656
824 708
824 751
824 841
824 922
825 382
825 642
825 680
825 822
825 1733
826 64
826 65
826 459
827 1152
828 560
828 643
828 1331
829 64
829 324
829 1316
832 24
832 28
832 49
832 77
832 185
832 336
832 1048
832 1555
832 1673
832 1816
833 76
833 101
833 582
833 837
833 1337
833 1416
833 1814
834 27
834 65
834 120
834 169
834 293
834 323
834 568
834 720
834 1053
835 1171
835 1238
835 1572
836 306
836 577
836 669
836 691
837 525
837 580
837 1025
837 1109
838 98
838 260
838 666
838 1216
840 61
840 128
840 328
840 688
840 1661
841 71
841 186
841 286
841 955
841 1024
841 1806
841 1829
842 124
842 207
842 280
844 22
844 181
844 600
844 607
845 128
845 175
845 1060
845 1530
846 74
846 676
847 1384
848 38
848 133
848 167
848 192
848 200
848 337
848 1056
848 1440
848 1484
848 1920
848 2012
850 1057
850 1619
851 58
852 65
852 322
852 1408
853 515
853 547
853 710
853 1033
854 16
854 544
855 462
856 34
856 416
856 521
856 643
856 685
856 772
856 912
856 933
856 1461
856 1666
856 1730
857 64
857 84
857 144
857 645
858 0
858 68
858 172
859 37
859 256
859 567
859 1132
860 18
860 112
860 719
860 1427
860 1826
861 274
861 304
861 1554
862 267
862 1101
862 1170
864 54
864 192
864 385
864 440
864 644
864 1024
864 1097
864 1288
864 1320
864 1590
864 1952
865 77
866 16
866 26
866 35
866 781
866 1161
866 1680
867 476
867 920
867 1616
868 517
869 114
869 1059
869 1288
870 52
870 500
870 1799
871 76
872 53
872 1041
873 289
873 320
873 388
873 635
874 14
874 1408
876 177
876 514
876 787
876 1793
877 136
877 577
878 160
878 524
878 1497
880 41
880 80
880 135
880 250
880 1637
881 112
881 289
881 652
881 772
881 1285
881 1744
881 1828
882 1040
882 1569
883 545
884 132
884 512
884 1035
884 1046
888 323
888 500
888 1095
889 1206
890 663
891 184
891 930
892 16
892 1092
893 8
893 290
893 1286
894 598
894 1414
895 640
895 1536
895 1608
896 1
896 276
896 283
896 527
896 557
896 594
896 804
896 1030
896 1049
896 1315
896 1572
896 1902
897 13
897 52
897 96
897 514
897 673
897 832
897 1137
897 1190
898 40
898 129
898 552
898 1173
898 1489
899 81
899 84
899 228
899 386
899 1178
899 1284
899 1546
899 1826
900 6
900 16
900 65
900 393
900 1088
901 31
901 936
901 1150
901 1380
902 1040
902 1154
902 1968
903 1089
904 81
904 847
904 933
904 1555
904 1760
905 273
905 1026
905 1445
905 1546
906 0
906 8
906 136
906 202
906 939
907 672
908 708
908 801
908 820
908 898
908 1064
908 1282
908 1309
908 1636
908 1800
909 40
909 133
909 166
909 180
909 1093
909 1615
910 1
910 42
910 1615
911 37
912 4
912 164
912 335
912 1025
912 1040
912 1089
912 1346
912 1375
912 1668
913 21
913 258
913 1565
913 1970
914 4
914 575
914 650
914 1097
915 36
915 1036
915 1116
916 6
916 13
916 781
916 792
917 128
917 217
917 772
917 788
917 846
917 1264
917 1554
918 10
918 20
918 104
919 154
919 540
920 130
920 256
920 313
921 136
921 257
921 394
921 1024
921 1569
921 1576
922 902
922 1368
922 1549
923 1054
924 774
924 896
925 292
926 278
927 120
927 364
927 962
928 0
928 10
928 111
928 135
928 209
928 326
928 354
929 150
929 256
929 294
929 331
929 561
929 768
930 95
930 96
930 711
930 836
930 1106
931 67
931 96
931 133
932 92
932 130
932 238
932 844
932 956
932 1171
932 1314
932 1452
932 1497
933 280
933 1069
933 1433
934 22
934 49
934 389
934 516
934 628
934 697
935 149
935 1176
936 50
936 1161
936 1362
937 64
937 128
937 174
937 878
937 1068
939 888
940 212
940 453
940 674
941 115
941 915
941 1109
942 298
944 16
944 37
944 817
944 1607
945 603
945 1257
945 1568
946 72
946 651
946 1555
947 595
947 1043
947 1347
948 842
950 256
950 1512
950 1802
951 49
951 89
951 1544
952 12
952 554
952 905
952 1548
952 1669
953 13
953 1816
954 14
954 656
954 1296
954 1936
956 1377
956 1384
957 129
957 513
957 1515
960 7
960 32
960 930
960 1152
960 1281
961 6
961 70
961 264
961 409
961 416
961 675
961 817
961 864
961 1058
961 1662
962 36
962 49
962 258
962 560
962 600
964 12
964 47
964 292
964 516
964 1411
965 4
965 124
966 66
966 560
966 721
966 1863
967 183
968 2
968 396
969 14
969 610
969 1451
970 930
971 66
971 701
972 0
972 1296
973 256
974 1195
976 232
976 625
976 969
976 1558
976 1792
976 1800
977 44
978 81
978 425
978 964
978 1352
979 4
979 130
980 140
981 0
981 519
982 120
982 1235
982 1582
983 1025
983 1042
984 64
984 67
985 656
985 784
986 299
986 838
988 62
989 536
989 1536
990 68
990 1848
990 1957
991 354
992 4
992 483
992 537
992 678
992 1026
992 1684
993 69
993 668
993 775
994 37
994 417
994 503
995 7
996 465
996 514
997 1798
998 1110
998 1934
999 519
1000 116
1000 152
1000 514
1001 224
1001 673
1002 513
1002 612
1002 1608
1003 71
1004 128
1004 293
1004 716
1006 0
1006 180
1006 627
1007 303
1007 654
1008 80
1008 280
1008 512
1009 1796
1010 12
1011 1037
1012 129
1013 320
1014 65
1014 385
1016 128
1016 517
1017 705
1017 829
1017 1548
1017 1708
1018 42
1018 293
1019 72
1019 525
1024 56
1024 76
1024 84
1024 133
1024 193
1024 201
1024 321
1024 377
1024 389
1024 394
1024 417
1024 516
1024 556
1024 658
1024 676
1024 834
1024 1127
1024 1152
1024 1303
1024 1316
1024 1456
1024 1809
1025 0
1025 1
1025 9
1025 58
1025 96
1025 196
1025 298
1025 602
1025 611
1025 641
1025 705
1025 916
1025 1044
1025 1185
1025 1546
1025 1771
1026 128
1026 160
1026 163
1026 171
1026 212
1026 260
1026 276
1026 960
1026 1060
1026 1069
1026 1091
1026 1152
1026 1378
1026 1570
1026 1861
1026 1872
1027 38
1027 91
1027 185
1027 188
1027 376
1027 456
1027 480
1027 708
1027 1165
1027 1184
1027 1223
1028 0
1028 33
1028 34
1028 96
1028 274
1028 332
1028 378
1028 492
1028 675
1028 1090
1028 1100
1028 1490
1029 4
1029 16
1029 522
1029 897
1029 1102
1029 1808
1030 25
1030 43
1030 99
1030 147
1030 328
1030 513
1030 540
1030 782
1030 893
1030 1184
1030 1236
1030 1418
1030 1621
1031 352
1031 1193
1031 1232
1032 10
1032 68
1032 306
1032 384
1032 417
1032 518
1032 932
1032 934
1032 1640
1032 1696
1032 1936
1033 2
1033 67
1033 124
1033 500
1033 536
1033 568
1033 679
1033 1126
1033 1552
1033 1699
1033 1864
1033 1901
1033 2006
1034 14
1034 101
1034 160
1034 262
1034 272
1034 336
1034 912
1034 1016
1034 1064
1034 1122
1034 1552
1034 1665
1034 1932
1034 2006
1034 2039
1035 64
1035 156
1035 587
1035 1284
1036 143
1036 222
1036 272
1036 290
1036 416
1036 548
1036 1050
1036 1052
1037 4
1037 303
1037 404
1037 443
1037 512
1037 810
1037 1170
1037 1804
1038 8
1038 12
1038 27
1038 65
1038 100
1038 181
1038 275
1038 300
1038 386
1038 587
1038 689
1038 1067
1038 1156
1038 1804
1039 131
1039 182
1039 1056
1039 1634
1040 4
1040 16
1040 64
1040 136
1040 375
1040 512
1040 532
1040 771
1040 921
1040 1132
1040 1624
1041 1
1041 34
1041 67
1041 240
1041 385
1041 514
1041 704
1041 773
1041 1224
1041 1673
1041 1768
1042 10
1042 50
1042 112
1042 159
1042 160
1042 261
1042 279
1042 434
1042 612
1042 755
1042 768
1042 1154
1042 1177
1042 1316
1043 32
1043 316
1043 704
1043 834
1043 1327
1043 1548
1043 1682
1044 32
1044 66
1044 162
1044 196
1044 227
1044 256
1044 396
1044 416
1044 463
1044 844
1044 1045
1044 1072
1044 1142
1044 1154
1044 1496
1044 1540
1044 2013
1045 66
1045 72
1045 73
1045 200
1045 360
1045 512
1045 578
1045 791
1046 163
1046 653
1046 1051
1046 1560
1047 48
1047 293
1047 558
1047 1066
1047 1088
1047 1507
1048 6
1048 106
1048 546
1048 595
1048 647
1048 658
1048 1049
1048 1280
1048 1364
1048 1598
1048 1681
1049 2
1049 70
1049 315
1049 388
1049 544
1049 608
1049 992
1049 1056
1050 112
1050 323
1050 517
1050 650
1050 771
1050 960
1050 1540
1051 289
1051 513
1051 576
1051 1224
1052 32
1052 288
1052 410
1052 547
1052 1216
1052 1830
1053 416
1053 836
1054 20
1054 130
1054 1196
1054 1408
1054 1413
1054 1539
1056 26
1056 78
1056 137
1056 297
1056 330
1056 334
1056 384
1056 513
1056 721
1056 839
1056 864
1056 982
1056 1644
1057 16
1057 48
1057 62
1057 92
1057 106
1057 134
1057 352
1057 512
1057 520
1057 820
1057 821
1057 949
1057 1165
1057 1228
1057 1412
1057 1414
1058 37
1058 88
1058 132
1058 402
1058 451
1058 708
1058 851
1058 1032
1058 1085
1058 1162
1058 1297
1058 1637
1058 1649
1058 1986
1059 1
1059 68
1059 297
1059 725
1059 1069
1059 1284
1059 1536
1059 2016
1060 12
1060 57
1060 270
1060 273
1060 337
1060 352
1060 410
1060 455
1060 645
1060 800
1060 926
1060 1060
1060 1458
1060 1698
1061 200
1061 672
1061 1027
1061 1041
1061 1052
1061 1091
1061 1796
1061 1921
1062 9
1062 73
1062 305
1062 521
1062 522
1062 869
1062 1029
1063 770
1063 977
1063 1062
1064 0
1064 2
1064 169
1064 264
1064 270
1064 386
1064 471
1064 536
1064 608
1064 812
1064 1042
1064 1224
1064 1249
1065 68
1065 300
1065 324
1065 333
1065 544
1065 785
1065 1161
1065 1162
1066 273
1066 293
1066 644
1066 1120
1067 71
1067 160
1067 416
1067 432
1067 704
1067 1061
1068 24
1068 108
1068 129
1068 779
1068 1026
1068 1114
1068 1410
1068 1856
1069 129
1069 364
1069 582
1069 732
1069 1482
1069 1669
1069 1892
1069 1969
1070 0
1070 1
1070 128
1070 136
1070 838
1070 1064
1070 1540
1070 1794
1071 841
1072 6
1072 72
1072 99
1072 336
1072 338
1072 1064
1072 1128
1072 1183
1072 1348
1072 1568
1073 11
1073 20
1073 32
1073 143
1073 1046
1073 1072
1073 1457
1074 28
1074 83
1074 901
1074 929
1074 961
1074 1346
1074 1484
1074 1574
1074 1636
1074 1940
1075 456
1075 613
1075 1536
1076 76
1076 513
1076 533
1076 1541
1077 64
1077 660
1077 1800
1078 306
1078 384
1078 648
1078 1025
1078 1553
1080 117
1080 600
1080 1110
1080 1273
1080 1512
1080 1540
1080 1825
1081 292
1081 798
1081 1170
1082 65
1082 308
1082 337
1083 209
1083 1035
1084 11
1084 117
1085 118
1086 80
1086 528
1086 560
1086 858
1086 1474
1087 84
1087 296
1088 26
1088 40
1088 42
1088 129
1088 133
1088 261
1088 272
1088 276
1088 512
1088 524
1088 668
1088 1217
1088 1314
1088 1834
1089 31
1089 130
1089 224
1089 233
1089 361
1089 728
1089 784
1089 1118
1089 1168
1090 6
1090 263
1090 576
1090 856
1090 1321
1090 1353
1090 1562
1090 1827
1091 64
1091 129
1091 178
1091 722
1091 1648
1091 2034
1092 19
1092 422
1093 16
1093 36
1093 100
1093 152
1093 262
1093 528
1093 720
1093 1543
1093 1744
1094 138
1094 180
1094 182
1094 289
1094 320
1094 533
1094 560
1094 868
1094 1087
1094 1167
1094 1176
1094 1848
1095 64
1095 256
1095 520
1095 744
1095 946
1095 1517
1096 2
1096 3
1096 72
1096 336
1096 485
1096 546
1096 601
1096 719
1096 1046
1096 1313
1096 1324
1096 1537
1097 89
1097 160
1097 512
1097 610
1097 1314
1097 1616
1098 48
1098 69
1098 83
1098 260
1098 1090
1098 1366
1098 2031
1099 7
1099 66
1099 1228
1099 1550
1100 5
1100 27
1100 69
1100 128
1100 133
1100 224
1100 290
1100 388
1100 456
1100 1538
1101 32
1101 141
1101 194
1101 227
1101 827
1102 1161
1102 1217
1103 2
1103 259
1103 1208
1103 1484
1104 208
1104 298
1104 326
1104 661
1104 1195
1105 2
1105 44
1105 82
1105 561
1105 945
1106 131
1106 162
1106 768
1106 932
1106 1134
1106 1331
1106 1799
1107 64
1107 132
1107 1025
1107 1542
1108 20
1108 25
1108 80
1108 257
1108 421
1108 525
1108 768
1108 1011
1108 1416
1108 1509
1109 9
1109 321
1109 1220
1110 295
1110 404
1110 937
1111 11
1111 260
1111 261
1111 408
1111 619
1111 1025
1112 37
1112 169
1112 529
1112 544
1112 636
1112 768
1112 1792
1112 1802
1113 208
1113 344
1113 457
1114 90
1114 128
1114 144
1114 233
1114 428
1114 775
1114 838
1114 1088
1114 1154
1114 1248
1115 138
1115 374
1115 1092
1116 293
1116 342
1116 393
1116 1047
1116 1157
1116 1337
1118 112
1118 384
1118 1070
1119 4
1119 5
1119 787
1120 81
1120 148
1120 200
1120 531
1120 672
1120 681
1120 962
1120 979
1120 1572
1120 1624
1121 41
1121 64
1121 210
1121 500
1121 556
1121 674
1121 778
1121 962
1121 1024
1121 1026
1121 1249
1121 1414
1122 37
1122 422
1122 448
1122 1162
1122 1291
1123 128
1123 321
1123 589
1123 768
1123 1605
1124 1
1124 1041
1124 1049
1124 1250
1124 1547
1124 1687
1125 131
1125 136
1125 158
1125 532
1125 560
1125 1344
1126 10
1126 272
1127 134
1127 259
1127 1026
1128 3
1128 64
1128 278
1128 288
1128 291
1128 330
1128 334
1128 770
1128 792
1128 1026
1129 70
1129 72
1129 133
1129 264
1129 320
1129 381
1129 516
1129 529
1129 2044
1130 4
1130 129
1130 148
1130 324
1130 532
1130 545
1131 4
1131 228
1131 541
1131 1041
1132 932
1132 1024
1133 553
1133 596
1134 302
1134 812
1134 1089
1135 1713
1136 1
1136 542
1136 1292
1136 1568
1137 791
1137 1024
1137 1050
1138 126
1138 240
1138 264
1138 988
1139 222
1139 1078
1140 16
1140 41
1140 854
1141 84
1141 521
1141 564
1141 585
1141 730
1141 1888
1142 257
1142 292
1142 1280
1142 1456
1142 1664
1143 778
1143 994
1144 256
1145 226
1145 258
1146 69
1146 288
1146 582
1146 1074
1146 1419
1147 1657
1148 1313
1148 1825
1149 40
1149 1921
1150 124
1150 1744
1152 102
1152 262
1152 292
1152 515
1152 537
1152 654
1152 796
1152 864
1152 1283
1152 1636
1152 1642
1152 1665
1153 6
1153 108
1153 132
1153 146
1153 279
1153 320
1153 548
1153 650
1153 932
1153 1088
1153 1362
1153 1492
1153 1690
1154 4
1154 37
1154 58
1154 67
1154 128
1154 194
1154 196
1154 297
1154 416
1154 716
1154 784
1154 1620
1155 101
1155 128
1155 170
1155 236
1155 256
1155 1032
1155 1576
1156 16
1156 78
1156 131
1156 164
1156 220
1156 496
1156 613
1156 768
1156 789
1156 1365
1156 1560
1156 1611
1156 1680
1156 1753
1157 20
1157 96
1157 140
1157 189
1157 352
1157 533
1157 606
1157 745
1157 1156
1157 1378
1158 8
1158 23
1158 40
1158 179
1158 400
1158 585
1158 1084
1158 1553
1159 340
1159 784
1159 1252
1160 2
1160 146
1160 161
1160 337
1160 348
1160 362
1160 832
1160 917
1160 1065
1160 1098
1160 1102
1160 1636
1160 1670
1160 1938
1161 24
1161 73
1161 512
1161 552
1161 786
1161 1034
1161 1846
1162 117
1162 210
1162 294
1162 809
1162 837
1162 1091
1163 516
1163 576
1163 787
1163 1069
1163 1129
1163 1842
1163 1928
1164 57
1164 552
1164 597
1164 1178
1164 1366
1165 9
1165 668
1165 1322
1166 864
1166 1176
1166 1253
1166 1602
1167 161
1167 353
1167 374
1168 128
1168 130
1168 132
1168 202
1168 244
1168 1115
1168 1201
1168 1792
1169 80
1169 300
1169 578
1169 1283
1169 1325
1170 10
1170 391
1170 768
1170 1057
1170 1224
1170 1386
1171 1028
1171 1537
1172 84
1172 193
1172 262
1172 650
1172 931
1172 1032
1172 1613
1172 1623
1172 1671
1172 1745
1173 768
1173 786
1173 886
1174 265
1174 420
1174 640
1175 5
1175 760
1176 1
1176 38
1176 88
1176 132
1176 305
1176 433
1176 864
1176 1106
1177 616
1177 791
1177 2043
1178 144
1178 1058
1178 1090
1178 1289
1178 1472
1179 182
1179 947
1180 162
1180 256
1180 395
1180 827
1181 131
1181 1324
1182 72
1182 272
1182 643
1182 850
1183 24
1183 347
1183 1024
1184 151
1184 197
1184 211
1184 289
1184 534
1184 585
1184 877
1184 1157
1184 1284
1184 1361
1184 1539
1184 1885
1185 307
1185 384
1185 648
1185 1920
1186 176
1186 386
1186 548
1186 592
1186 643
1186 1547
1187 108
1187 681
1187 1396
1188 1
1188 3
1188 51
1188 79
1188 217
1188 748
1188 779
1188 913
1189 99
1189 136
1189 296
1189 488
1189 569
1189 1074
1189 1281
1189 1849
1190 131
1190 274
1190 513
1190 785
1190 1312
1191 442
1191 1544
1192 576
1192 1297
1193 16
1193 196
1193 330
1193 778
1194 18
1194 1088
1194 1616
1195 185
1195 1160
1195 1584
1196 68
1196 104
1196 837
1196 1026
1196 1416
1197 808
1198 466
1198 664
1199 398
1199 514
1200 35
1200 86
1200 109
1200 282
1200 313
1200 580
1200 936
1200 1043
1200 1140
1200 1157
1201 4
1201 37
1201 72
1201 193
1201 326
1201 1092
1202 90
1202 424
1202 620
1202 737
1202 768
1202 1096
1202 1481
1202 1996
1203 1576
1203 1857
1204 256
1204 873
1204 1152
1205 258
1206 136
1206 1224
1207 112
1207 746
1208 258
1208 305
1208 1042
1208 1053
1208 1061
1208 1089
1209 707
1209 753
1209 1208
1210 481
1211 1360
1212 81
1212 1799
1213 133
1213 201
1213 843
1214 617
1215 604
1216 9
1216 16
1216 52
1216 272
1216 277
1216 291
1216 314
1216 444
1216 836
1216 1046
1216 1186
1216 1364
1216 1540
1216 1569
1217 18
1217 128
1217 152
1217 196
1217 238
1217 298
1217 962
1217 1042
1217 2024
1218 97
1218 267
1218 769
1218 1603
1218 1922
1219 128
1219 581
1219 1104
1219 1665
1220 3
1220 66
1220 101
1220 124
1220 320
1220 704
1220 1043
1220 1120
1220 1553
1221 35
1221 52
1221 294
1221 325
1221 1596
1221 1606
1222 17
1222 45
1222 716
1222 932
1223 34
1223 680
1223 1424
1223 1716
1224 39
1224 129
1224 1632
1224 1754
1225 257
1225 384
1225 456
1225 587
1225 1118
1226 642
1226 1216
1226 1424
1227 26
1227 570
1228 25
1228 194
1228 256
1228 418
1228 708
1228 832
1228 944
1228 1074
1228 1561
1230 804
1231 8
1231 270
1232 359
1232 454
1232 1028
1232 1062
1232 1601
1232 1634
1233 228
1233 434
1233 545
1233 1375
1234 139
1234 384
1234 1880
1235 1800
1236 2
1236 324
1236 1040
1236 1170
1237 906
1237 960
1237 999
1237 1233
1238 158
1238 1842
1239 278
1240 97
1240 416
1240 675
1240 1691
1241 101
1241 704
1241 884
1242 224
1242 262
1242 1242
1243 5
1243 65
1243 1092
1244 256
1244 964
1244 1090
1245 53
1245 80
1246 133
1246 768
1247 704
1247 1078
1248 17
1248 171
1248 270
1248 680
1248 728
1249 29
1249 140
1249 208
1249 1694
1250 168
1250 1073
1250 1411
1251 193
1251 312
1251 1092
1251 1301
1252 95
1252 136
1252 520
1252 530
1252 1720
1253 277
1254 68
1254 272
1254 512
1254 1326
1254 1665
1255 135
1255 264
1255 333
1256 43
1256 780
1256 1056
1257 2
1257 96
1257 100
1257 568
1257 817
1257 929
1257 1409
1258 294
1258 804
1258 1035
1258 1057
1258 1336
1258 1648
1258 1817
1259 256
1261 23
1262 122
1264 12
1264 34
1264 396
1264 1245
1264 1323
1265 790
1265 1161
1266 804
1267 257
1268 404
1268 1825
1269 141
1269 330
1269 962
1269 1124
1269 1550
1272 112
1272 1538
1273 1643
1274 53
1274 333
1275 1024
1275 1602
1275 1729
1276 73
1276 523
1277 7
1277 259
1278 104
1278 896
1280 3
1280 4
1280 17
1280 67
1280 69
1280 84
1280 101
1280 264
1280 516
1280 566
1280 601
1280 769
1280 777
1280 836
1280 865
1280 1248
1281 144
1281 522
1281 1159
1281 1344
1281 1598
1282 4
1282 49
1282 112
1282 131
1282 205
1282 650
1282 836
1282 1064
1282 1544
1283 4
1283 330
1283 344
1283 384
1283 1154
1283 1832
1283 1860
1284 4
1284 14
1284 48
1284 130
1284 336
1284 416
1284 478
1284 619
1284 658
1284 768
1284 920
1284 1538
1285 1
1285 70
1285 873
1285 939
1285 1043
1286 421
1286 1573
1287 306
1287 1377
1288 519
1288 576
1288 1088
1288 1125
1288 1171
1288 1248
1288 1476
1288 1589
1289 106
1289 271
1289 576
1289 960
1289 1049
1289 1344
1290 16
1290 522
1290 603
1290 885
1290 1457
1291 208
1291 1093
1292 34
1292 73
1292 119
1292 134
1292 152
1292 192
1292 354
1292 399
1292 1136
1292 1192
1292 1547
1293 675
1293 1657
1294 0
1294 128
1294 136
1294 180
1294 389
1294 516
1294 1088
1294 1107
1295 23
1296 8
1296 72
1296 260
1296 576
1296 1026
1296 1034
1296 1056
1296 1098
1296 1157
1296 1317
1296 1828
1297 5
1297 128
1297 224
1297 577
1297 688
1297 742
1297 786
1297 1050
1297 1601
1298 81
1298 96
1298 132
1298 1446
1298 1604
1298 1616
1298 1929
1298 1955
1299 10
1299 128
1299 282
1299 312
1299 471
1299 531
1299 544
1299 584
1299 840
1300 13
1300 60
1300 1218
1300 1280
1300 1554
1301 16
1301 29
1301 385
1301 430
1301 1256
1301 1306
1302 96
1302 291
1302 840
1302 1122
1302 1405
1302 1541
1303 612
1303 958
1303 1096
1303 1185
1304 546
1304 592
1304 624
1304 675
1304 935
1304 1212
1304 1394
1304 1440
1304 1456
1304 1939
1305 129
1305 340
1305 1346
1306 14
1306 20
1306 791
1306 1030
1306 1033
1306 1168
1306 1223
1306 1792
1307 456
1307 764
1308 128
1308 594
1308 640
1308 741
1308 980
1308 1071
1308 1325
1308 1536
1309 1396
1309 1410
1309 1560
1310 105
1310 1028
1310 1292
1311 160
1311 1060
1312 167
1312 480
1312 538
1312 746
1312 1028
1312 1106
1312 1150
1313 21
1313 53
1313 259
1313 262
1313 576
1313 719
1313 721
1314 22
1314 25
1314 30
1314 212
1314 272
1314 324
1314 1237
1314 1290
1315 447
1315 778
1315 1186
1315 1408
1315 1600
1315 1673
1316 10
1316 1028
1316 1280
1316 1536
1316 1668
1317 9
1317 129
1317 551
1317 722
1317 910
1318 35
1318 96
1318 193
1318 297
1318 544
1318 644
1318 1102
1318 1153
1318 1684
1318 1731
1319 247
1320 462
1320 521
1320 696
1320 1664
1321 90
1321 137
1321 159
1321 1309
1322 37
1322 56
1322 648
1322 671
1322 1389
1323 203
1323 512
1324 54
1324 84
1324 542
1324 675
1324 714
1324 778
1324 1218
1324 1486
1324 1611
1324 1674
1325 672
1326 282
1326 460
1326 741
1328 9
1328 60
1328 168
1328 256
1328 356
1328 436
1328 559
1328 592
1328 631
1328 718
1328 1045
1328 1047
1328 1672
1328 1828
1329 658
1329 1034
1329 1408
1329 1538
1330 10
1330 16
1330 320
1330 384
1330 453
1330 1093
1330 1121
1330 1652
1331 44
1331 73
1331 374
1331 964
1331 1047
1332 162
1332 1102
1333 68
1333 512
1334 0
1334 40
1334 64
1334 415
1334 521
1334 570
1334 576
1334 825
1334 1156
1335 224
1335 768
1336 70
1336 404
1336 1024
1336 1042
1336 1924
1337 5
1337 96
1337 258
1337 315
1337 673
1337 800
1337 1026
1337 1751
1338 201
1339 136
1340 65
1340 561
1340 858
1340 865
1341 130
1341 386
1341 1156
1342 1188
1343 1
1343 1378
1344 73
1344 130
1344 146
1344 392
1344 524
1344 546
1344 1091
1344 1100
1344 1144
1344 1294
1345 19
1345 94
1345 162
1345 264
1345 480
1345 520
1345 1059
1345 1220
1346 7
1346 609
1346 780
1346 1088
1346 1156
1346 1160
1346 1664
1347 200
1347 265
1347 1057
1347 1248
1347 1745
1347 1924
1348 4
1348 10
1348 393
1348 412
1348 515
1348 600
1348 614
1348 648
1348 720
1348 953
1348 1063
1348 1544
1349 17
1349 459
1349 1281
1349 1571
1349 1838
1350 57
1350 99
1350 225
1350 298
1351 117
1352 266
1352 512
1352 652
1352 728
1352 868
1352 1563
1353 6
1353 92
1353 132
1353 413
1353 705
1353 1030
1353 1054
1353 1160
1353 1176
1353 1312
1354 6
1354 417
1354 1028
1354 1540
1355 0
1355 5
1355 35
1355 1546
1355 1700
1355 1928
1356 154
1356 356
1356 483
1356 615
1357 24
1358 3
1358 47
1359 45
1359 128
1359 1609
1360 272
1360 731
1360 1032
1360 1345
1361 1027
1362 113
1362 451
1362 964
1363 392
1363 1056
1364 215
1364 228
1364 533
1364 1134
1365 16
1365 36
1365 1029
1365 1345
1365 1567
1366 33
1366 149
1366 1025
1366 1029
1367 74
1367 128
1368 88
1368 771
1368 1226
1368 1295
1369 264
1369 347
1370 896
1371 8
1371 129
1371 1105
1372 4
1372 1282
1373 1092
1376 128
1376 168
1376 258
1376 274
1376 298
1376 358
1376 420
1376 785
1376 1110
1376 1429
1377 70
1377 1408
1377 1731
1378 180
1378 1996
1379 299
1379 565
1380 476
1380 546
1380 646
1380 839
1380 1232
1380 1429
1380 1611
1381 5
1381 515
1381 517
1381 929
1381 1296
1382 260
1383 17
1383 36
1383 1064
1384 30
1384 32
1384 256
1385 152
1385 659
1385 682
1385 1545
1386 44
1386 69
1386 401
1387 513
1387 1153
1388 9
1388 722
1388 1666
1390 36
1390 156
1390 496
1390 684
1390 776
1391 104
1391 131
1391 1717
1392 126
1392 398
1392 1171
1392 1268
1393 304
1393 816
1393 1601
1396 224
1396 1612
1397 396
1397 760
1397 792
1397 960
1397 1665
1398 76
1399 396
1400 128
1400 224
1402 147
1402 706
1403 66
1405 4
1405 1415
1406 149
1406 544
1408 61
1408 137
1408 304
1408 319
1408 512
1408 684
1408 1110
1408 1399
1409 202
1409 437
1409 642
1409 1054
1409 1302
1409 1609
1410 88
1410 296
1410 609
1410 1280
1411 174
1411 547
1411 1577
1411 1804
1412 4
1412 80
1412 81
1412 268
1412 555
1412 651
1412 1578
1412 1588
1413 13
1413 34
1413 448
1413 833
1413 1834
1414 0
1414 720
1416 651
1416 1408
1416 1813
1417 128
1417 514
1417 546
1417 603
1418 12
1418 96
1418 135
1418 162
1418 468
1418 527
1418 1296
1419 0
1419 389
1420 14
1420 77
1420 161
1420 1116
1420 1591
1420 1688
1421 1434
1422 0
1422 1057
1423 1280
1423 1376
1424 0
1424 83
1424 136
1424 161
1424 1089
1424 1344
1424 1485
1424 1684
1425 283
1425 790
1425 1266
1426 36
1426 130
1426 531
1426 1521
1427 65
1427 538
1427 1024
1428 72
1428 88
1428 128
1428 215
1428 1156
1428 1803
1429 312
1429 816
1429 1048
1430 1133
1431 136
1431 302
1432 409
1432 544
1432 988
1432 1120
1432 1217
1433 1225
1433 1620
1434 1370
1435 28
1435 534
1435 588
1435 1138
1436 88
1436 869
1436 1124
1436 1559
1436 1866
1437 256
1438 541
1439 26
1440 146
1440 345
1440 562
1440 576
1440 1106
1441 8
1441 252
1441 643
1441 1230
1442 119
1442 577
1442 1488
1444 16
1444 150
1444 206
1444 321
1444 322
1444 1027
1445 1224
1446 84
1446 517
1446 716
1446 1036
1446 1300
1448 40
1448 400
1449 32
1449 232
1449 1096
1450 20
1450 512
1451 544
1452 4
1452 373
1452 586
1452 836
1452 1064
1452 1224
1453 176
1454 645
1455 147
1455 1178
1456 271
1456 705
1456 1169
1457 653
1457 1120
1458 262
1458 1645
1459 4
1459 1959
1460 169
1461 6
1461 192
1461 273
1461 1368
1462 1050
1462 1800
1464 58
1464 260
1464 465
1464 612
1464 912
1464 1176
1464 1290
1464 1622
1465 611
1465 696
1465 1024
1465 1536
1468 265
1468 289
1468 295
1468 704
1469 1539
1470 72
1470 348
1470 1374
1471 193
1471 1426
1472 386
1472 512
1472 526
1472 640
1472 1692
1473 5
1473 20
1473 1024
1473 1297
1474 21
1474 32
1474 85
1474 288
1474 318
1474 549
1474 976
1474 1288
1475 12
1475 689
1475 1840
1476 80
1476 260
1476 394
1476 704
1476 1956
1477 256
1477 294
1478 60
1478 1192
1480 135
1480 176
1480 321
1480 394
1480 531
1480 1032
1480 1236
1480 1384
1480 1472
1480 1897
1481 868
1482 226
1482 577
1482 681
1483 304
1484 11
1484 552
1484 826
1484 1995
1486 27
1486 389
1488 1088
1490 108
1490 1575
1491 802
1492 306
1492 770
1492 1025
1492 1388
1492 1688
1493 1152
1494 98
1494 480
1494 536
1494 1024
1494 1085
1496 1094
1497 13
1497 1287
1497 1744
1498 261
1498 1176
1499 130
1500 1280
1501 72
1501 1316
1502 326
1504 76
1504 226
1504 271
1504 1265
1504 1490
1506 19
1506 67
1506 305
1506 601
1506 1445
1507 260
1507 350
1507 352
1508 4
1508 1155
1508 1445
1509 429
1509 1073
1509 1298
1510 692
1510 1432
1511 1539
1512 417
1512 684
1512 1602
1512 1637
1513 141
1513 523
1515 9
1516 80
1516 1090
1518 424
1520 264
1520 478
1521 62
1521 177
1521 512
1522 37
1522 40
1522 291
1522 442
1522 681
1522 800
1523 1637
1524 526
1524 545
1524 1157
1524 1549
1525 482
1525 544
1525 604
1525 1796
1526 294
1528 26
1528 272
1531 513
1532 388
1532 1025
1533 80
1533 824
1533 882
1536 13
1536 106
1536 112
1536 128
1536 162
1536 196
1536 203
1536 287
1536 522
1536 577
1536 610
1536 629
1536 1030
1536 1032
1536 1152
1536 1326
1536 1506
1537 10
1537 32
1537 44
1537 126
1537 144
1537 161
1537 271
1537 334
1537 433
1537 654
1537 721
1537 745
1537 983
1537 1060
1538 14
1538 64
1538 70
1538 81
1538 148
1538 256
1538 300
1538 452
1538 513
1538 552
1538 905
1538 908
1538 1030
1538 1091
1538 1929
1539 4
1539 282
1539 696
1539 1992
1540 21
1540 67
1540 115
1540 176
1540 262
1540 294
1540 304
1540 392
1540 530
1540 1412
1540 1585
1541 411
1541 1900
1542 196
1542 232
1542 265
1542 1212
1542 1396
1543 32
1543 33
1543 177
1543 322
1543 561
1544 9
1544 13
1544 15
1544 16
1544 135
1544 155
1544 192
1544 426
1544 539
1544 576
1544 866
1545 71
1545 161
1545 406
1545 874
1545 1344
1545 1538
1545 1541
1545 1557
1545 1676
1546 76
1546 136
1546 770
1547 834
1547 1094
1548 25
1548 87
1548 105
1548 144
1548 155
1548 560
1548 590
1548 1226
1548 1568
1548 1600
1548 1728
1549 1122
1550 793
1550 1521
1551 178
1551 300
1551 485
1551 576
1552 277
1552 455
1552 534
1552 1552
1552 1794
1552 1816
1552 1992
1553 139
1553 256
1553 650
1553 864
1553 964
1553 1368
1553 2011
1554 208
1554 389
1554 1028
1554 1093
1554 1165
1555 16
1555 48
1555 290
1555 1536
1556 131
1556 252
1556 410
1556 576
1556 1061
1556 1140
1557 1026
1558 76
1558 177
1558 286
1558 360
1558 590
1558 1056
1558 1217
1559 130
1559 196
1559 1041
1559 1376
1560 18
1560 67
1560 129
1560 136
1560 820
1560 940
1560 1200
1560 1512
1561 386
1561 1062
1562 514
1562 1648
1563 33
1563 1806
1564 8
1564 53
1564 96
1564 265
1564 424
1564 941
1564 1058
1564 1992
1565 9
1565 1082
1565 1108
1565 1152
1566 4
1567 1404
1568 8
1568 10
1568 265
1568 273
1568 459
1568 569
1568 896
1568 1095
1568 1244
1568 1305
1568 1544
1568 1602
1569 6
1569 548
1569 560
1569 1157
1569 1167
1569 1362
1569 1445
1570 8
1570 13
1570 14
1570 40
1570 96
1570 168
1570 267
1570 610
1570 1355
1570 1696
1571 144
1571 1092
1571 1488
1572 0
1572 3
1572 1686
1572 1813
1573 562
1573 1029
1574 45
1574 1674
1575 272
1575 914
1576 235
1576 656
1576 802
1576 1218
1577 164
1577 388
1577 938
1578 1027
1579 676
1580 0
1580 390
1580 676
1581 56
1581 65
1581 86
1581 97
1581 1096
1582 1466
1583 640
1584 8
1584 644
1584 784
1584 1053
1584 1055
1584 1096
1584 1233
1584 1625
1584 1805
1585 2
1585 51
1586 112
1586 208
1586 290
1586 1093
1586 1177
1586 1325
1586 1365
1587 17
1587 236
1587 506
1588 137
1588 178
1588 268
1588 396
1588 1052
1589 1574
1591 65
1592 258
1592 300
1592 301
1592 689
1592 944
1592 1065
1592 1184
1593 660
1593 1067
1593 1603
1594 936
1595 260
1595 1039
1595 1160
1595 1384
1595 1670
1596 570
1596 604
1596 969
1596 1705
1597 66
1597 947
1599 56
1600 35
1600 58
1600 145
1600 148
1600 200
1600 262
1600 314
1600 365
1600 608
1600 742
1600 976
1600 1044
1600 1288
1600 1458
1600 1598
1601 3
1601 182
1601 413
1601 516
1601 1442
1601 1664
1602 8
1602 228
1602 256
1602 426
1602 452
1602 588
1602 648
1602 1047
1602 1600
1602 1668
1603 1064
1603 1287
1603 1492
1603 1840
1604 53
1604 144
1604 228
1604 532
1604 613
1604 1036
1604 1203
1604 1230
1604 1349
1605 297
1605 836
1606 544
1606 777
1606 1425
1607 69
1607 138
1607 1044
1607 1092
1608 278
1608 338
1608 554
1608 868
1608 1029
1608 1289
1608 1290
1609 1060
1609 1633
1610 259
1610 548
1610 772
1610 964
1610 1167
1611 197
1611 520
1612 25
1612 48
1612 115
1612 368
1612 552
1612 929
1614 0
1614 169
1615 720
1616 75
1616 197
1616 514
1616 608
1616 1004
1616 1174
1616 1892
1616 1899
1617 160
1617 412
1617 448
1617 546
1618 66
1618 1024
1618 1136
1618 1808
1619 1024
1619 1225
1620 148
1620 240
1620 279
1620 742
1620 1185
1620 1740
1621 66
1621 72
1621 89
1621 129
1621 222
1621 589
1622 64
1622 113
1622 199
1622 893
1622 1154
1622 1162
1622 1688
1623 521
1623 1554
1623 1865
1624 260
1624 1094
1624 1351
1625 11
1625 55
1625 560
1626 769
1628 196
1628 712
1629 488
1629 576
1630 1378
1632 4
1632 128
1632 423
1632 835
1632 1131
1632 1297
1633 46
1633 65
1633 148
1633 257
1633 258
1633 706
1633 762
1634 162
1634 288
1634 1052
1634 1186
1634 1577
1635 552
1635 981
1635 1067
1636 35
1636 256
1636 845
1636 912
1636 1568
1637 1
1637 435
1637 902
1637 1329
1639 1381
1639 1448
1640 9
1640 53
1640 256
1640 390
1640 549
1640 580
1640 685
1641 276
1641 1425
1642 16
1642 346
1642 1749
1643 133
1643 1440
1645 256
1645 1033
1645 1422
1645 1480
1646 228
1646 1804
1646 1825
1647 1416
1648 337
1648 366
1649 13
1649 67
1650 519
1650 1601
1651 17
1651 391
1652 132
1652 401
1652 460
1652 480
1652 513
1652 1264
1652 1364
1653 1378
1653 1673
1654 194
1654 768
1654 902
1655 1137
1655 1612
1656 6
1656 224
1656 284
1656 1139
1657 1538
1658 393
1659 1281
1660 96
1660 101
1661 1456
1664 130
1664 490
1664 516
1664 535
1664 692
1664 1036
1664 1119
1664 1192
1664 1633
1664 1957
1665 250
1665 531
1665 576
1665 1044
1665 1050
1665 1189
1665 1352
1665 1414
1666 0
1666 161
1666 616
1666 1156
1667 39
1667 133
1667 150
1667 208
1667 256
1668 9
1668 66
1668 90
1668 276
1668 418
1668 448
1668 1092
1668 1248
1669 272
1669 326
1669 566
1669 1194
1669 1825
1670 13
1670 195
1670 686
1670 800
1670 1195
1670 1284
1670 1488
1671 181
1671 187
1671 338
1671 1064
1671 1610
1672 18
1672 45
1672 368
1672 384
1672 422
1672 456
1672 473
1672 544
1672 1310
1673 256
1673 968
1673 1380
1674 34
1674 471
1674 1135
1674 1152
1674 1824
1675 26
1675 484
1675 872
1676 18
1676 1665
1677 5
1677 240
1677 422
1677 586
1677 971
1677 1092
1677 1235
1677 1324
1679 77
1679 128
1679 212
1679 1164
1680 288
1680 392
1680 577
1680 1102
1681 354
1681 389
1681 1093
1682 64
1682 571
1682 772
1682 1258
1682 1297
1683 544
1683 584
1684 576
1684 972
1684 1396
1685 166
1686 192
1686 1140
1686 1233
1686 1654
1687 15
1687 597
1687 729
1688 82
1688 139
1688 641
1688 1248
1689 4
1691 587
1691 1025
1692 769
1693 587
1693 867
1695 876
1696 128
1696 130
1696 462
1696 554
1696 673
1696 1064
1696 1110
1696 1291
1697 12
1697 947
1697 1064
1698 388
1698 1024
1698 1411
1699 1100
1700 1
1700 44
1700 71
1700 818
1701 72
1702 176
1702 1608
1703 76
1703 1540
1704 256
1704 272
1704 395
1704 414
1704 432
1704 1126
1704 1281
1704 1794
1705 3
1705 148
1705 559
1705 1045
1705 1132
1706 194
1706 1025
1707 5
1707 16
1707 1047
1708 96
1708 885
1708 1033
1709 464
1709 606
1709 1768
1710 594
1712 138
1712 195
1712 407
1712 580
1712 634
1712 701
1713 392
1713 1133
1714 184
1714 1177
1714 1227
1714 1282
1715 72
1715 689
1716 102
1716 896
1716 1046
1716 1988
1718 86
1718 268
1718 1426
1719 14
1720 524
1720 544
1720 770
1721 9
1721 140
1721 796
1722 281
1722 356
1723 74
1723 273
1723 681
1724 330
1724 576
1724 1152
1724 1163
1726 1568
1726 1739
1727 16
1728 3
1728 36
1728 76
1728 323
1728 545
1729 538
1729 657
1729 1281
1730 28
1730 1793
1730 1936
1731 1029
1732 24
1732 47
1732 82
1732 262
1732 652
1732 1025
1733 116
1734 136
1734 280
1734 612
1734 742
1735 42
1735 140
1735 541
1736 10
1736 579
1737 41
1737 112
1737 520
1737 1179
1737 1810
1738 1079
1738 1201
1740 140
1740 194
1740 303
1740 583
1740 1028
1740 1066
1740 1456
1741 6
1741 1584
1744 0
1744 258
1744 320
1744 457
1744 458
1744 1050
1744 1574
1745 0
1745 44
1745 418
1745 525
1745 1090
1746 68
1746 1154
1747 938
1747 1444
1748 33
1748 1091
1749 432
1750 218
1750 1475
1752 72
1755 801
1755 1645
1756 21
1756 480
1757 2
1757 8
1757 1076
1757 1235
1758 4
1758 1798
1759 1536
1760 16
1760 23
1760 388
1760 599
1760 712
1760 1630
1761 528
1761 593
1762 160
1762 295
1762 520
1763 232
1763 1156
1764 4
1764 124
1765 72
1765 81
1766 330
1766 1041
1768 42
1768 712
1768 800
1768 1344
1768 1797
1769 64
1769 166
1769 579
1769 760
1769 1866
1770 1414
1772 13
1772 448
1772 775
1772 1113
1772 1448
1774 930
1775 772
1775 1166
1776 470
1776 1057
1778 705
1780 9
1780 256
1780 1314
1781 0
1781 73
1782 130
1784 1482
1785 1881
1787 568
1790 12
1792 80
1792 213
1792 245
1792 326
1792 391
1792 588
1792 802
1792 832
1792 1031
1792 1040
1792 1429
1792 1510
1792 1545
1793 305
1793 815
1793 1024
1793 1584
1793 1632
1794 791
1795 32
1795 204
1795 205
1795 660
1795 1090
1795 1233
1796 44
1796 646
1796 1257
1797 132
1797 522
1797 742
1797 750
1797 1856
1798 170
1798 192
1798 1056
1799 12
1799 34
1800 458
1800 459
1800 485
1800 1296
1800 1706
1801 513
1801 589
1801 1187
1801 1441
1802 193
1802 419
1802 640
1802 1024
1803 16
1803 1045
1803 1428
1803 1445
1804 544
1806 804
1807 1298
1808 9
1808 321
1808 584
1808 715
1808 774
1808 898
1808 1249
1808 1628
1809 0
1809 22
1809 926
1809 1463
1810 353
1810 392
1810 702
1810 817
1810 1108
1810 1615
1811 17
1811 589
1811 603
1811 725
1811 968
1812 160
1812 392
1812 1042
1812 1344
1813 56
1813 513
1813 1033
1814 929
1814 1155
1815 1296
1816 150
1816 160
1816 340
1816 518
1816 640
1816 1024
1817 202
1817 704
1817 1088
1817 1600
1817 1800
1818 1032
1819 52
1819 673
1819 1024
1819 1219
1820 98
1820 147
1820 160
1820 288
1820 1839
1822 528
1822 580
1823 456
1823 587
1823 1302
1824 2
1824 42
1824 531
1824 612
1824 877
1824 1038
1824 1041
1824 1193
1824 1281
1825 428
1825 948
1825 1291
1825 1595
1825 1684
1826 25
1826 169
1826 836
1826 1218
1826 1344
1827 840
1827 1448
1828 404
1828 1206
1828 1824
1829 20
1829 141
1829 772
1830 256
1830 752
1830 1098
1830 1218
1831 128
1832 143
1832 337
1832 391
1832 576
1832 1171
1832 1376
1832 1451
1833 195
1833 616
1833 1172
1834 396
1835 258
1836 20
1836 264
1836 688
1836 1048
1836 1152
1836 1298
1836 1608
1837 744
1837 961
1838 0
1838 809
1838 1037
1838 1062
1840 82
1840 916
1840 1294
1841 24
1841 320
1842 19
1842 577
1842 1056
1842 1072
1843 681
1844 25
1844 114
1844 146
1844 395
1844 1156
1845 87
1846 0
1846 21
1846 144
1847 1288
1848 64
1848 128
1848 129
1848 744
1848 1112
1848 1216
1849 385
1849 1800
1850 178
1850 1673
1854 40
1856 92
1856 134
1856 220
1856 1330
1857 392
1857 652
1857 980
1858 1922
1860 96
1860 131
1860 482
1860 568
1860 761
1861 700
1861 794
1861 1954
1862 0
1862 24
1862 52
1862 518
1862 592
1863 9
1863 276
1863 285
1863 396
1863 1176
1864 40
1864 1056
1864 1812
1865 485
1865 900
1866 161
1866 324
1866 353
1866 1556
1867 1068
1868 128
1869 1063
1870 901
1870 1212
1871 312
1871 1990
1872 1032
1872 1684
1872 1859
1873 4
1873 257
1873 1138
1873 1299
1874 1465
1875 746
1876 168
1876 570
1876 840
1877 130
1877 512
1877 942
1879 580
1880 183
1880 260
1880 514
1881 34
1881 948
1882 517
1882 1548
1883 320
1884 107
1884 292
1884 449
1884 1442
1886 1315
1888 33
1888 387
1888 657
1888 1054
1889 2
1889 1425
1890 13
1890 304
1890 347
1890 418
1891 324
1892 0
1892 98
1892 578
1892 673
1892 1463
1893 18
1893 657
1893 957
1894 65
1894 640
1894 1029
1895 1184
1896 47
1896 416
1896 732
1896 1598
1897 800
1897 826
1899 8
1899 402
1899 515
1901 164
1901 1025
1901 1284
1901 1713
1904 330
1904 869
1904 1089
1905 65
1905 536
1905 584
1905 1026
1906 48
1906 1292
1908 0
1910 30
1910 128
1914 820
1916 897
1918 237
1918 627
1920 10
1920 312
1920 421
1920 530
1920 657
1920 1060
1920 1102
1920 1178
1920 1720
1921 243
1921 547
1921 608
1921 1154
1922 6
1922 43
1922 82
1922 315
1922 812
1922 1880
1923 1058
1923 1285
1923 1568
1924 467
1924 1128
1925 241
1925 547
1927 804
1927 1108
1927 1912
1928 340
1928 384
1928 598
1928 810
1928 1061
1928 1121
1928 1547
1929 154
1929 288
1931 41
1931 512
1931 1172
1933 38
1933 256
1933 1266
1934 0
1934 1506
1935 703
1935 1024
1935 1664
1936 4
1936 595
1937 1539
1939 64
1939 415
1940 4
1940 1105
1940 1689
1941 1248
1942 997
1943 96
1943 150
1944 516
1944 704
1944 1777
1945 1201
1946 864
1948 143
1948 288
1948 514
1950 586
1950 1152
1952 2
1952 36
1952 64
1952 942
1952 1024
1952 1436
1952 1825
1953 1056
1954 1039
1954 1281
1955 56
1955 1458
1955 1681
1957 967
1957 1606
1957 1627
1959 22
1959 773
1960 392
1960 459
1960 520
1961 812
1961 1024
1961 1056
1961 1950
1962 194
1963 705
1964 260
1968 0
1968 673
1968 1000
1969 1240
1969 1424
1970 148
1971 307
1972 34
1972 268
1972 542
1972 691
1973 232
1973 1042
1974 1553
1976 962
1976 1556
1977 1797
1978 592
1980 1876
1981 889
1982 533
1984 145
1984 257
1984 360
1984 491
1984 500
1984 1192
1984 1417
1984 1539
1984 1548
1985 257
1985 627
1986 160
1986 1456
1986 1778
1988 100
1988 524
1988 620
1988 1356
1989 22
1990 134
1991 216
1992 16
1992 273
1992 776
1992 1027
1992 1038
1993 17
1993 29
1993 72
1993 146
1993 1291
1993 1510
1994 1794
1995 268
1996 704
1997 1584
1998 225
1998 973
1999 60
2000 1189
2001 1027
2002 1
2003 730
2003 1027
2004 805
2004 918
2005 29
2005 1037
2006 70
2006 737
2007 13
2009 80
2010 528
2010 739
2010 1312
2010 1417
2011 4
2012 24
2012 90
2016 10
2018 941
2019 1760
2020 516
2020 570
2020 784
2022 4
2022 296
2023 9
2025 134
2025 672
2026 142
2026 264
2027 650
2028 808
2028 1066
2029 1321
2030 134
2032 1332
2033 20
2036 512
2036 1065
2039 526
2040 562
2040 1300
2041 169
2047 516
