# Synthetic Kronecker Graph 
# Edges are directed 
0 1
0 3
0 8
0 9
0 10
0 16
0 21
0 24
0 32
0 56
0 60
1 2
1 14
1 19
1 26
1 35
1 57
2 2
2 5
2 6
2 16
2 32
3 0
3 8
3 17
3 32
3 52
3 59
4 0
4 9
4 10
4 41
4 61
5 42
6 0
6 20
7 4
7 8
8 0
8 7
8 8
8 16
8 17
8 18
8 33
9 0
9 1
9 16
9 48
9 63
10 13
10 16
10 36
10 37
11 29
12 17
12 20
13 35
15 6
16 46
16 55
17 1
17 5
17 10
17 17
17 38
17 44
18 0
19 16
19 18
19 34
20 0
20 18
21 24
22 1
24 9
25 13
27 48
28 16
29 1
29 8
29 18
29 24
29 55
30 48
31 17
32 3
32 4
32 6
32 7
32 9
32 21
32 35
32 42
33 0
33 8
33 56
34 32
34 46
34 49
35 4
35 12
36 0
36 21
37 0
37 1
37 3
37 34
38 4
38 57
40 0
40 4
40 10
40 32
40 55
41 16
41 18
42 10
43 1
44 56
45 19
45 33
45 43
45 50
46 62
48 4
48 8
48 9
48 20
48 49
49 8
49 18
49 25
51 0
51 19
51 20
52 1
52 12
52 16
53 52
54 2
54 8
55 0
55 7
55 38
56 12
56 21
57 8
57 32
58 10
58 12
58 24
59 5
59 12
60 3
61 1
61 35
62 26
