# Synthetic Kronecker Graph 
# Edges are directed 
0 1
0 8
0 32
0 42
0 52
0 74
0 75
0 84
0 95
0 98
0 116
0 117
1 9
1 16
1 24
1 38
1 66
1 72
1 126
2 0
2 12
2 16
2 26
2 45
2 49
2 65
2 85
2 106
3 13
3 102
4 17
4 27
4 40
4 50
4 51
4 108
4 126
5 5
5 73
5 114
5 118
6 15
6 32
7 5
7 16
7 25
8 8
8 10
8 30
8 40
8 78
9 28
9 33
10 0
10 32
10 64
11 2
11 21
11 70
12 12
12 32
12 52
12 58
12 66
12 74
13 8
13 34
14 0
14 33
14 48
15 18
15 34
15 40
15 73
15 96
16 4
16 8
16 32
16 42
16 48
16 64
16 99
16 105
17 67
17 71
18 51
18 75
18 99
18 100
19 44
19 57
20 12
20 16
20 21
20 25
20 37
21 10
21 100
21 104
22 9
22 18
22 21
22 30
22 81
23 48
24 2
24 4
24 32
24 90
25 11
25 25
25 32
25 98
26 75
27 64
28 20
28 65
28 88
28 116
31 24
31 32
31 33
32 1
32 17
32 18
32 32
32 57
32 84
32 96
33 0
33 1
33 40
34 4
34 13
34 17
34 104
35 2
35 42
35 67
36 1
36 4
36 5
36 43
36 45
36 94
37 4
37 74
37 81
38 4
39 8
39 96
40 12
40 26
40 42
41 0
41 9
41 65
41 70
42 3
42 52
42 104
44 0
45 8
45 75
46 5
46 34
46 40
47 8
47 80
48 1
48 81
48 88
49 32
49 36
49 66
49 80
49 102
50 0
50 5
50 99
51 7
52 0
52 1
52 66
52 106
53 68
53 72
55 26
55 120
56 0
56 3
56 116
58 85
59 6
59 40
59 42
59 74
60 38
61 53
62 1
62 40
64 16
64 17
64 20
64 88
64 106
64 111
65 2
65 4
65 8
65 72
65 74
65 82
65 102
66 0
66 9
66 65
66 76
66 90
67 2
67 7
67 68
68 12
68 46
68 101
69 0
69 20
69 40
69 94
70 6
70 21
70 34
71 8
72 6
72 16
72 36
72 60
73 1
73 3
73 68
74 0
74 2
74 24
74 84
76 4
76 18
76 40
76 72
77 87
77 96
78 0
79 0
79 16
80 4
80 64
80 65
80 73
80 103
81 4
81 28
81 32
81 73
81 79
81 84
82 37
82 45
82 88
83 36
83 38
84 0
84 9
84 48
84 72
86 71
87 52
87 80
88 0
88 1
89 85
90 82
91 1
92 54
92 80
94 50
94 81
94 84
94 108
95 6
96 3
96 32
96 68
96 90
96 100
96 112
97 24
97 56
97 86
98 5
99 10
100 2
100 12
100 79
102 40
103 96
104 9
104 18
104 37
104 50
104 64
105 5
105 33
105 108
106 4
106 64
107 6
108 49
110 2
111 66
111 110
112 31
112 94
112 110
113 19
113 33
114 64
115 32
115 97
116 6
116 31
117 1
117 34
117 52
119 6
120 0
121 0
121 5
121 24
122 1
122 5
123 16
124 68
126 66
