# Synthetic Kronecker Graph 
# Edges are directed 
0 0
0 5
0 9
0 10
0 17
0 23
0 24
0 58
0 67
0 94
0 101
0 192
0 232
0 258
0 259
0 266
0 320
0 328
0 352
0 368
0 392
0 482
1 4
1 5
1 32
1 36
1 40
1 76
1 104
1 133
1 136
1 144
1 147
1 148
1 173
1 240
1 264
1 300
1 450
2 2
2 7
2 28
2 81
2 111
2 152
2 161
2 242
2 256
2 261
2 284
2 307
2 387
2 438
3 4
3 113
3 114
3 128
3 133
3 282
4 2
4 8
4 10
4 18
4 35
4 48
4 58
4 74
4 132
4 173
4 212
4 280
4 288
4 369
4 400
4 444
5 2
5 48
5 66
5 112
5 197
5 208
5 285
6 0
6 8
6 24
6 56
6 124
6 230
6 256
6 258
6 289
6 407
7 45
7 90
8 0
8 32
8 40
8 47
8 48
8 82
8 160
8 168
8 182
8 188
8 206
8 248
8 271
8 272
8 342
8 388
8 397
8 424
9 4
9 11
9 128
9 145
9 198
9 200
9 225
9 264
9 272
9 276
10 6
10 24
10 60
10 65
10 163
10 386
11 3
11 68
11 88
11 164
11 290
11 352
11 432
12 3
12 5
12 25
12 87
12 136
12 169
12 275
13 86
13 102
13 168
13 224
13 266
13 274
13 355
13 384
13 387
14 0
14 32
14 88
14 146
14 192
14 256
15 50
15 256
16 7
16 8
16 16
16 17
16 35
16 65
16 72
16 83
16 132
16 136
16 176
16 289
16 305
16 420
17 1
17 10
17 16
17 21
17 104
17 171
17 270
17 327
17 352
18 0
18 41
18 208
18 216
18 276
18 312
18 336
18 372
19 8
19 9
19 144
19 276
19 353
20 1
20 3
20 33
20 50
20 104
20 126
20 132
20 144
20 154
20 259
20 267
20 360
20 362
21 16
21 96
21 273
21 282
23 73
23 257
23 258
24 8
24 163
24 165
24 256
25 94
25 102
25 128
25 258
25 267
25 289
25 327
26 82
26 91
26 272
26 308
26 309
26 392
26 506
27 0
27 12
27 65
27 102
27 182
27 294
27 384
28 0
28 193
28 368
28 449
29 1
29 262
30 6
30 81
30 264
30 286
31 159
32 2
32 3
32 4
32 8
32 32
32 33
32 37
32 48
32 66
32 68
32 137
32 138
32 164
32 176
32 193
32 196
32 256
32 260
32 272
32 326
32 389
32 449
32 450
32 456
33 4
33 16
33 32
33 34
33 80
33 105
33 108
33 134
33 136
33 158
33 256
33 292
33 444
34 6
34 8
34 47
34 138
34 161
34 256
34 257
34 262
35 2
35 19
35 70
35 144
35 162
35 346
36 8
36 167
36 171
36 186
36 273
36 388
36 391
36 474
37 50
37 240
37 414
38 6
38 10
38 34
38 44
38 82
38 144
38 160
38 259
38 315
38 330
39 200
39 209
40 0
40 8
40 24
40 27
40 67
40 85
40 159
40 160
40 225
40 260
40 344
41 2
41 132
41 208
42 129
42 145
42 164
42 184
42 295
43 1
43 84
43 144
43 257
44 88
44 128
44 166
44 204
44 294
44 424
44 464
45 40
45 144
45 416
46 48
46 148
46 220
46 312
46 496
47 132
47 162
48 15
48 16
48 139
48 304
49 0
49 28
49 86
49 126
49 131
50 16
50 166
50 244
50 323
50 324
51 0
51 12
51 385
51 443
52 7
52 65
53 8
53 131
53 163
54 51
54 96
54 192
54 244
54 421
55 24
55 89
56 4
56 8
56 33
56 130
56 194
56 218
56 228
56 272
56 277
57 50
57 187
57 276
58 107
58 347
60 32
60 48
62 221
62 259
62 260
62 353
64 4
64 11
64 33
64 73
64 85
64 99
64 100
64 129
64 131
64 134
64 197
64 226
64 273
64 321
64 441
64 496
65 0
65 6
65 40
65 41
65 193
65 202
65 266
65 407
66 1
66 30
66 76
66 77
66 256
66 261
66 356
66 394
66 456
67 218
67 257
67 300
67 396
68 1
68 11
68 24
68 26
68 118
68 136
68 146
68 151
68 309
68 480
69 16
69 48
69 68
69 76
69 82
69 304
69 324
69 350
70 129
70 140
70 149
70 289
70 485
71 275
71 322
72 9
72 53
72 56
72 80
72 84
72 139
72 160
72 176
72 197
73 60
73 66
73 78
73 84
73 87
73 144
73 209
73 288
73 448
73 466
74 102
74 140
75 153
75 204
76 21
76 185
76 272
77 260
77 420
78 1
78 8
78 310
78 385
78 389
79 10
79 37
79 48
79 148
80 0
80 19
80 112
80 229
80 269
80 294
80 296
80 354
81 87
81 250
81 322
81 362
81 428
82 18
82 32
82 96
82 256
82 304
82 399
82 440
83 32
83 40
83 128
83 186
83 226
84 24
84 36
84 80
84 112
84 155
84 288
84 327
84 446
84 453
85 109
85 144
85 288
85 384
85 403
85 504
86 23
86 80
87 162
88 36
88 48
88 96
88 117
88 161
88 176
88 272
88 312
90 96
90 276
90 352
91 5
91 16
91 288
92 32
92 96
92 296
93 192
93 272
94 16
94 130
94 240
95 293
96 236
96 279
96 420
96 449
97 2
97 4
97 51
97 226
97 306
97 452
97 477
98 1
98 90
98 109
98 192
99 130
99 288
100 235
100 324
100 376
100 428
101 9
101 72
101 261
102 76
102 276
102 419
103 24
103 32
103 144
103 386
104 33
104 57
104 76
104 200
104 292
104 320
105 406
106 2
106 128
106 282
106 288
106 386
106 470
107 64
107 336
108 34
109 87
110 160
110 419
111 32
111 76
111 118
112 0
112 12
112 33
112 117
112 152
112 267
112 275
112 324
113 68
113 408
114 8
114 480
115 9
115 288
116 9
116 216
116 256
116 280
116 428
116 482
117 68
118 22
118 53
118 104
118 421
119 161
120 130
120 256
120 389
121 18
121 72
122 261
126 466
128 12
128 24
128 118
128 224
128 237
128 261
128 280
128 352
128 384
128 392
129 72
129 97
129 135
129 272
129 338
129 340
129 346
129 464
130 10
130 69
130 393
131 0
131 30
131 73
131 139
131 268
131 372
131 430
131 488
132 5
132 10
132 25
132 256
132 264
132 280
132 284
132 289
132 301
132 395
132 450
133 44
133 70
133 128
133 148
133 224
133 258
134 57
134 86
134 291
134 312
135 8
135 27
135 145
135 276
135 485
136 6
136 56
136 105
136 121
136 197
136 276
136 299
137 20
137 136
137 274
137 356
138 34
138 140
138 345
139 0
139 10
140 1
140 32
140 33
140 54
140 88
140 113
140 211
140 245
140 298
140 320
141 33
141 214
142 49
142 128
142 389
143 4
143 114
143 320
143 416
144 41
144 60
144 96
144 132
144 164
144 285
144 291
144 312
144 412
144 472
145 1
145 45
145 92
145 128
145 158
145 272
146 188
146 385
147 132
147 256
148 50
148 64
148 106
148 129
148 148
148 152
148 164
148 270
148 305
149 19
149 112
149 152
149 283
149 464
150 8
150 48
150 123
150 132
150 330
150 390
151 40
151 168
152 16
152 37
152 88
152 147
152 416
153 0
153 64
153 76
153 88
154 19
154 26
154 32
154 417
156 282
156 460
156 468
157 11
157 347
158 78
159 8
159 75
159 408
160 0
160 7
160 80
160 209
160 337
160 498
161 140
161 141
161 169
161 456
162 0
162 48
162 77
162 92
162 154
162 227
162 272
162 433
162 434
163 192
163 258
163 296
164 0
164 312
164 451
164 472
165 14
166 54
166 224
167 42
167 318
168 33
168 42
168 64
168 175
168 236
168 270
168 278
168 353
168 358
169 305
169 378
170 102
170 257
171 150
172 68
172 87
172 336
173 12
173 164
173 276
174 9
174 15
174 190
175 480
176 68
176 139
176 196
176 268
176 408
176 476
177 29
177 46
177 132
177 194
177 452
178 65
178 97
178 440
178 488
180 202
180 205
180 259
180 309
181 54
181 107
181 484
182 65
182 489
183 400
184 35
184 98
184 144
184 266
185 80
186 16
187 146
189 256
190 202
190 292
192 0
192 42
192 109
192 145
192 257
192 276
192 301
192 315
192 457
192 499
193 1
193 4
193 19
193 72
193 178
194 16
194 34
194 56
194 76
194 92
194 169
194 194
194 264
194 282
194 384
194 386
195 58
195 261
195 352
195 396
196 32
196 37
196 72
196 113
196 249
196 281
196 289
196 334
196 418
196 486
197 16
197 114
197 192
197 385
198 16
198 144
198 245
199 50
199 137
200 1
200 74
200 265
200 296
200 352
201 264
201 399
202 15
202 33
202 38
202 116
202 152
202 153
202 384
203 0
203 132
203 454
204 308
204 384
204 445
205 28
205 396
206 68
206 245
206 377
208 8
208 95
208 101
208 300
208 492
209 162
209 195
209 325
209 390
210 46
210 87
210 272
210 413
211 73
213 32
214 392
215 0
215 109
216 0
216 18
216 44
216 160
216 192
216 256
216 289
216 312
217 132
218 18
218 160
218 260
219 321
220 1
220 9
220 506
221 32
221 50
221 88
221 313
221 353
221 468
223 195
224 2
224 10
224 25
224 272
224 367
225 71
225 256
225 288
226 9
226 420
227 0
227 32
228 62
228 64
228 152
228 388
228 396
229 177
229 244
229 389
229 421
229 455
230 68
230 404
231 34
231 300
232 77
232 105
232 164
233 21
233 60
234 165
235 9
235 256
235 339
236 114
237 4
237 46
239 204
241 340
242 20
242 384
243 258
243 268
244 1
244 124
244 160
245 8
245 292
246 3
246 138
248 66
248 274
249 171
250 115
250 272
251 146
251 450
252 8
253 163
254 36
254 128
254 258
256 3
256 5
256 9
256 42
256 55
256 125
256 156
256 192
256 280
256 293
256 306
256 402
256 418
256 450
257 2
257 9
257 70
257 78
257 114
257 200
257 273
257 313
257 369
258 88
258 97
258 128
258 139
258 192
258 197
258 231
258 232
258 256
258 263
258 461
258 465
259 89
259 134
259 233
259 321
259 338
259 346
259 350
259 461
260 0
260 9
260 67
260 80
260 145
260 184
260 220
260 228
260 393
260 448
261 327
262 64
262 79
262 114
262 194
262 320
262 369
263 24
263 168
264 18
264 32
264 34
264 35
264 128
264 132
264 192
264 260
264 292
264 396
264 434
264 460
265 0
265 9
265 37
265 88
265 161
265 264
265 273
265 404
265 447
266 77
266 144
266 164
266 273
267 81
267 309
268 4
268 20
268 129
268 373
268 416
268 428
269 3
269 262
269 329
269 354
269 378
269 431
271 53
271 283
271 374
272 8
272 48
272 50
272 53
272 96
272 113
272 136
272 228
272 293
272 312
272 450
273 33
273 84
273 105
273 112
273 291
273 413
274 0
274 4
274 156
274 168
274 215
274 390
274 461
275 20
275 24
275 35
275 55
275 144
276 24
276 32
276 40
276 50
276 64
276 69
276 133
276 154
276 369
276 387
277 1
277 60
277 257
277 332
277 385
279 485
280 17
280 42
280 76
280 156
280 262
280 334
281 274
281 290
281 299
281 390
282 4
282 8
282 17
282 48
282 290
283 64
283 112
283 130
284 8
284 64
284 137
285 259
285 305
285 435
286 64
286 216
286 464
288 56
288 141
288 193
288 256
288 259
288 294
288 310
289 22
289 24
289 58
289 128
289 149
289 226
290 40
290 128
290 160
290 258
291 10
291 13
291 14
291 64
291 192
291 321
291 355
292 0
292 21
292 33
292 466
292 470
293 38
293 115
293 132
293 162
293 165
293 224
293 233
293 290
294 153
294 264
294 339
294 356
294 360
295 3
295 66
295 145
295 264
296 14
296 16
296 20
296 49
296 249
296 258
297 0
297 15
297 36
297 65
297 225
297 328
297 408
298 133
298 180
298 258
298 444
300 8
300 103
300 320
300 363
301 33
301 129
301 137
302 9
302 136
303 256
304 90
304 268
304 320
305 0
305 35
305 37
305 160
305 332
305 459
306 20
306 70
306 82
306 122
306 164
306 247
306 304
307 48
308 8
308 44
308 131
308 233
308 397
309 263
309 324
309 448
310 8
312 0
312 3
312 36
312 52
312 121
312 210
312 384
312 434
313 8
313 260
313 486
314 70
315 41
316 1
316 112
316 128
316 130
316 312
319 329
320 6
320 16
320 236
320 277
320 337
321 9
321 53
321 69
321 162
321 275
321 402
322 293
322 329
322 350
323 1
323 128
323 186
323 309
324 49
324 180
324 288
324 457
325 34
325 132
325 376
326 136
326 302
327 0
327 260
327 265
328 48
328 65
329 14
329 19
329 89
329 178
329 305
330 1
330 23
330 29
330 37
330 256
330 304
331 141
331 208
331 290
332 5
332 200
333 0
333 280
333 324
334 0
335 301
336 2
336 115
336 256
336 260
336 273
336 406
337 0
337 129
337 260
337 450
338 397
338 434
339 17
339 134
339 163
339 311
340 8
340 12
341 274
342 65
342 152
344 97
344 133
345 24
345 52
345 273
347 143
348 213
348 289
349 16
349 354
350 293
350 303
351 133
352 12
352 79
352 111
352 148
352 253
353 24
353 32
354 32
354 133
354 192
354 209
354 265
354 404
355 69
355 89
355 96
356 8
356 144
357 13
357 28
357 445
358 156
359 461
360 260
360 264
360 323
360 456
361 0
361 80
361 82
361 90
361 259
362 23
363 98
364 65
364 84
364 435
365 22
366 160
367 294
368 16
368 53
368 138
368 292
369 42
369 140
370 331
370 437
372 81
372 397
375 77
375 128
376 188
376 288
376 326
377 12
378 372
379 3
381 1
382 87
383 17
384 4
384 40
384 153
384 160
384 272
384 355
384 371
385 1
385 65
385 74
385 113
385 228
386 2
386 15
386 16
386 92
386 196
386 282
386 296
386 354
386 390
388 148
388 196
388 270
388 332
389 17
389 58
389 70
389 348
390 193
390 292
390 352
390 476
392 34
392 193
392 206
392 304
393 260
394 0
394 48
394 96
394 288
394 393
395 6
395 153
396 200
397 96
397 156
398 2
398 161
398 225
398 500
399 109
399 315
400 91
400 97
400 192
400 198
400 208
400 268
400 272
400 354
400 398
401 13
401 64
401 68
401 140
402 261
403 408
404 32
404 69
404 104
404 338
405 19
405 152
406 3
406 17
406 128
406 256
406 260
406 296
406 457
408 12
408 177
408 263
408 274
408 308
409 272
410 86
410 353
411 168
411 347
412 1
412 2
413 0
413 203
413 273
414 21
414 32
415 0
416 16
416 28
416 34
416 67
416 96
416 256
416 334
416 360
417 2
417 36
417 65
417 121
417 162
417 215
418 24
418 82
418 133
418 273
418 291
419 41
419 70
419 196
420 3
420 142
420 170
420 273
421 10
421 67
421 150
421 200
421 272
421 273
421 329
423 122
423 128
423 139
423 336
424 261
425 258
426 406
427 4
427 6
427 43
428 13
428 264
428 272
429 210
429 283
429 388
430 19
431 96
431 161
432 38
432 232
432 418
433 460
434 32
434 94
436 80
437 47
438 262
440 320
442 96
444 149
444 504
445 126
446 352
448 20
448 24
448 64
448 66
448 140
449 94
449 131
449 140
450 144
450 171
450 185
450 201
450 245
450 428
451 384
452 4
453 100
455 65
456 4
456 64
456 88
456 138
456 194
456 437
457 304
458 12
458 99
459 355
459 373
459 452
462 0
462 43
462 257
463 257
463 274
464 129
464 149
465 40
465 136
465 257
466 101
466 126
467 6
467 128
467 398
468 258
470 32
470 69
470 184
471 69
473 384
473 432
474 2
474 25
475 5
476 7
476 301
478 28
478 256
479 96
480 283
480 304
481 136
481 172
481 289
481 419
481 470
482 6
482 120
483 10
483 51
484 482
486 96
488 43
488 68
488 264
488 323
488 384
489 2
489 64
489 456
490 68
490 96
490 461
492 257
494 67
494 416
494 452
495 4
496 72
496 112
496 136
496 167
496 304
497 11
497 45
500 82
500 245
504 37
504 437
505 256
506 82
507 257
510 1
510 6
510 386
