# Synthetic Kronecker Graph 
# Edges are directed 
0 6
0 16
0 33
0 40
0 41
0 72
0 79
0 88
0 109
0 129
0 135
0 146
0 172
0 212
0 291
0 293
0 298
0 329
0 355
0 432
1 1
1 18
1 32
1 36
1 40
1 64
1 76
1 100
1 165
1 208
1 256
1 407
1 426
1 449
1 488
2 7
2 16
2 193
2 288
2 343
2 418
2 422
3 36
3 96
3 292
3 320
3 482
4 1
4 3
4 4
4 20
4 21
4 22
4 32
4 77
4 80
4 101
4 135
4 196
4 303
4 333
4 352
4 353
4 472
5 32
5 37
5 56
5 128
5 198
5 250
5 296
6 4
6 9
6 278
6 299
6 371
6 384
7 264
8 4
8 66
8 98
8 136
8 144
8 225
8 243
8 258
8 280
8 290
8 292
8 464
9 0
9 60
9 172
9 213
9 408
9 457
10 27
10 34
10 136
10 328
10 384
11 70
11 278
11 427
12 7
12 9
12 130
12 224
12 236
12 304
13 0
13 1
13 56
13 160
13 344
14 17
14 110
14 112
14 140
14 385
14 404
14 411
15 257
15 296
16 12
16 75
16 112
16 137
16 164
16 168
16 176
16 273
16 322
16 352
16 391
17 0
17 41
17 48
17 98
17 128
17 146
17 234
17 264
17 267
17 277
17 336
17 352
17 466
18 0
18 1
18 5
18 152
18 180
18 308
18 455
19 9
19 23
19 161
19 324
19 405
20 51
20 57
20 80
20 449
20 452
20 508
21 77
21 136
21 211
21 392
21 465
22 75
22 308
22 452
23 3
23 212
24 2
24 248
24 284
24 352
24 355
24 386
25 13
25 41
25 59
25 88
25 146
25 420
25 435
26 72
26 76
26 131
26 386
26 457
27 4
27 80
27 192
28 29
28 56
28 90
28 130
28 163
28 224
28 264
28 322
28 405
29 281
31 256
32 10
32 14
32 17
32 32
32 56
32 69
32 73
32 74
32 134
32 179
32 267
32 268
32 449
33 5
33 56
33 69
33 144
33 193
33 206
33 251
33 289
33 368
34 84
34 130
34 132
34 137
34 157
34 196
34 257
34 273
35 0
35 4
35 130
35 168
35 304
35 341
35 448
36 0
36 1
36 22
36 32
36 55
36 147
36 161
36 218
36 250
36 260
36 376
37 64
37 66
37 186
37 200
38 5
38 40
38 128
38 258
38 384
38 427
39 83
39 194
39 404
40 76
40 83
40 88
40 196
40 400
41 0
41 36
41 112
41 222
41 240
41 266
41 320
41 409
41 448
42 1
42 62
42 193
42 259
44 41
44 65
44 182
44 193
45 268
46 3
46 33
46 117
46 164
46 200
46 212
46 259
46 324
46 390
46 412
47 295
47 321
48 0
48 2
48 65
48 145
48 152
48 196
48 240
48 257
48 323
48 324
48 410
49 18
49 26
49 76
49 98
49 256
49 257
49 272
50 0
50 2
50 8
50 23
50 44
50 82
50 104
50 113
50 131
50 138
50 234
50 329
50 384
50 393
51 33
51 39
51 224
51 330
51 336
52 128
52 157
52 220
52 224
52 274
53 70
53 183
53 263
53 305
54 52
54 168
54 262
54 386
56 10
56 104
56 151
57 4
57 53
57 102
58 19
58 48
58 256
58 500
59 330
60 80
60 179
60 276
61 441
62 8
62 68
62 99
64 0
64 8
64 33
64 48
64 51
64 65
64 75
64 92
64 103
64 111
64 128
64 456
65 25
65 98
65 142
65 256
65 261
65 385
65 418
66 12
66 77
66 80
66 102
66 135
66 146
66 229
66 308
66 340
66 363
67 65
67 96
67 111
67 145
67 201
67 258
67 296
67 298
68 2
68 18
68 64
68 86
68 100
68 140
68 260
68 376
68 386
68 428
68 468
69 388
70 88
70 177
70 280
70 320
71 133
71 260
72 0
72 190
72 358
72 450
73 324
73 344
74 16
74 60
74 396
74 416
75 10
75 16
75 244
75 320
75 352
76 0
76 1
76 80
76 99
76 227
76 261
76 293
76 488
77 168
77 269
78 160
78 188
78 259
79 11
79 34
80 2
80 4
80 5
80 22
80 47
80 100
80 146
80 354
81 41
81 64
81 128
81 160
81 210
81 265
82 17
82 27
82 145
82 146
82 274
82 318
82 385
83 97
83 192
83 392
84 24
84 80
84 130
84 198
84 227
84 386
85 32
85 112
85 157
85 268
85 472
86 39
86 208
86 408
87 25
87 160
88 65
88 85
88 168
88 190
88 436
88 448
88 481
89 68
89 76
89 129
89 192
89 228
90 132
90 347
91 164
92 41
93 5
93 98
93 161
93 195
94 9
95 15
96 71
96 178
96 198
96 204
96 258
96 298
96 370
96 386
96 476
97 131
97 256
98 0
98 12
98 147
98 154
98 192
98 254
98 266
98 332
98 460
99 2
99 14
99 49
99 88
99 144
99 181
100 138
100 320
100 342
101 25
101 35
101 36
101 144
102 3
103 12
103 23
103 128
103 137
104 5
104 8
104 35
104 130
104 163
104 173
104 180
104 217
104 259
104 269
105 38
105 74
105 137
105 225
105 243
107 60
107 96
108 2
108 89
108 150
108 183
108 457
109 113
110 8
110 16
110 307
110 395
111 0
111 128
112 5
112 17
112 36
113 411
114 2
114 10
114 238
114 276
114 435
115 166
115 285
116 278
116 290
116 296
117 9
117 40
118 72
118 134
118 209
118 403
119 22
119 115
119 153
120 12
120 196
121 161
121 204
121 267
122 33
122 147
123 113
123 377
124 1
124 13
124 36
125 134
126 114
126 136
127 0
127 260
128 17
128 18
128 35
128 40
128 92
128 102
128 137
128 145
128 158
128 256
128 332
128 354
128 386
128 398
129 11
129 67
129 208
129 340
129 349
130 2
130 19
130 42
130 47
130 75
130 100
130 147
130 264
130 265
130 267
130 362
130 496
131 18
131 22
131 60
131 72
131 107
131 244
131 262
131 321
131 352
131 359
131 398
132 3
132 7
132 100
132 225
132 256
132 264
132 272
132 384
132 448
132 485
133 96
133 104
133 167
133 192
133 370
134 78
134 144
134 413
135 36
135 281
135 364
135 432
136 1
136 4
136 18
136 37
136 47
136 56
136 89
136 113
136 114
136 116
136 269
136 396
136 417
136 422
136 500
137 73
137 234
137 450
138 3
138 55
138 141
138 256
138 456
139 59
139 128
139 296
139 426
140 179
140 209
140 437
140 458
141 1
141 33
141 76
141 346
142 18
142 43
142 50
142 261
143 256
144 8
144 48
144 152
144 249
144 300
144 388
145 122
145 147
145 168
145 170
145 290
145 420
146 12
146 128
146 237
146 261
146 324
147 1
147 133
147 384
147 416
147 456
148 4
148 124
148 138
149 9
149 33
149 56
149 194
150 2
150 10
150 132
150 272
150 273
150 294
151 56
151 104
152 1
152 32
152 97
152 247
153 23
153 112
153 120
153 307
154 101
154 120
154 469
155 102
155 290
156 48
156 64
156 344
157 101
157 131
157 276
158 114
158 199
160 18
160 24
160 38
160 42
160 51
160 56
160 80
160 154
160 161
160 204
160 294
160 468
161 3
161 22
161 33
161 80
161 133
162 0
162 6
162 17
162 24
162 64
162 68
162 82
162 121
162 130
162 149
162 181
162 257
163 9
163 44
164 0
164 128
164 129
164 200
164 273
164 385
164 466
165 29
165 39
165 418
166 1
166 35
166 302
168 9
168 16
168 25
168 41
168 81
168 188
168 292
168 329
168 436
169 52
171 48
172 33
172 130
173 8
173 362
174 36
175 354
176 8
176 151
176 175
176 268
176 350
177 24
177 258
177 288
178 14
178 128
178 392
179 217
179 260
179 404
180 64
180 252
180 292
180 392
180 393
181 4
183 131
184 6
184 20
184 77
184 97
184 162
184 163
184 290
184 340
185 122
186 40
186 80
186 200
186 414
187 448
188 112
188 257
189 66
190 32
190 39
190 136
192 32
192 38
192 144
192 260
192 274
192 342
192 452
192 488
193 0
193 4
193 12
193 100
193 246
193 334
193 388
193 394
193 417
194 8
194 44
194 52
194 128
194 292
194 390
195 13
195 33
195 88
196 2
196 5
196 10
196 175
196 248
197 76
197 278
197 288
197 289
197 384
197 429
198 0
198 11
198 256
199 483
200 0
200 3
200 32
200 38
200 64
200 96
200 112
200 168
200 200
201 64
201 128
201 341
201 450
202 2
202 65
202 73
202 150
202 257
202 263
203 389
204 16
204 424
205 169
205 285
205 475
207 259
208 4
208 46
208 218
209 227
209 280
209 395
210 53
210 153
211 14
211 200
211 304
212 17
212 42
212 231
212 343
213 98
213 466
215 193
216 14
216 163
216 290
217 392
218 11
219 32
219 147
220 16
220 153
222 1
222 8
222 199
223 197
224 0
224 3
224 193
225 22
225 68
225 128
225 203
225 268
226 27
226 73
226 96
226 344
227 260
227 349
228 0
228 2
228 42
228 314
229 144
230 256
231 53
232 1
232 141
232 223
232 256
232 369
232 392
232 400
233 262
234 296
235 16
235 25
235 419
236 15
236 45
236 72
237 300
238 12
239 32
239 136
239 163
240 0
240 46
240 141
240 216
240 235
240 423
242 304
243 64
243 208
243 452
244 170
245 0
245 6
245 20
245 24
245 98
245 315
246 0
247 37
248 44
248 164
249 16
249 67
249 322
249 345
250 286
250 406
251 0
252 290
252 450
254 334
256 26
256 65
256 70
256 128
256 134
256 144
256 146
256 156
256 172
256 256
256 284
256 295
256 331
256 336
256 403
256 483
257 5
257 9
257 37
257 100
257 128
257 183
257 389
257 403
258 0
258 128
258 133
258 134
258 202
258 288
258 290
258 392
258 424
259 25
259 33
259 89
259 119
259 368
259 461
260 0
260 20
260 147
260 165
260 485
260 496
261 0
261 1
261 2
261 474
262 41
262 136
262 355
263 16
263 201
264 0
264 6
264 12
264 55
264 82
264 237
264 274
264 452
265 5
265 37
265 148
265 161
265 258
265 272
265 373
266 1
266 8
266 24
266 61
266 120
266 192
267 18
267 270
268 49
268 98
268 213
268 248
268 455
268 469
269 77
269 80
270 189
270 224
270 500
271 56
271 144
271 155
272 12
272 32
272 49
272 116
272 128
272 129
272 145
273 0
273 1
273 32
273 177
273 328
273 336
274 9
274 19
274 166
274 204
275 94
275 158
275 204
275 267
275 412
276 136
276 304
277 36
278 69
278 132
278 396
279 16
279 38
279 41
279 336
279 347
280 5
280 58
280 100
280 376
280 450
280 456
281 36
281 66
281 273
281 275
282 7
282 12
282 80
282 326
282 389
282 439
283 20
283 80
283 206
284 194
284 344
284 416
285 3
285 328
286 498
288 64
288 66
288 97
288 127
288 136
288 141
288 161
288 291
288 336
288 416
288 430
288 448
288 470
289 0
289 56
289 72
290 40
290 49
290 82
290 194
290 288
291 22
291 73
291 140
291 196
291 275
292 25
292 160
292 217
293 2
294 65
295 384
296 21
296 78
296 100
296 153
296 226
296 331
296 458
297 84
297 98
297 266
297 278
297 390
298 392
299 177
300 57
301 34
301 161
301 459
302 17
302 32
302 130
303 0
303 36
304 3
304 4
304 137
304 244
304 265
304 480
305 65
306 144
306 166
306 211
306 370
307 24
307 277
307 300
308 6
308 39
308 41
308 130
308 416
309 132
309 146
309 388
310 218
310 260
312 9
312 16
312 48
312 69
312 71
312 256
312 405
313 41
313 59
313 67
314 8
314 265
315 208
316 81
316 98
316 211
316 352
317 282
317 288
318 2
319 466
320 2
320 19
320 41
320 79
320 152
320 168
320 366
321 75
321 139
321 152
321 164
322 41
322 77
322 204
322 260
322 360
323 20
323 44
324 14
325 21
325 98
325 261
326 0
326 272
327 128
327 136
328 33
328 60
328 69
328 76
328 170
328 179
328 290
328 326
329 144
329 156
329 159
330 38
330 68
330 320
331 102
331 200
331 400
332 1
332 58
332 64
332 337
332 434
334 30
334 97
334 240
334 260
334 289
336 8
336 63
336 129
336 168
336 192
336 261
336 320
337 32
337 128
338 2
338 16
338 110
338 160
338 226
339 40
339 170
339 265
340 80
340 275
340 417
340 432
342 4
342 25
342 33
342 69
342 83
343 3
343 200
344 291
344 350
345 0
346 48
346 260
346 274
346 293
347 0
348 88
348 334
348 445
350 309
350 476
351 36
351 353
351 356
352 0
352 27
352 40
352 74
352 192
352 358
352 431
352 464
353 34
353 69
353 128
353 156
353 356
353 387
354 1
354 5
354 161
354 234
354 315
354 423
355 464
356 34
356 44
356 68
356 128
356 274
357 5
357 10
357 112
358 177
358 325
359 68
359 212
359 280
360 80
361 13
361 160
361 172
361 229
362 70
362 100
362 101
362 421
363 25
363 132
363 404
363 436
364 147
364 195
364 259
365 136
365 182
367 0
368 17
368 204
371 1
371 20
371 288
371 484
373 36
373 144
374 53
375 204
377 0
377 65
377 102
377 104
378 36
379 131
380 113
382 379
384 2
384 19
384 21
384 32
384 37
384 97
384 104
384 160
384 201
384 249
384 264
384 316
384 384
385 0
385 105
385 145
385 206
385 304
386 18
386 85
386 134
386 289
386 331
386 416
386 449
387 8
387 24
387 130
387 227
387 456
388 24
388 120
388 403
389 34
389 35
389 131
389 336
390 0
390 28
390 117
390 336
391 127
391 332
392 70
392 81
392 320
392 408
393 101
393 140
393 280
393 466
394 156
394 327
394 359
395 16
395 132
395 449
396 0
396 294
396 399
398 176
400 15
400 17
400 24
400 33
401 511
402 133
402 192
402 294
403 16
403 34
403 453
404 2
404 231
404 268
404 388
404 410
405 169
406 329
406 389
407 145
408 2
408 36
408 69
408 196
408 209
408 216
409 52
410 5
410 65
410 136
410 416
411 1
411 49
411 343
412 193
412 256
413 4
413 200
413 298
413 358
414 72
414 192
416 34
416 110
416 150
416 268
416 412
417 6
417 64
417 121
417 342
418 3
418 138
418 258
418 273
418 384
419 107
419 394
420 20
420 64
420 77
420 372
421 208
421 327
422 3
422 126
422 192
423 366
424 144
424 169
424 263
424 327
425 165
426 65
426 66
426 461
426 496
427 332
427 336
428 12
428 192
429 148
429 446
430 32
430 44
432 8
432 33
432 40
432 270
432 390
432 412
433 64
434 4
434 34
434 260
434 401
435 207
435 208
436 2
436 368
437 136
438 32
438 34
438 85
438 396
439 33
439 64
440 209
441 161
441 256
442 107
444 8
445 168
446 67
446 266
448 74
448 81
448 100
448 169
448 449
449 220
450 0
450 16
450 35
450 288
451 288
453 96
453 209
454 98
454 102
456 1
456 112
456 156
456 240
456 384
457 62
457 80
458 134
458 336
458 360
458 473
460 396
461 202
462 60
462 64
462 128
463 139
463 228
464 16
464 78
464 336
464 443
465 257
466 38
466 210
467 80
467 296
467 340
467 484
468 137
469 10
469 32
469 108
470 32
472 128
473 104
474 288
476 75
476 331
476 392
479 40
479 192
479 297
480 3
480 259
481 4
481 449
482 2
482 64
482 395
482 481
483 6
484 76
484 102
484 396
484 408
485 313
485 402
486 221
486 276
488 17
488 50
488 401
489 64
489 172
489 402
491 266
492 8
492 104
492 411
494 21
496 129
498 41
501 145
501 442
502 458
504 64
504 71
504 212
504 256
507 0
507 8
508 22
509 328
509 400
511 57
