# Synthetic Kronecker Graph 
# Edges are directed 
0 4
0 7
0 25
0 34
0 43
0 48
0 50
0 54
0 68
0 96
0 110
1 1
1 34
1 42
1 46
1 59
1 91
2 0
2 7
2 16
2 18
2 32
2 72
2 81
2 106
3 0
3 1
3 8
3 10
3 40
3 62
3 69
3 86
4 1
4 4
4 9
4 24
4 32
4 67
4 72
4 84
4 88
5 0
5 50
5 65
5 70
5 99
6 0
6 64
6 82
7 40
8 16
8 86
9 0
9 1
9 32
9 48
9 53
9 68
9 89
10 0
10 24
10 34
10 64
11 6
11 64
12 3
12 46
12 56
12 105
12 118
13 8
13 35
14 4
14 11
14 13
15 1
15 18
15 38
15 66
16 0
16 7
16 10
16 12
16 16
16 19
16 32
16 33
16 34
16 36
16 43
16 64
17 0
17 10
17 24
17 32
17 36
17 66
17 81
18 16
18 24
18 70
18 101
19 48
19 67
19 90
20 104
20 122
21 10
21 45
22 3
22 32
22 37
22 104
24 33
24 43
24 99
25 48
25 88
25 96
26 96
27 46
28 16
28 17
28 29
28 32
28 37
28 98
28 108
29 102
31 82
32 8
32 33
32 66
33 1
33 22
34 4
34 32
34 39
34 52
34 102
35 3
35 14
35 70
36 62
36 84
36 96
37 0
37 83
38 35
39 16
40 32
40 35
40 101
40 104
41 7
41 84
41 87
41 96
42 18
42 37
42 96
43 4
43 118
44 16
44 33
44 57
44 65
44 81
44 96
45 80
47 64
48 7
48 81
49 0
49 25
49 97
49 115
50 0
50 17
50 37
50 70
50 72
50 84
51 0
51 16
51 17
51 32
52 16
52 72
52 74
52 84
53 16
53 83
54 32
56 0
56 36
56 65
57 75
58 2
58 8
58 80
58 123
59 38
60 8
61 5
61 36
62 90
62 105
63 17
64 3
64 17
64 37
64 40
64 68
64 69
64 70
64 82
64 96
65 0
65 2
65 56
65 96
65 108
67 64
68 2
68 12
68 23
68 40
69 16
69 114
70 16
70 18
70 26
70 34
70 35
70 64
71 69
72 5
72 66
72 88
73 43
73 50
74 8
74 34
75 81
76 0
77 14
77 25
77 84
78 107
79 32
80 8
80 104
81 20
81 72
81 74
81 114
81 117
82 48
82 111
83 3
83 61
84 61
86 24
86 65
87 0
87 104
88 28
89 12
89 53
90 53
90 88
91 16
91 18
96 9
96 17
96 34
96 41
96 72
96 84
96 116
97 4
97 10
97 48
97 117
98 3
98 9
98 34
99 76
99 77
99 90
102 2
102 18
104 6
104 20
104 33
104 51
104 82
104 112
106 1
106 42
106 66
106 68
107 34
107 39
108 10
108 64
109 10
109 72
112 66
112 98
113 67
114 0
114 18
115 2
118 13
119 36
120 24
120 82
120 106
121 33
124 25
124 27
