# Synthetic Kronecker Graph 
# Edges are directed 
0 0
0 8
0 10
0 22
0 34
0 37
0 64
0 86
0 106
0 131
0 145
0 149
0 199
0 209
0 256
0 277
0 330
0 340
0 362
0 371
0 386
0 389
0 390
0 438
0 448
1 1
1 2
1 44
1 124
1 132
1 156
1 165
1 265
1 294
1 302
1 307
1 405
1 453
2 0
2 2
2 5
2 9
2 48
2 74
2 81
2 113
2 128
2 133
2 165
2 198
2 258
2 260
2 264
2 289
2 290
2 306
2 321
2 324
2 439
2 456
3 18
3 22
3 23
3 130
3 275
3 327
4 0
4 1
4 8
4 16
4 62
4 67
4 72
4 89
4 96
4 97
4 132
4 317
4 320
4 393
5 0
5 200
5 202
5 228
5 232
5 308
5 333
5 384
5 449
6 25
6 112
6 136
6 229
6 288
6 336
6 436
7 108
7 129
7 384
7 468
8 6
8 36
8 40
8 137
8 258
8 264
8 269
8 292
8 296
8 355
9 12
9 32
9 42
9 50
9 67
10 60
10 164
10 236
10 296
10 412
11 132
11 242
12 0
12 8
12 16
12 32
12 40
12 59
12 144
12 145
12 152
12 225
12 273
12 310
12 420
13 16
13 24
13 66
13 308
14 16
14 20
14 24
14 257
14 389
15 13
15 192
15 277
15 391
16 0
16 2
16 3
16 37
16 50
16 160
16 172
16 180
16 206
16 232
16 272
16 280
16 304
17 24
17 33
17 44
17 137
17 288
17 324
17 400
18 129
18 130
18 192
18 307
19 3
19 133
19 420
20 34
20 105
20 186
20 198
20 267
20 337
20 360
20 391
21 40
21 230
21 256
21 322
22 25
22 28
22 33
22 81
22 84
22 193
22 261
22 347
23 20
23 32
23 72
23 112
23 260
23 409
23 422
24 1
24 18
24 26
24 144
24 225
24 262
24 332
25 19
25 405
25 430
26 44
26 57
26 88
26 176
26 384
26 450
27 16
27 24
27 36
27 267
27 432
28 1
28 64
28 68
28 96
29 0
29 69
29 148
29 259
29 274
29 498
30 117
30 129
30 292
30 306
30 420
30 480
31 224
32 5
32 8
32 9
32 28
32 89
32 108
32 136
32 167
32 173
32 196
32 356
32 385
32 434
32 449
33 46
33 65
33 144
33 262
33 400
33 480
34 4
34 16
34 44
34 122
34 128
34 129
34 133
34 152
34 212
35 2
35 16
35 68
35 83
35 154
35 192
35 196
35 209
35 256
35 336
35 384
35 411
35 416
35 449
36 7
36 8
36 10
36 17
36 68
36 258
36 290
36 384
37 17
37 26
37 39
37 129
37 172
37 386
38 58
38 65
38 113
38 128
38 408
39 129
39 208
39 219
40 0
40 16
40 25
40 41
40 61
40 94
40 128
40 130
40 168
40 171
40 199
40 226
40 292
40 320
40 417
40 429
41 68
41 292
42 65
42 84
42 124
42 163
42 256
42 338
42 441
42 451
43 28
43 368
44 384
44 410
45 6
45 68
45 261
45 421
46 18
46 66
46 401
47 96
47 207
48 1
48 8
48 18
48 20
48 23
48 37
48 112
48 140
48 190
48 320
48 370
48 465
48 493
49 129
49 244
49 272
49 328
49 393
49 400
49 438
50 1
50 3
50 69
50 76
50 128
50 149
50 226
50 328
51 330
52 368
53 16
53 96
53 266
53 268
54 65
54 66
54 121
54 133
54 224
54 289
55 130
55 258
56 69
56 100
56 212
56 290
56 339
57 122
58 68
58 74
58 262
58 367
59 34
59 64
59 166
60 42
62 16
62 105
62 171
64 1
64 3
64 21
64 37
64 66
64 128
64 144
64 145
64 188
64 193
64 198
64 208
64 216
64 261
64 293
64 363
64 374
64 456
65 9
65 19
65 40
65 64
65 98
65 128
65 198
65 284
65 384
65 386
65 392
66 0
66 3
66 23
66 32
66 80
66 161
66 177
66 210
66 263
66 274
66 348
66 365
66 385
66 457
67 21
68 2
68 4
68 10
68 45
68 80
68 160
68 193
68 256
68 288
69 133
69 302
69 357
70 65
70 138
70 234
70 287
70 464
71 13
71 58
71 72
71 88
71 392
72 15
72 76
72 105
72 129
72 200
72 256
72 266
72 275
72 340
72 352
73 6
73 12
73 22
73 89
73 256
74 4
74 277
75 12
75 159
75 241
75 276
75 420
76 2
76 16
76 93
76 256
76 320
77 72
77 160
77 453
78 17
78 18
78 57
78 132
78 232
79 1
79 16
79 40
79 288
80 256
81 149
81 172
81 227
81 269
81 272
81 390
82 8
82 400
83 34
83 432
84 1
84 48
84 65
84 70
84 152
84 313
84 456
85 75
85 183
85 250
85 256
85 274
85 290
85 460
86 28
86 73
86 162
86 233
87 27
87 122
87 272
87 336
88 32
88 44
88 117
88 128
88 209
88 260
88 290
89 4
89 24
89 107
89 194
89 228
89 265
90 16
90 32
90 281
90 320
91 20
91 229
92 2
92 3
92 145
92 160
92 178
92 290
92 457
93 40
93 48
93 128
93 328
94 42
94 231
94 290
94 437
95 199
96 5
96 96
96 130
96 169
96 189
96 352
96 458
97 36
97 45
97 194
97 293
97 450
97 505
98 2
98 6
98 17
98 29
98 85
98 192
98 257
98 258
98 359
98 419
99 12
99 59
99 273
99 410
100 0
100 28
100 106
100 129
100 280
100 315
100 401
101 144
101 146
101 194
101 337
102 7
102 436
103 228
103 307
104 38
104 56
104 72
104 134
104 235
104 244
105 267
106 258
107 20
108 85
108 88
108 147
108 159
109 85
110 104
111 322
111 330
111 458
112 1
112 28
112 64
112 140
112 144
112 162
112 290
113 136
113 192
113 256
113 312
114 3
114 346
114 372
115 22
115 128
116 1
118 154
118 200
120 32
120 149
121 259
121 330
121 424
122 16
122 106
122 161
122 448
123 24
123 42
123 48
123 291
124 68
126 171
126 176
126 274
128 15
128 20
128 23
128 38
128 46
128 186
128 196
128 243
128 288
128 322
128 467
128 499
129 0
129 4
129 18
129 24
129 36
129 72
129 76
129 80
129 98
129 178
129 256
129 340
129 388
129 391
130 104
130 164
130 181
130 247
131 340
132 0
132 8
132 9
132 19
132 48
132 50
132 80
132 99
132 132
132 133
132 229
132 294
132 304
133 0
133 4
133 40
133 45
133 116
133 148
133 187
134 117
134 130
134 200
134 432
134 448
135 7
135 110
135 153
135 400
136 1
136 9
136 50
136 67
136 85
136 89
136 131
136 147
136 178
136 184
136 275
136 348
136 376
136 420
136 449
137 9
137 101
137 144
137 262
137 276
137 322
137 324
137 342
138 4
138 7
138 64
138 89
138 264
139 0
139 16
139 84
139 166
139 440
140 0
140 35
140 64
140 150
140 156
140 170
141 89
141 239
141 356
142 32
143 65
143 434
144 8
144 25
144 41
144 97
144 136
144 146
144 170
144 230
144 256
144 268
145 72
145 264
145 353
145 381
146 0
146 24
146 354
146 363
146 395
147 82
147 200
147 288
147 428
148 0
148 15
148 33
148 256
148 269
148 321
148 337
148 457
149 451
150 321
151 79
151 99
151 105
151 128
151 485
152 32
152 145
152 355
153 2
153 15
153 51
153 157
154 0
154 84
154 162
154 351
154 397
156 83
158 257
159 112
160 8
160 76
160 113
160 139
160 276
160 350
160 396
160 402
160 437
160 496
161 19
161 184
161 304
161 451
161 472
161 474
162 18
162 130
162 260
162 296
163 10
163 64
163 84
163 161
163 241
163 288
163 320
164 16
164 75
164 211
164 418
165 3
165 10
165 16
165 125
166 307
166 457
167 49
167 81
167 296
167 318
167 372
168 34
168 449
169 56
169 144
169 258
169 260
170 6
170 144
170 200
171 36
171 102
171 112
171 137
171 144
172 320
173 413
174 4
174 67
174 240
175 128
176 56
176 193
176 208
176 388
176 487
176 497
177 73
177 240
178 12
178 38
178 131
178 260
179 312
180 8
180 105
180 337
181 64
181 93
182 150
184 7
184 8
184 12
184 112
184 125
184 193
184 276
184 480
184 481
185 134
185 298
186 1
186 36
186 266
186 375
187 305
188 184
188 303
188 323
189 292
190 32
190 73
190 128
191 354
192 1
192 2
192 59
192 70
192 83
192 257
192 265
192 290
192 411
192 416
192 423
193 0
193 13
193 55
193 161
193 195
193 278
194 117
194 148
194 264
194 416
194 420
195 46
195 163
195 266
195 440
196 32
196 104
196 174
196 177
196 332
196 468
197 4
197 37
197 258
198 32
198 88
198 269
198 403
198 416
200 64
200 166
200 278
200 320
201 24
201 67
201 128
201 148
201 256
201 272
201 291
201 301
202 70
204 0
204 55
204 100
204 288
206 8
206 32
206 308
207 171
208 10
208 25
209 1
209 58
209 71
209 97
209 145
210 3
210 242
210 259
210 284
210 290
211 8
211 75
212 257
212 276
213 4
213 65
213 80
214 64
216 214
216 278
216 282
217 263
218 384
219 8
219 16
220 356
221 16
221 130
222 1
222 132
222 304
223 48
224 0
224 15
224 16
224 32
224 62
224 130
224 131
224 150
224 208
224 406
225 133
225 337
226 13
226 44
226 148
226 160
226 388
227 277
227 312
227 384
228 300
228 312
229 16
229 164
229 336
229 337
230 12
231 136
231 176
231 256
231 268
231 309
231 400
232 5
232 44
232 82
232 98
232 130
232 256
232 402
232 430
233 30
233 81
233 276
234 61
234 70
235 2
236 66
236 291
237 435
238 52
238 372
239 440
240 42
241 0
241 99
241 256
242 8
243 185
244 96
244 503
245 6
245 203
246 20
246 400
247 198
248 2
248 326
249 10
249 192
249 260
252 131
253 321
254 114
254 292
254 400
254 480
255 244
255 257
255 274
256 5
256 128
256 129
256 130
256 217
256 262
256 332
256 369
257 16
257 53
257 80
257 324
257 336
258 35
258 66
258 121
258 129
258 136
258 148
258 309
259 0
259 3
259 13
259 87
259 326
259 344
259 370
259 419
260 0
260 1
260 16
260 29
260 201
260 245
260 275
260 339
261 56
261 306
261 355
262 34
262 100
262 168
262 209
263 4
263 17
263 61
263 128
263 165
263 211
264 4
264 8
264 10
264 32
264 34
264 163
264 196
264 294
264 320
264 328
265 32
265 73
265 128
265 332
265 385
266 9
266 11
266 16
266 120
266 128
266 197
266 320
266 419
267 2
267 136
268 8
268 51
268 64
268 140
268 147
268 233
268 263
269 16
269 32
269 40
269 54
269 209
269 274
270 80
271 352
272 30
272 40
272 69
272 92
272 95
272 104
272 169
272 384
272 408
272 442
272 470
273 34
273 146
273 148
273 241
273 330
274 3
274 14
274 75
274 127
274 161
274 169
274 176
274 320
274 432
275 2
275 256
275 324
275 433
276 0
276 2
276 44
276 96
276 129
276 130
276 324
276 339
277 10
277 149
278 17
278 82
278 121
278 136
279 0
279 4
279 40
280 0
280 129
280 181
280 256
280 272
281 16
281 24
281 342
281 416
281 452
281 466
282 5
282 129
282 184
282 196
282 217
282 398
283 58
283 73
283 170
284 82
284 260
284 277
284 292
285 48
285 196
287 291
288 27
288 61
288 94
288 100
288 186
288 305
288 452
289 12
289 229
289 276
290 38
290 81
290 82
290 134
290 204
290 282
290 467
291 257
291 274
291 385
292 9
292 13
292 35
292 292
292 344
293 8
293 20
293 33
293 136
294 0
294 148
294 174
294 289
294 430
294 482
295 69
295 395
296 3
296 18
296 20
296 32
296 33
296 34
296 38
296 112
296 217
296 259
296 260
296 312
297 21
297 46
297 164
298 0
298 170
298 177
298 217
298 224
299 26
299 390
300 85
300 195
300 210
300 352
301 94
301 368
301 485
302 274
303 69
303 200
304 149
304 373
305 80
305 109
305 128
305 292
305 432
306 269
306 493
308 25
308 228
309 6
309 141
309 164
309 170
309 288
309 390
310 269
312 80
312 238
313 114
313 324
314 2
314 33
314 65
315 11
315 16
317 32
317 64
317 133
317 176
317 330
319 416
320 8
320 83
320 148
320 192
320 273
320 276
320 325
320 336
321 0
321 75
321 104
321 110
321 262
321 384
321 412
321 425
322 64
322 70
322 77
322 130
322 192
322 211
322 441
323 16
323 48
324 47
324 123
325 10
325 24
325 98
325 163
326 156
327 0
328 6
328 10
328 40
328 65
328 68
328 164
328 320
328 341
328 449
329 38
329 43
329 292
330 110
330 154
331 132
332 33
332 153
332 186
332 204
333 65
333 146
336 143
336 157
336 265
336 462
337 7
337 129
338 98
338 216
338 304
339 131
340 48
340 176
341 79
341 144
341 192
342 386
342 432
343 8
344 5
344 20
344 21
344 136
344 160
344 185
345 392
346 19
346 144
346 160
347 22
347 24
347 256
348 19
348 129
349 40
349 66
349 270
350 68
350 73
350 437
351 33
351 36
351 106
352 68
352 108
352 136
352 257
352 258
352 320
353 59
353 132
353 162
353 276
354 13
354 26
356 4
356 96
357 40
358 66
358 112
359 454
360 40
360 288
361 464
362 265
362 289
362 316
362 352
364 98
365 240
365 276
368 6
368 210
369 30
369 224
369 233
369 276
370 32
370 52
370 149
371 228
372 128
372 131
372 136
372 246
374 256
375 67
375 322
376 13
376 147
376 168
376 258
376 267
376 304
379 132
380 72
382 14
382 176
384 2
384 4
384 73
384 129
384 136
384 226
384 228
384 281
385 84
385 95
385 100
385 153
385 336
385 386
385 404
386 17
386 80
386 194
386 316
386 321
386 323
386 416
387 92
387 98
387 113
387 158
387 277
388 0
388 1
388 99
388 286
388 384
389 257
390 20
390 96
390 437
391 80
391 144
391 213
391 257
391 261
392 8
392 20
392 25
392 154
393 405
393 480
394 4
394 12
394 32
394 65
394 265
395 0
395 284
395 495
396 1
396 8
396 22
396 196
396 452
397 411
398 272
398 322
398 497
400 36
400 144
400 297
400 298
401 25
402 207
404 128
404 130
404 208
404 210
404 450
405 3
405 34
407 258
407 460
408 6
408 132
408 164
408 368
409 193
409 409
410 0
411 6
411 146
411 391
412 9
412 66
412 158
412 273
413 29
413 66
414 130
415 3
415 14
416 306
416 323
416 390
417 45
417 70
417 98
418 9
418 48
418 64
418 264
418 304
419 56
419 192
420 128
420 297
420 390
421 256
421 340
421 405
422 48
423 488
424 35
424 81
425 408
426 264
427 64
428 70
428 160
428 262
429 192
429 304
430 192
432 107
433 166
433 346
434 4
434 8
434 201
435 148
436 36
436 388
437 276
437 312
438 33
438 322
440 82
440 112
440 184
440 213
441 80
441 169
441 226
442 4
442 43
444 337
446 306
448 36
448 67
448 122
448 152
448 224
448 257
448 278
449 3
449 10
449 124
449 145
449 298
450 64
451 165
451 224
452 10
452 23
454 76
454 296
456 272
457 0
457 8
457 65
458 2
458 5
458 76
458 344
458 392
459 160
460 51
460 101
460 135
461 56
461 368
463 290
464 35
464 46
464 258
464 426
465 8
466 132
468 51
468 97
468 257
469 143
469 235
469 355
472 8
472 304
472 421
472 481
475 288
475 290
476 142
477 2
479 44
480 19
480 48
480 76
480 196
480 286
481 1
481 52
482 20
482 163
482 198
482 455
483 241
484 62
484 121
484 257
485 273
486 104
486 211
488 25
488 226
488 264
488 416
488 422
490 128
491 16
491 98
491 395
491 424
492 1
492 34
492 496
494 96
495 122
496 74
497 4
499 64
499 72
500 33
504 36
504 302
504 392
505 236
506 384
506 496
508 289
509 41
509 80
510 64
