# Synthetic Kronecker Graph 
# Edges are directed 
0 0
0 15
0 24
0 66
0 72
0 75
0 80
0 92
1 0
1 8
1 36
1 40
1 98
1 108
2 5
2 16
2 30
2 44
2 49
2 64
2 80
2 98
2 112
3 2
3 5
3 28
3 29
3 45
4 17
4 18
4 36
4 37
4 39
4 56
4 74
5 1
5 5
5 8
5 16
5 52
5 61
5 64
5 73
6 24
6 32
6 56
7 15
7 94
7 104
7 105
8 0
8 12
8 39
8 41
8 64
8 124
9 0
9 2
9 22
9 36
9 40
9 74
9 101
10 10
10 16
10 37
10 79
10 89
11 48
11 115
12 33
12 72
13 10
13 34
14 100
15 0
15 90
16 1
16 8
16 10
16 12
16 16
16 21
16 24
16 31
16 33
16 65
17 8
17 32
17 40
17 49
17 58
17 80
17 88
18 8
18 19
18 22
18 38
18 80
19 9
19 16
20 8
20 9
20 105
21 0
21 4
21 8
21 12
22 4
22 5
22 38
22 42
24 6
24 48
24 54
24 65
24 81
24 97
24 108
25 3
25 15
26 27
26 32
26 36
27 68
28 0
30 21
30 72
30 76
31 7
31 88
32 6
32 12
32 16
32 24
32 65
32 102
32 126
33 2
33 5
33 25
33 30
33 99
34 30
34 43
34 65
34 66
34 82
34 123
35 2
36 0
36 21
36 32
36 34
36 48
36 60
36 84
36 121
37 8
37 64
38 25
38 41
38 57
39 26
40 22
40 24
40 40
40 43
40 84
40 117
42 12
44 0
44 16
44 18
44 40
44 72
45 111
46 1
46 17
47 45
48 26
48 69
49 0
49 2
49 21
49 22
50 0
50 50
50 100
51 22
51 53
52 4
52 95
54 8
54 35
54 67
55 45
56 22
56 37
56 58
57 80
58 1
58 72
58 96
59 14
59 64
60 17
64 8
64 9
64 25
64 42
64 74
65 30
65 43
66 0
66 1
66 50
66 58
66 64
66 120
67 0
67 6
67 24
67 66
67 72
67 80
68 19
68 80
68 113
69 4
69 39
71 4
71 32
71 66
72 1
72 2
72 26
72 36
72 74
72 75
73 10
73 23
74 85
74 92
74 126
75 4
75 25
75 108
76 0
76 16
76 20
76 22
76 32
76 80
76 116
79 32
80 13
80 26
80 42
80 61
81 0
81 1
81 112
82 87
82 101
82 106
83 29
84 8
85 54
86 25
86 78
88 1
88 18
90 33
90 68
93 16
95 53
96 14
96 16
96 76
96 83
96 104
96 115
97 4
97 28
97 51
98 6
98 81
99 0
100 20
100 64
100 80
101 70
102 38
102 77
104 3
105 1
105 54
105 98
106 4
106 33
106 74
106 80
107 1
108 2
108 69
108 76
108 106
111 101
112 5
112 6
112 35
112 38
112 86
113 0
114 5
114 65
116 1
116 29
116 48
117 7
117 124
118 21
118 33
121 0
121 6
123 24
123 65
124 32
124 48
125 1
125 18
127 32
