# Synthetic Kronecker Graph 
# Edges are directed 
0 8
0 16
0 32
0 35
0 36
0 49
0 62
0 69
0 135
0 137
0 160
0 175
0 177
0 180
0 204
0 228
0 234
1 17
1 46
1 56
1 149
2 10
2 36
2 38
2 154
2 166
2 192
2 224
2 227
2 230
4 3
4 50
4 105
4 241
5 13
5 18
5 32
5 35
5 76
5 131
5 174
6 8
6 9
6 40
6 56
6 58
6 66
6 178
6 187
7 128
7 229
8 1
8 48
8 128
8 144
8 167
8 199
9 4
9 32
9 34
9 41
9 50
9 81
9 85
9 107
9 114
10 0
10 33
10 40
10 48
10 66
10 96
10 113
10 174
10 194
11 79
12 3
12 58
12 134
13 50
13 145
14 4
14 72
15 10
15 168
16 1
16 13
16 66
16 76
16 97
16 108
16 128
17 7
17 24
17 33
17 57
17 114
17 142
17 210
18 17
18 129
19 2
19 47
19 84
20 8
20 22
20 72
20 82
20 136
20 148
20 156
20 160
20 178
20 192
20 203
21 2
22 2
22 12
22 18
22 149
24 3
24 5
24 6
24 8
24 9
24 31
24 67
24 71
24 146
24 149
24 192
25 2
25 33
25 44
25 79
25 128
25 129
26 1
26 2
26 8
26 9
26 40
26 65
26 66
26 158
26 162
26 200
26 222
27 8
27 24
27 144
27 199
28 3
28 8
28 33
28 161
28 192
29 1
29 133
29 134
30 65
30 129
30 145
30 146
31 18
31 236
32 0
32 2
32 12
32 30
32 42
32 45
32 60
32 67
32 72
32 131
32 132
32 135
32 136
32 170
32 196
32 197
32 210
32 251
33 33
33 36
33 72
33 84
34 4
34 19
34 31
34 58
34 102
34 136
34 139
35 1
35 61
35 89
35 96
35 192
35 199
36 4
36 6
36 8
36 18
36 21
36 96
36 108
36 172
37 131
37 194
38 0
38 7
38 64
38 129
39 0
39 25
39 131
39 180
40 0
40 162
40 168
40 200
40 236
41 61
41 62
41 89
41 180
41 244
42 0
42 15
42 80
42 152
43 21
43 128
44 35
44 36
45 4
45 19
45 20
46 1
46 21
46 40
46 148
46 193
47 40
47 58
48 0
48 15
48 32
48 134
49 13
49 39
49 50
49 73
50 0
50 2
50 49
50 65
50 73
50 146
51 0
51 3
51 42
51 160
52 14
52 16
52 44
52 65
52 138
52 192
52 250
53 69
54 112
54 128
54 224
55 51
56 18
56 147
57 43
57 97
57 142
58 156
60 80
60 148
60 161
60 174
61 52
62 4
62 40
63 144
63 166
64 2
64 79
64 86
64 89
64 128
64 130
64 139
64 168
64 175
65 1
65 24
65 35
65 36
65 64
66 20
66 22
66 49
66 96
66 118
66 140
66 152
66 190
66 192
66 196
66 232
66 249
67 1
67 4
67 14
67 19
67 89
67 194
67 217
68 0
68 4
68 16
68 75
68 108
68 237
69 0
69 34
69 49
69 170
69 192
70 0
70 2
70 4
70 33
71 20
71 51
71 204
71 233
72 4
72 16
72 80
72 148
72 165
72 169
72 189
73 10
73 34
73 164
74 138
75 0
75 105
75 225
76 50
76 146
76 228
77 2
77 74
78 54
78 148
79 24
79 134
79 172
80 21
80 108
80 131
80 133
80 141
80 168
80 185
81 72
81 106
82 0
82 2
82 88
82 165
83 172
84 27
84 82
84 141
86 28
86 33
86 113
86 244
88 106
88 172
89 0
89 2
89 41
89 134
90 62
92 57
92 156
93 36
93 42
94 133
94 178
95 0
95 114
95 221
96 160
96 204
96 240
97 2
97 3
97 6
97 208
98 9
98 16
98 53
98 57
98 83
98 128
98 161
98 192
99 64
100 102
100 107
100 209
100 210
101 138
101 154
101 158
102 1
102 8
102 37
103 16
103 129
103 143
104 32
104 106
104 139
104 166
104 186
105 0
105 10
105 12
105 14
105 64
105 156
105 208
105 237
106 20
106 41
106 128
107 20
107 133
107 215
108 5
108 15
108 164
109 34
109 44
109 153
110 80
110 96
110 196
110 240
112 48
112 53
112 60
112 118
113 8
113 27
113 41
113 130
113 211
114 4
114 157
114 211
115 0
115 8
115 107
116 145
116 161
117 1
117 36
117 49
118 5
118 43
118 58
118 81
118 94
119 37
119 44
119 87
119 177
121 136
122 7
124 17
124 24
124 136
127 101
128 13
128 42
128 51
128 54
128 100
128 128
128 130
128 138
128 212
129 60
129 104
129 132
129 138
130 20
130 32
130 92
130 121
130 209
130 225
131 4
131 24
131 40
131 208
132 42
132 132
132 156
133 5
133 34
133 65
133 76
133 232
134 55
134 67
134 88
134 120
134 130
134 162
135 1
135 33
135 48
135 148
136 12
136 16
136 90
136 128
136 184
137 97
137 166
137 208
138 64
138 124
138 149
138 192
139 65
139 88
140 0
140 98
140 116
141 0
141 18
142 57
142 76
142 174
143 62
143 65
143 113
143 232
144 0
144 77
144 151
144 188
144 208
145 2
145 13
145 18
145 128
145 169
146 17
146 20
147 58
147 66
147 109
148 2
148 36
148 97
148 176
149 86
150 1
151 45
152 2
152 76
152 236
153 201
154 100
156 1
156 20
158 107
159 72
160 16
160 34
160 64
160 104
160 120
160 132
160 253
161 4
161 5
161 12
161 164
161 200
162 8
162 9
162 13
162 38
162 64
162 89
162 105
163 34
163 53
165 0
165 84
166 65
166 66
166 97
166 112
166 163
166 218
168 83
168 89
168 128
168 156
169 0
169 50
169 133
169 140
169 207
170 0
170 139
172 0
172 98
172 152
172 192
173 4
173 16
173 65
173 200
174 96
175 146
176 75
176 166
176 242
177 4
177 6
177 33
177 96
177 144
179 16
180 25
180 35
180 122
180 208
181 16
181 52
181 66
181 72
182 7
182 52
183 72
184 0
184 1
184 2
184 98
185 133
185 140
186 98
186 148
186 224
187 65
188 7
188 202
189 181
190 41
191 195
191 225
192 5
192 9
192 31
192 56
192 98
192 131
192 149
193 0
193 8
193 21
193 24
193 33
193 53
193 107
193 149
193 164
194 25
194 41
194 90
194 132
194 203
196 16
196 56
196 115
196 128
196 130
196 145
197 4
197 99
198 64
198 108
199 221
200 50
200 135
200 154
201 4
201 80
202 18
202 64
202 195
204 1
204 20
204 27
204 62
204 81
204 166
205 5
205 212
206 21
206 46
207 12
207 107
208 2
208 5
208 16
208 32
208 70
208 88
208 90
208 105
210 146
211 0
212 2
212 129
213 36
213 193
213 225
214 12
214 65
215 146
215 213
216 1
216 199
217 10
217 49
217 169
218 107
219 166
220 200
221 133
221 149
221 196
223 15
224 3
224 12
224 16
224 80
224 86
224 165
225 162
226 69
226 162
227 200
228 130
228 198
229 92
230 72
231 86
232 14
232 18
233 22
233 143
236 181
237 179
238 32
240 67
240 74
240 144
241 48
241 134
241 157
243 128
245 66
247 61
249 65
252 2
252 11
252 78
