# Synthetic Kronecker Graph 
# Edges are directed 
0 0
0 2
0 7
0 36
0 39
0 40
0 69
0 91
0 129
0 145
0 261
0 262
0 263
0 289
0 321
0 416
0 465
0 522
0 560
0 563
0 585
0 596
0 612
0 876
0 898
1 10
1 14
1 27
1 35
1 56
1 134
1 150
1 160
1 178
1 206
1 218
1 436
1 512
1 516
1 517
1 528
1 674
1 680
1 724
1 798
1 921
1 936
2 70
2 125
2 262
2 271
2 290
2 521
2 546
2 582
2 720
2 772
3 0
3 16
3 18
3 66
3 76
3 123
3 132
3 184
3 192
3 276
3 296
3 400
3 420
3 744
3 809
4 8
4 29
4 124
4 133
4 151
4 176
4 182
4 218
4 222
4 256
4 289
4 384
4 452
4 512
4 514
4 520
4 642
4 709
4 803
5 41
5 60
5 272
5 314
5 332
5 336
5 448
5 514
5 714
6 3
6 32
6 36
6 152
6 384
6 522
6 525
6 648
6 649
6 705
6 832
7 0
7 5
7 50
7 64
7 165
7 280
7 342
7 456
7 517
7 547
7 592
8 0
8 2
8 3
8 32
8 65
8 69
8 84
8 297
8 468
8 554
8 656
8 769
8 793
9 57
9 298
9 357
9 362
9 401
9 560
9 726
9 853
10 5
10 16
10 21
10 47
10 91
10 129
10 153
10 339
10 356
10 512
10 704
10 732
10 768
11 11
11 64
11 327
11 385
11 576
11 693
11 774
11 791
11 848
11 853
12 0
12 2
12 32
12 54
12 64
12 211
12 256
12 273
12 450
12 768
13 9
13 52
13 78
13 93
13 130
13 142
13 268
13 354
13 659
13 672
13 774
13 812
13 817
14 64
14 176
14 178
14 216
15 16
15 96
15 197
15 326
15 645
16 5
16 6
16 24
16 62
16 128
16 180
16 256
16 260
16 281
16 400
16 443
16 521
16 533
16 544
16 558
16 564
16 614
16 643
16 768
17 323
17 384
17 516
17 517
17 528
17 769
17 867
18 85
18 108
18 169
18 216
18 224
18 473
18 584
18 720
18 764
18 846
18 933
19 56
19 352
19 398
19 721
20 21
20 58
20 66
20 77
20 88
20 228
20 230
20 570
20 611
20 792
20 866
21 84
21 97
21 324
21 326
21 423
21 448
21 457
21 599
21 700
21 897
22 1
22 512
22 578
22 641
22 869
23 8
23 200
23 593
23 712
23 713
24 3
24 21
24 56
24 192
24 198
24 441
24 525
24 528
24 553
24 581
24 607
24 649
24 771
24 802
24 806
24 904
24 942
24 1004
25 16
25 26
25 57
25 193
25 208
25 571
25 588
25 768
25 873
25 992
26 71
26 96
26 130
26 148
26 385
26 537
26 538
26 692
26 768
26 832
27 42
27 64
27 210
27 529
27 770
28 32
28 83
28 96
28 386
29 6
29 8
29 144
29 362
30 132
30 160
30 192
30 256
30 386
30 418
30 513
30 790
30 896
31 202
31 512
31 912
32 28
32 196
32 256
32 261
32 296
32 314
32 322
32 448
32 514
32 522
32 553
32 557
32 594
32 659
32 697
32 846
33 48
33 80
33 81
33 339
33 547
33 552
33 657
33 955
33 963
34 33
34 132
34 168
34 544
34 688
34 801
34 869
34 1022
35 11
35 32
35 59
35 261
35 395
35 664
35 784
36 1
36 12
36 31
36 131
36 132
36 266
36 332
36 449
36 521
36 644
36 851
37 6
37 18
37 69
37 144
37 146
37 158
37 258
37 273
37 322
37 409
37 739
38 20
38 33
38 250
38 297
38 390
38 514
38 594
38 648
38 662
38 853
39 24
39 85
39 324
39 898
40 1
40 22
40 295
40 296
40 340
40 562
40 896
41 0
41 103
41 232
41 283
41 680
41 722
42 0
42 137
42 152
42 153
42 277
42 325
42 516
42 710
42 771
42 773
43 64
43 93
43 256
43 704
43 745
44 16
44 52
44 137
44 202
44 227
44 260
44 321
44 344
44 536
44 799
44 896
45 12
45 143
45 164
45 592
45 772
45 970
46 147
46 516
46 644
46 898
47 24
47 261
47 325
47 330
47 704
47 891
48 128
48 261
48 672
48 800
48 802
48 900
49 80
49 201
49 257
49 832
49 917
50 1
50 13
50 129
50 212
50 384
50 391
50 633
50 714
50 857
50 946
51 164
51 816
52 4
52 8
52 32
52 260
52 299
52 336
52 513
52 578
52 673
53 18
53 389
53 404
53 691
53 813
53 814
54 10
54 36
54 416
55 8
55 56
55 656
56 134
56 262
56 308
56 647
56 805
56 846
57 8
57 178
57 584
58 96
58 102
58 196
58 390
58 573
58 580
59 50
59 120
59 332
59 865
60 74
60 147
60 598
61 32
61 408
61 643
61 784
62 4
62 858
63 384
63 845
64 64
64 65
64 102
64 258
64 277
64 344
64 417
64 534
64 544
64 641
64 676
64 712
64 787
64 801
64 805
64 960
65 37
65 49
65 81
65 113
65 229
65 256
65 452
65 720
65 992
66 34
66 72
66 84
66 90
66 130
66 228
66 258
66 260
66 312
66 331
66 412
66 646
66 747
67 193
67 649
67 691
67 778
68 8
68 13
68 171
68 222
68 296
68 792
68 929
69 35
69 123
69 134
69 288
69 386
69 432
69 518
69 538
69 640
69 677
69 864
70 0
70 8
70 32
70 145
70 310
70 330
70 672
70 707
70 832
70 900
71 144
71 182
71 587
71 704
71 772
71 865
72 0
72 35
72 95
72 124
72 226
72 246
72 280
72 344
72 346
72 381
72 390
72 540
72 612
72 646
72 768
72 933
73 76
73 97
73 129
73 346
73 401
73 480
73 519
73 768
74 42
74 83
74 129
74 168
74 388
74 934
75 58
75 535
75 934
75 996
76 112
76 454
76 526
76 576
76 822
77 10
77 68
77 103
77 115
77 135
77 669
77 865
78 28
78 114
78 146
78 385
78 548
78 552
80 128
80 258
80 288
80 290
80 705
80 784
81 193
81 336
81 362
82 21
82 50
82 306
82 538
82 555
82 790
82 899
83 1
83 40
83 428
83 805
84 0
84 2
84 64
84 93
84 138
84 212
84 268
84 346
84 389
84 680
84 797
85 82
85 140
85 424
85 514
85 534
85 769
85 809
85 916
86 277
86 280
86 400
86 512
86 533
86 579
87 260
87 305
87 516
88 8
88 10
88 27
88 38
88 40
88 219
88 225
88 256
88 257
88 264
88 286
88 390
88 513
88 583
88 689
88 844
88 876
89 66
89 279
89 354
89 389
89 538
90 64
90 67
90 265
90 284
90 539
90 545
91 256
91 905
92 33
92 128
92 165
92 169
92 193
92 256
92 442
92 468
93 306
93 776
93 852
94 48
94 96
94 257
94 355
94 385
94 529
94 689
95 129
95 640
96 86
96 252
96 256
96 324
96 352
96 412
96 486
96 513
96 640
96 654
96 688
96 981
96 983
96 988
97 4
97 17
97 82
97 154
97 256
97 344
97 392
97 786
98 10
98 40
98 504
98 513
98 617
98 622
98 640
99 20
99 68
99 134
99 293
99 388
99 642
99 705
99 730
100 136
100 146
100 156
100 257
100 292
100 386
100 418
100 436
100 485
100 581
100 671
100 775
100 809
101 5
101 40
101 352
101 513
101 532
101 736
102 64
102 354
102 561
102 861
102 962
103 160
103 208
103 292
103 548
104 2
104 20
104 268
104 328
104 468
104 537
104 553
104 786
105 2
105 34
105 48
105 64
105 96
105 104
105 288
105 515
105 593
105 852
105 984
106 453
106 786
106 859
107 83
107 151
107 533
107 642
108 110
108 394
108 640
109 564
109 578
110 70
110 73
110 129
110 134
110 322
110 404
110 512
110 645
110 794
111 328
111 402
112 130
112 135
112 158
112 626
113 34
114 2
114 9
114 106
114 135
114 199
114 323
114 390
114 472
114 587
115 5
115 97
115 115
115 282
115 300
115 452
115 713
115 738
116 321
116 449
116 706
117 582
119 100
119 170
120 27
120 71
120 130
120 192
120 276
121 9
121 201
121 258
121 716
121 734
121 801
122 132
122 666
123 210
123 468
123 640
124 11
124 68
124 331
124 584
125 72
125 406
126 344
127 528
128 3
128 12
128 55
128 67
128 76
128 89
128 205
128 273
128 304
128 480
128 481
128 596
128 736
128 785
128 788
128 825
128 869
129 45
129 52
129 89
129 96
129 145
129 151
129 256
129 312
129 336
129 593
129 645
129 920
129 932
130 0
130 40
130 134
130 220
130 232
130 287
130 324
130 392
130 560
130 610
130 612
130 713
130 1008
131 540
131 592
132 0
132 4
132 43
132 144
132 238
132 358
132 386
132 513
132 710
132 726
133 12
133 35
133 56
133 64
133 350
133 516
133 582
134 257
134 499
134 577
134 731
134 913
134 924
134 930
135 0
135 2
135 324
135 374
135 893
136 0
136 104
136 192
136 203
136 209
136 228
136 270
136 283
136 331
136 428
136 486
136 852
137 25
137 96
137 112
137 288
137 293
137 640
137 645
137 648
138 0
138 4
138 422
138 698
138 706
139 1
139 8
139 164
139 259
139 322
139 388
139 772
140 16
140 17
140 36
140 49
140 264
140 472
140 745
140 962
141 2
141 42
141 77
141 108
141 143
141 270
141 512
141 560
141 877
142 0
142 816
143 0
143 6
143 85
143 536
143 632
143 642
143 730
144 41
144 54
144 55
144 64
144 65
144 90
144 256
144 265
144 338
144 349
144 561
144 675
144 722
144 821
145 8
145 128
145 165
146 0
146 1
146 18
146 57
146 258
146 513
146 514
146 528
146 730
146 946
147 34
147 577
147 800
148 32
148 100
148 104
148 154
148 274
148 428
148 450
148 657
148 673
148 788
149 40
149 48
149 139
149 147
149 514
150 11
150 18
150 135
150 549
150 556
150 978
151 56
151 68
151 537
151 836
152 40
152 128
152 292
152 995
153 0
153 14
153 145
153 256
153 645
154 69
154 711
155 3
155 12
155 652
156 48
156 570
157 2
157 32
157 33
157 48
157 82
157 328
157 522
157 581
158 20
159 192
159 251
159 583
159 748
159 906
160 21
160 24
160 84
160 112
160 217
160 260
160 267
160 333
160 342
160 404
160 566
160 653
160 817
160 820
161 8
161 68
161 145
161 368
161 513
161 520
161 586
161 595
161 652
162 0
162 169
162 718
162 944
163 144
163 258
163 676
163 795
163 897
164 34
164 154
164 188
164 258
164 513
164 519
164 597
164 677
164 833
165 0
165 34
165 58
165 528
165 584
165 641
166 114
166 162
166 521
166 864
167 128
167 134
167 790
168 8
168 513
168 601
169 50
169 140
169 226
169 260
169 355
169 649
170 7
170 19
170 90
170 296
170 420
170 528
171 24
171 273
172 8
172 64
172 203
172 320
172 520
172 672
172 697
172 764
173 147
173 288
173 384
173 514
174 0
174 132
174 337
174 365
175 538
176 0
176 32
176 48
176 197
176 199
176 515
176 640
176 716
177 2
177 13
177 16
177 193
177 202
177 340
177 864
177 949
178 279
178 320
178 357
178 528
178 897
179 166
179 264
179 352
179 401
179 694
179 713
179 715
180 267
180 386
180 421
181 50
181 246
181 520
181 608
181 716
181 996
182 488
183 169
184 9
184 56
184 271
184 353
184 374
184 536
184 704
184 870
185 68
185 550
186 128
186 330
186 512
186 829
187 128
187 601
188 20
188 964
189 4
190 385
190 640
191 699
192 9
192 24
192 70
192 96
192 101
192 139
192 168
192 265
192 268
192 521
193 2
193 6
193 96
193 175
193 256
193 522
193 585
193 850
194 16
194 48
194 465
194 529
194 586
194 640
194 645
194 975
195 79
195 133
195 260
195 281
195 540
195 560
195 654
195 993
196 46
196 274
196 888
196 913
197 64
197 66
197 72
197 99
198 9
198 224
198 264
198 536
198 584
198 824
199 148
199 235
199 817
199 997
200 7
200 18
200 138
200 258
200 458
200 512
200 534
200 624
200 884
200 1002
201 67
201 649
202 66
202 83
202 412
202 768
203 549
203 707
203 784
204 321
204 484
204 932
204 950
205 21
205 89
205 259
206 2
206 136
207 69
208 35
208 161
208 195
208 274
208 284
208 532
208 769
209 50
209 83
209 160
209 240
210 35
210 38
210 336
210 644
211 160
211 205
212 0
212 159
212 262
212 541
212 552
215 304
215 446
215 527
216 4
216 12
216 160
216 353
216 528
216 579
217 12
217 326
217 840
218 280
218 339
218 544
218 564
219 4
219 32
219 266
220 97
220 100
220 193
220 520
221 71
221 480
221 644
222 19
222 72
222 78
222 674
222 964
223 321
224 12
224 24
224 29
224 36
224 68
224 82
224 112
224 144
224 389
224 561
224 785
225 18
225 176
225 256
225 280
225 598
226 128
226 344
226 368
226 534
226 832
226 897
227 33
227 71
227 325
228 152
228 256
228 264
228 385
228 530
228 627
228 793
229 321
229 721
229 842
230 39
230 512
230 537
231 56
231 64
231 386
231 416
232 32
232 560
232 700
233 128
233 129
233 224
233 290
233 532
233 801
234 400
234 545
234 769
234 805
234 853
235 1
235 77
235 200
235 450
236 0
236 160
236 785
237 384
237 545
238 50
239 512
239 997
240 23
240 30
240 144
240 257
240 573
241 4
241 273
241 530
241 532
242 733
243 56
243 835
244 123
244 130
244 256
244 306
244 354
244 544
244 770
244 834
244 903
245 97
245 514
245 721
246 257
246 288
246 289
247 548
247 688
248 35
248 43
248 416
248 422
248 768
248 978
249 373
249 770
250 11
250 529
251 563
252 841
253 549
254 200
256 9
256 34
256 51
256 102
256 107
256 140
256 172
256 193
256 280
256 326
256 336
256 432
256 474
256 579
256 581
256 660
256 688
256 717
256 789
256 800
256 851
256 905
256 912
256 921
257 168
257 259
257 270
257 340
257 514
257 548
257 564
257 614
257 664
257 671
257 754
257 768
257 865
257 866
257 920
258 0
258 3
258 16
258 21
258 164
258 224
258 241
258 257
258 269
258 308
258 340
258 603
258 937
259 32
259 46
259 128
259 310
259 345
259 584
260 4
260 45
260 114
260 145
260 332
260 352
260 547
260 553
260 628
260 640
260 672
260 673
260 724
260 740
260 781
261 12
261 39
261 80
261 192
261 200
261 393
261 516
261 520
261 592
261 640
261 658
262 18
262 87
262 170
262 262
262 265
262 273
262 306
262 544
262 546
262 794
263 136
263 490
263 564
264 24
264 34
264 42
264 96
264 164
264 484
264 520
265 7
265 8
265 20
265 33
265 35
265 39
265 48
265 148
265 277
265 410
265 582
265 993
266 83
266 144
266 201
266 274
266 569
266 580
266 620
266 640
266 680
267 22
267 98
267 161
267 656
268 18
268 62
268 323
268 424
268 736
269 0
269 40
269 53
269 129
269 272
269 302
269 378
269 640
270 0
270 64
270 82
270 173
270 506
270 512
270 852
270 880
271 20
271 198
271 801
272 5
272 8
272 9
272 81
272 131
272 177
272 234
272 328
272 339
272 354
272 515
272 608
272 657
272 857
273 4
273 26
273 43
273 149
273 364
273 682
273 804
274 25
274 36
274 320
274 563
274 658
274 749
275 4
275 15
275 139
275 154
275 289
275 344
275 611
275 778
275 827
275 905
276 2
276 32
276 113
276 176
276 196
276 312
276 356
276 471
276 546
276 556
276 656
276 833
277 98
277 176
277 388
277 583
278 34
278 85
278 129
278 141
278 264
279 98
279 160
279 408
280 197
280 265
280 404
281 641
281 781
282 52
282 768
283 296
283 345
283 628
284 64
284 144
284 274
284 530
284 549
285 18
285 21
285 609
285 712
285 786
286 540
287 15
287 547
288 11
288 16
288 64
288 138
288 262
288 385
288 387
288 408
288 512
288 518
288 564
288 592
288 657
288 789
288 800
288 912
288 968
289 0
289 275
289 516
289 522
289 576
289 770
289 970
290 1
290 10
290 16
290 100
290 128
290 131
290 151
290 167
290 352
290 384
290 515
290 526
290 536
290 572
290 577
290 730
290 836
291 4
291 77
291 132
291 239
291 582
292 118
292 152
292 164
292 176
292 329
292 448
292 521
292 981
292 992
293 72
293 99
293 332
293 421
294 137
294 195
294 290
294 313
294 328
295 33
295 452
295 471
295 511
295 512
295 708
295 729
296 42
296 61
296 164
296 548
296 581
296 666
296 854
297 144
298 2
298 99
298 193
298 276
298 791
298 966
298 975
299 92
299 98
299 585
300 114
300 280
300 432
300 460
300 528
300 576
301 57
301 70
301 130
301 261
301 320
301 386
301 450
301 529
302 137
302 206
302 276
302 279
302 590
302 787
303 70
303 144
303 700
304 0
304 5
304 26
304 27
304 32
304 36
304 320
304 852
305 20
305 24
305 65
305 205
305 292
305 512
305 556
305 806
305 920
306 35
306 736
308 17
308 89
308 136
308 305
308 356
308 576
309 176
309 300
310 835
311 304
311 640
311 735
312 0
312 265
312 657
312 768
313 60
313 524
313 708
314 520
314 648
314 771
315 74
315 185
315 392
316 82
316 261
316 278
316 395
317 9
317 342
317 516
317 548
318 776
320 367
320 548
320 571
320 952
321 4
321 68
321 172
321 174
321 294
321 442
321 604
322 108
322 118
322 256
322 262
322 419
322 524
322 555
322 833
323 32
323 40
323 76
323 339
324 68
324 128
324 177
324 282
324 361
324 583
324 599
324 725
324 802
324 903
324 929
325 17
325 26
325 192
325 198
325 311
325 784
326 4
326 9
326 20
326 50
326 64
326 198
326 260
326 344
326 662
327 0
327 580
328 10
328 131
328 150
328 206
328 291
328 387
328 865
329 35
329 256
329 551
329 907
330 2
330 5
330 6
330 10
330 160
330 198
330 514
331 0
331 17
331 190
331 681
331 794
332 16
332 17
332 39
332 42
332 160
332 919
333 268
333 378
333 773
334 528
334 804
335 63
335 144
335 192
335 271
335 596
335 714
335 932
336 269
336 664
336 866
337 130
337 442
338 49
338 226
338 258
338 385
338 603
338 657
340 11
340 114
340 928
341 297
341 898
342 200
342 933
343 99
343 196
343 248
344 5
344 17
344 128
344 647
344 801
345 12
345 165
345 196
346 166
346 582
346 643
347 72
347 804
348 9
348 260
348 400
348 541
348 641
349 18
349 64
350 3
352 65
352 76
352 79
352 140
352 260
352 262
352 512
352 929
353 24
353 146
353 270
353 318
353 580
353 672
353 708
353 780
354 186
354 443
354 545
354 666
355 14
355 524
355 591
356 137
356 820
356 868
357 74
357 122
357 221
357 783
358 290
359 657
359 738
360 24
360 86
360 515
360 528
360 801
360 960
361 219
361 272
361 348
361 452
361 801
362 541
363 72
363 192
363 370
363 388
363 513
363 689
364 168
364 513
364 769
365 92
365 589
366 608
366 800
366 913
367 592
368 71
368 80
368 162
368 383
368 516
368 552
368 848
369 6
369 656
370 430
370 972
371 629
372 7
372 35
372 82
372 128
372 212
372 280
372 393
372 572
372 734
372 868
373 226
373 776
376 247
377 20
377 832
380 5
380 33
381 32
381 173
382 396
383 60
384 4
384 20
384 68
384 100
384 129
384 317
384 324
384 338
384 486
385 130
385 260
385 416
385 531
385 609
385 796
386 17
386 107
386 159
386 324
386 608
386 645
386 714
387 149
387 242
387 688
387 727
388 8
388 240
388 272
388 296
388 476
388 608
388 976
389 5
389 112
389 304
389 336
389 720
389 972
389 993
390 454
391 48
391 555
391 800
392 10
392 31
392 96
392 128
392 185
392 200
392 787
392 846
393 16
393 394
393 564
393 608
393 738
394 5
394 19
394 26
394 66
394 258
394 660
394 947
395 148
395 272
395 313
395 836
396 322
396 516
396 648
396 774
397 68
397 105
397 357
397 554
398 941
399 518
399 523
400 3
400 10
400 16
400 32
400 105
400 106
400 144
400 292
400 390
400 580
400 737
400 971
401 18
401 74
401 167
401 231
401 337
401 605
401 781
402 5
402 128
402 594
402 820
403 313
403 553
403 592
403 598
404 29
404 52
404 68
404 243
404 396
405 64
405 89
405 235
405 832
406 729
407 88
407 821
408 1
408 153
408 460
408 529
408 594
408 597
409 32
409 581
409 790
409 864
409 930
410 12
410 195
410 277
410 300
410 576
410 665
412 624
413 142
414 2
414 17
414 751
415 12
415 688
416 12
416 256
416 273
416 333
416 435
416 448
416 555
416 657
417 4
417 17
417 651
418 24
418 68
418 156
418 176
418 520
418 521
418 966
419 689
420 128
420 353
420 392
421 19
421 100
421 113
421 320
421 516
422 32
422 208
422 292
422 353
422 461
423 6
423 92
423 130
423 613
424 2
424 8
424 25
424 156
424 404
424 444
424 899
425 404
426 6
426 178
426 256
426 279
426 556
428 34
428 182
428 472
428 546
428 728
428 828
429 32
429 832
429 896
430 585
431 320
432 100
432 234
432 736
432 820
433 12
433 70
433 138
433 289
433 360
433 546
434 42
434 276
434 560
436 8
436 34
436 56
436 69
436 192
436 576
436 657
437 24
437 70
438 58
438 192
438 636
439 0
439 136
440 70
440 170
440 768
440 934
441 1
441 300
441 356
441 392
441 1008
442 20
442 102
442 192
444 73
444 240
444 900
445 31
446 64
447 84
448 3
448 34
448 77
448 85
448 92
448 113
448 155
448 168
448 256
448 356
448 790
449 107
449 121
449 287
449 627
450 464
450 518
450 528
450 577
450 754
450 764
450 896
451 169
451 513
451 833
452 22
452 54
452 82
452 172
452 313
452 674
452 760
452 764
452 850
453 520
454 33
454 170
454 246
454 288
454 622
455 146
456 16
456 87
456 194
456 337
456 928
457 474
457 609
457 875
458 168
458 518
458 544
458 633
458 660
459 427
459 544
459 841
462 21
462 152
462 280
462 517
462 535
462 983
464 1
464 38
464 360
464 870
465 101
465 369
465 692
466 17
466 140
466 328
466 866
468 385
469 74
471 264
471 784
473 808
474 1
474 17
474 71
475 40
476 0
476 16
476 20
476 177
476 512
476 686
477 296
479 625
479 924
480 16
480 22
480 234
480 369
480 583
481 29
482 40
482 144
482 164
482 279
482 392
482 882
483 242
483 553
484 16
484 153
485 20
485 65
485 194
485 678
485 746
486 113
487 1
487 70
488 260
488 816
489 808
490 288
491 416
491 521
492 345
492 932
494 140
494 376
494 724
495 170
496 51
496 463
496 545
496 646
497 554
497 762
498 68
498 280
500 544
500 868
501 265
502 24
502 39
502 64
504 296
505 462
506 18
506 36
506 209
506 669
508 69
510 35
512 0
512 4
512 6
512 8
512 11
512 85
512 122
512 142
512 188
512 219
512 290
512 336
512 385
512 455
512 493
512 548
512 577
512 665
512 680
513 33
513 64
513 178
513 258
513 265
513 272
513 485
513 514
513 552
513 656
513 688
513 785
513 787
513 800
514 3
514 16
514 42
514 128
514 132
514 193
514 265
514 512
514 728
514 740
514 786
514 840
514 902
514 904
515 26
515 193
515 422
515 772
515 784
515 826
516 4
516 8
516 11
516 25
516 52
516 67
516 71
516 96
516 101
516 228
516 352
516 449
516 450
516 560
516 564
516 592
516 770
516 780
516 871
517 20
517 161
517 259
517 265
517 294
517 336
517 431
517 449
517 706
517 865
518 12
518 70
518 132
518 206
518 313
518 452
518 514
518 553
518 592
518 640
519 0
519 23
519 64
519 102
519 272
519 563
519 630
519 849
520 82
520 160
520 178
520 265
520 323
520 528
520 546
520 773
520 835
521 0
521 24
521 48
521 103
521 144
521 280
521 385
521 454
521 661
521 854
521 896
521 904
522 10
522 52
522 135
522 167
522 192
522 356
522 512
522 522
522 832
523 53
523 100
523 283
523 713
523 905
524 36
524 76
524 96
524 136
524 320
524 384
524 578
524 610
524 776
524 850
525 36
525 65
525 205
525 211
525 272
525 588
525 649
526 33
526 272
526 721
527 80
527 920
528 8
528 34
528 105
528 350
528 370
528 514
528 520
528 522
528 773
528 853
529 32
529 177
529 191
529 370
529 568
529 660
529 716
529 785
529 944
530 2
530 133
530 257
530 386
530 516
530 525
530 652
530 809
530 934
531 8
531 102
531 133
531 314
531 422
531 586
531 608
532 10
532 17
532 45
532 140
532 298
532 305
532 460
533 12
533 19
533 99
533 146
533 214
533 578
533 676
533 752
533 810
533 840
534 201
534 335
534 520
534 529
534 592
534 786
534 956
535 31
535 64
535 193
535 489
536 3
536 58
536 64
536 142
536 164
536 172
536 178
536 451
536 544
536 765
536 826
536 834
536 898
536 931
537 68
537 93
537 120
537 402
537 545
537 962
538 68
538 185
538 197
538 384
538 408
538 656
539 1
539 47
539 80
539 145
539 345
539 483
539 486
539 917
540 62
540 94
540 144
540 227
540 231
540 898
541 144
541 617
541 836
542 294
542 777
542 896
543 125
543 137
543 837
544 130
544 229
544 265
544 488
544 656
544 713
544 783
544 824
544 969
545 113
545 192
545 256
545 272
545 388
545 770
545 781
546 170
546 225
546 386
546 466
546 585
546 593
546 608
546 897
546 898
546 992
547 20
547 32
547 80
547 112
547 522
548 39
548 49
548 86
548 117
548 129
548 133
548 140
548 343
548 560
549 15
549 136
549 592
549 638
549 660
550 25
550 286
550 384
550 576
550 585
550 620
551 282
551 814
552 36
552 65
552 70
552 152
552 162
552 228
552 256
552 273
552 498
552 900
552 1002
553 286
553 520
554 1
554 32
554 163
554 224
554 515
554 777
555 0
556 66
556 528
556 531
557 576
557 646
558 224
558 650
559 33
559 198
559 271
560 6
560 19
560 66
560 96
560 264
560 336
560 418
560 626
560 705
560 788
560 844
561 20
561 137
561 329
561 460
561 529
561 949
562 48
562 257
562 428
563 4
563 19
563 96
564 48
564 102
564 135
564 401
564 779
565 388
565 401
565 532
565 952
566 1
566 71
566 196
566 265
566 335
566 337
566 404
566 522
566 612
566 976
567 777
568 6
568 67
568 81
568 690
569 1
569 126
569 425
569 532
569 841
570 221
570 261
570 801
571 273
572 416
572 588
573 45
573 176
573 576
574 153
575 68
575 256
575 345
575 699
575 860
576 0
576 229
576 282
576 401
576 416
576 448
576 562
576 581
576 713
577 3
577 192
577 224
577 298
577 307
577 346
577 648
577 768
578 0
578 177
578 180
578 272
578 320
578 395
578 493
578 531
578 832
579 260
579 276
579 319
579 485
579 513
580 218
580 292
580 324
580 388
580 514
580 677
580 862
580 938
581 32
581 325
581 533
581 768
582 201
582 268
582 329
582 418
582 624
582 853
583 128
583 674
583 794
584 64
584 265
584 722
585 66
585 340
585 515
585 897
586 6
586 17
586 103
586 209
586 554
586 848
587 624
587 675
588 97
588 227
588 768
588 781
589 67
589 272
589 363
589 377
589 774
590 64
590 137
590 288
591 108
592 11
592 216
592 416
592 546
592 827
592 888
593 100
593 140
593 536
593 832
594 114
594 213
594 466
594 548
595 0
595 274
595 386
595 424
595 896
596 18
596 111
596 259
596 320
596 392
596 901
598 16
598 117
598 289
598 525
599 7
599 32
599 192
600 160
600 192
600 284
600 293
600 653
601 135
601 659
602 48
602 128
602 796
603 1
603 118
603 150
603 281
603 485
604 586
604 772
605 9
605 599
606 48
606 784
607 301
608 96
608 204
608 451
608 900
609 32
609 52
609 56
609 132
609 659
609 914
610 29
610 108
610 206
610 421
610 608
610 648
611 308
612 75
612 328
612 965
613 800
614 108
614 145
614 338
614 354
614 626
615 68
615 140
615 401
615 777
615 836
616 63
616 64
616 154
616 290
616 512
616 836
616 839
617 0
617 209
617 780
618 85
619 128
619 485
619 544
619 582
619 676
619 756
619 768
620 320
620 513
620 787
621 750
622 530
622 676
623 386
624 96
624 256
624 877
625 28
625 898
626 268
626 482
627 28
627 51
627 71
627 145
627 832
628 4
628 34
628 644
629 41
629 165
629 168
629 345
630 137
631 186
631 371
632 136
632 364
633 2
634 116
635 155
636 468
636 529
637 68
637 624
638 225
638 275
638 529
638 566
638 865
639 160
640 68
640 111
640 113
640 126
640 140
640 200
640 389
640 391
640 406
640 548
640 677
641 36
641 37
641 64
641 69
641 312
641 560
642 0
642 6
642 12
642 76
642 174
642 196
642 233
642 257
642 260
642 340
642 389
642 400
642 505
642 516
642 525
642 537
642 648
643 76
643 141
643 299
643 325
643 869
643 916
644 0
644 65
644 536
644 643
644 664
644 704
644 884
645 81
645 962
646 17
646 148
646 168
646 424
647 20
647 150
647 905
648 102
648 145
648 178
648 379
648 852
648 896
649 68
649 90
649 93
649 178
649 916
650 92
650 267
650 464
650 882
651 544
651 568
652 193
652 282
652 343
652 385
652 464
652 533
652 689
652 784
653 25
653 256
653 354
654 3
654 33
654 546
656 2
656 3
656 258
656 272
656 650
656 775
656 797
656 804
657 44
657 128
657 611
658 76
658 258
658 550
658 708
659 268
659 554
660 0
660 106
660 136
660 170
660 199
661 106
661 208
661 600
662 546
662 980
663 173
663 296
664 47
664 56
664 328
664 340
664 456
665 35
665 102
665 773
666 41
666 191
666 387
667 73
667 96
667 272
668 6
668 171
668 280
669 51
669 72
670 408
671 100
671 610
671 974
672 2
672 8
672 62
672 68
672 114
672 218
672 409
672 421
672 485
672 596
672 879
673 2
673 40
673 128
673 196
673 322
673 545
674 19
674 34
674 148
674 773
675 6
675 785
675 980
676 29
676 135
676 408
676 693
677 288
677 520
678 136
678 266
679 272
680 23
680 36
680 201
680 280
680 722
680 770
680 788
680 835
681 36
681 778
682 152
682 353
683 1
684 5
684 17
684 201
686 64
686 88
686 467
687 32
688 512
688 552
688 709
689 1
689 8
689 238
689 312
690 312
690 422
690 530
690 771
690 857
692 51
692 130
692 794
694 2
694 786
696 98
696 153
697 464
697 741
698 57
698 167
699 342
699 514
700 76
700 902
701 519
701 546
702 34
702 80
702 581
704 7
704 10
704 70
704 394
704 433
704 441
704 468
704 524
704 544
705 36
705 92
705 401
705 773
706 54
706 518
706 622
706 898
707 1
707 339
707 676
708 74
708 514
708 530
708 643
708 649
708 904
709 240
709 470
709 554
711 128
712 20
712 22
712 32
712 172
712 184
712 240
712 539
713 134
713 196
713 528
714 0
714 21
714 24
714 40
714 600
714 909
715 39
717 72
717 261
717 488
717 526
717 640
717 646
717 897
718 21
720 88
720 156
720 321
720 402
721 4
721 546
722 0
722 177
722 907
723 551
723 779
725 295
725 672
726 96
726 258
726 544
726 992
727 676
728 32
728 41
728 42
728 296
729 66
730 37
730 744
731 648
733 312
733 424
734 128
734 935
736 82
736 513
737 3
737 328
737 371
737 602
737 896
737 978
738 0
738 71
738 96
738 158
739 14
739 330
740 269
740 944
741 580
742 848
743 0
743 96
743 580
744 41
744 209
744 274
745 209
745 577
745 715
746 150
746 224
746 257
746 269
746 317
746 726
747 947
748 69
748 82
749 600
750 315
750 709
751 168
752 32
753 396
753 480
753 583
753 800
754 132
754 384
755 6
755 201
755 657
756 130
756 178
756 400
756 576
756 965
758 358
760 114
760 528
762 304
762 584
763 652
763 990
764 48
765 192
765 561
765 673
765 746
766 343
767 258
768 8
768 13
768 20
768 23
768 63
768 69
768 162
768 516
768 548
768 593
768 737
768 899
768 1005
769 2
769 41
769 132
769 340
769 385
769 515
769 526
769 640
769 865
769 896
769 903
770 99
770 153
770 168
770 177
770 316
770 320
770 326
770 402
770 616
770 626
770 642
770 686
770 843
770 898
771 21
771 576
771 608
771 632
771 776
771 802
772 64
772 136
772 536
772 584
772 752
773 60
774 256
774 648
774 792
775 68
775 262
775 446
775 564
775 805
776 160
776 166
776 232
776 385
776 464
776 499
776 528
776 544
776 661
776 768
776 773
776 897
776 944
776 1000
777 68
777 192
777 256
777 644
778 36
778 262
778 278
778 640
778 770
780 2
780 13
780 66
780 73
780 84
780 338
780 360
780 365
780 580
780 956
781 162
781 265
782 68
782 134
782 515
783 23
783 256
783 298
783 322
784 21
784 41
784 57
784 209
784 362
784 416
784 492
784 516
785 105
785 132
785 193
785 395
785 919
785 975
786 17
786 46
786 96
786 264
787 10
787 737
788 99
788 581
788 676
789 121
789 153
789 195
789 264
789 268
789 412
789 516
789 929
790 465
791 0
791 64
791 272
791 517
792 110
792 162
792 359
792 633
792 921
793 813
794 194
794 993
795 32
795 300
795 605
796 194
798 323
798 640
798 960
799 657
800 8
800 56
800 166
800 259
800 309
800 356
800 861
801 110
801 136
801 256
801 344
801 402
801 548
801 710
802 14
802 106
802 400
803 144
803 608
803 644
803 992
804 10
804 76
804 82
804 213
804 284
804 520
804 586
804 633
805 35
805 252
805 535
806 33
806 69
806 148
807 176
807 185
807 652
807 673
807 689
807 709
807 710
808 0
808 17
808 97
808 260
808 791
811 190
812 8
812 16
812 36
812 81
812 225
812 257
812 388
812 768
812 774
812 778
813 2
813 22
813 171
813 320
813 939
814 93
814 610
816 10
816 11
816 97
816 100
816 549
816 839
817 530
817 560
818 20
818 122
820 134
820 228
820 258
820 321
820 331
821 64
821 83
821 226
821 451
822 10
822 521
823 865
824 66
824 100
824 296
824 442
824 714
825 330
825 550
825 769
825 840
826 66
826 561
827 72
827 545
828 96
830 64
831 548
831 560
832 15
832 33
832 104
832 136
832 148
832 517
832 804
832 992
833 106
833 129
833 328
833 409
834 9
834 12
834 130
834 208
834 353
835 5
835 340
835 610
835 804
835 835
836 22
836 261
836 273
836 281
836 580
837 325
837 530
838 266
838 508
838 617
839 640
840 36
840 521
841 258
842 4
842 516
843 298
843 455
843 553
843 598
843 675
844 227
844 256
844 948
845 142
845 264
845 702
846 48
846 300
846 456
847 784
848 20
848 117
848 133
848 475
848 872
849 806
850 25
851 56
851 160
852 163
852 298
852 329
852 347
852 394
853 448
854 0
855 16
855 100
855 142
856 4
856 8
856 10
856 273
856 528
856 624
856 741
857 97
857 138
858 17
858 515
858 576
858 705
860 121
860 289
860 937
861 920
862 148
862 264
863 720
864 35
864 38
864 43
864 67
864 116
864 123
864 288
864 405
864 565
865 135
866 6
866 52
866 806
867 10
867 197
868 88
868 121
868 130
868 142
868 457
868 598
868 878
870 258
872 18
872 320
872 577
873 268
873 348
874 64
874 134
874 334
876 150
876 896
879 294
879 514
880 32
881 418
881 524
881 662
882 41
882 194
882 608
883 258
883 645
883 902
884 305
884 416
886 986
887 40
889 16
889 19
891 304
891 512
892 20
892 576
893 584
896 21
896 65
896 97
896 129
896 705
896 729
896 930
897 64
897 69
897 129
897 132
897 133
897 208
897 268
897 288
897 337
897 344
897 644
898 3
898 25
898 528
898 625
898 851
899 80
899 322
899 704
900 49
900 133
900 144
900 277
900 280
900 386
900 526
900 780
900 921
901 176
902 4
902 264
902 288
902 581
903 180
903 928
904 0
904 38
904 181
904 573
904 644
905 10
906 80
908 19
908 72
909 398
909 776
910 76
910 370
910 869
912 267
912 406
912 530
912 720
913 0
913 167
913 352
913 384
913 508
914 769
914 796
915 78
915 280
915 390
916 164
917 422
917 548
918 332
918 644
918 674
918 681
919 128
919 266
919 314
919 544
919 546
920 68
920 105
920 532
920 964
921 631
921 687
921 926
922 52
922 288
922 921
923 323
923 640
924 680
926 352
926 570
927 612
928 0
928 4
928 14
928 19
928 228
929 1
929 534
929 656
929 748
930 181
930 480
930 549
931 303
931 384
932 7
932 19
932 24
932 296
933 17
934 609
934 864
936 64
936 66
936 262
936 920
938 790
939 327
940 20
941 13
941 960
942 162
943 102
944 152
944 483
944 704
944 896
945 46
946 146
946 459
947 7
948 18
949 130
949 609
953 516
956 498
956 673
958 260
960 132
960 149
961 66
961 132
961 237
961 277
961 388
961 577
961 583
962 55
962 550
963 657
964 432
964 718
964 799
964 801
965 30
965 525
965 588
965 836
966 48
966 404
967 66
968 18
968 20
968 57
968 580
968 656
968 984
969 90
969 178
969 282
970 337
970 563
970 770
971 78
971 300
973 4
973 34
974 547
974 581
974 582
975 81
975 568
975 659
976 145
976 208
977 8
977 83
977 537
977 649
979 20
980 600
980 793
981 808
981 983
983 291
984 66
984 488
986 65
988 644
992 2
992 69
992 384
994 5
995 586
996 364
997 288
997 856
998 524
998 677
1001 6
1005 722
1009 1
1009 7
1013 801
1014 100
1016 16
1016 96
1016 308
1018 512
1019 266
