# Synthetic Kronecker Graph 
# Edges are directed 
0 6
0 7
0 8
0 18
0 20
0 36
0 46
0 68
0 83
0 94
0 96
1 0
1 1
1 4
1 16
1 20
1 24
1 40
1 42
1 64
1 84
1 104
2 14
2 25
2 35
2 36
2 64
2 71
2 108
2 109
3 2
3 8
3 65
3 76
3 80
4 0
4 5
4 24
4 28
4 29
5 0
5 8
5 11
5 24
5 36
5 44
5 49
5 66
5 67
6 43
6 64
7 1
7 11
7 49
7 94
8 17
8 32
8 65
8 71
8 74
8 76
8 82
8 83
8 88
8 111
9 56
10 0
10 22
10 72
10 80
10 123
11 34
11 67
11 71
12 11
12 31
12 51
12 82
12 106
13 32
13 68
13 112
14 0
14 69
15 17
15 27
16 6
16 13
16 14
16 32
16 50
16 56
16 121
17 0
17 1
17 4
17 9
17 14
17 18
17 34
17 68
17 76
17 96
18 2
18 5
18 16
19 0
19 43
19 52
19 82
20 18
20 32
20 37
20 51
20 99
21 48
21 64
21 90
22 0
22 1
22 2
22 8
22 32
23 0
23 30
24 9
24 10
24 28
24 71
24 105
24 120
25 0
25 26
25 57
25 63
25 82
26 0
26 50
27 44
28 1
28 2
28 4
28 17
29 1
29 64
29 90
30 0
30 12
32 2
32 3
32 18
33 28
33 52
33 68
33 113
34 0
34 15
34 18
35 0
35 4
35 40
35 49
35 72
35 85
36 20
36 38
36 66
36 86
36 96
37 0
37 31
37 67
37 84
38 8
38 11
38 16
38 44
38 68
38 85
39 0
40 69
40 78
40 82
41 15
41 20
41 67
41 81
41 90
42 5
42 8
42 41
42 56
43 18
44 8
44 38
45 29
45 98
46 0
47 29
48 7
48 32
48 88
49 24
49 37
49 89
50 5
50 30
50 72
50 73
50 81
51 20
52 2
52 35
53 80
53 99
54 3
54 10
54 105
55 24
56 1
56 17
56 32
56 69
57 6
57 18
57 22
57 28
57 50
57 56
57 67
58 2
58 32
58 76
58 97
60 42
60 121
61 32
62 64
62 70
64 2
64 8
64 10
64 16
64 17
64 18
64 37
64 38
64 78
64 84
65 34
65 82
65 101
66 5
66 8
66 17
66 24
66 32
66 92
67 0
67 10
67 17
67 96
68 12
68 14
68 35
69 89
70 25
70 30
70 80
70 98
71 0
71 8
71 112
72 3
72 67
72 76
72 122
73 0
73 9
73 32
74 24
74 32
74 38
74 98
74 116
76 11
76 42
76 66
76 67
76 111
76 113
78 6
78 16
78 55
79 16
79 27
80 20
80 34
80 68
80 72
80 78
80 88
80 122
81 73
82 41
83 55
83 97
83 105
84 30
84 76
85 64
86 8
86 10
87 66
87 74
88 0
88 2
89 2
90 23
90 34
91 32
91 40
92 100
92 112
93 1
93 9
93 62
94 5
94 18
95 34
96 0
96 23
96 65
97 2
97 11
97 37
98 1
98 32
99 18
99 33
99 81
100 19
100 44
100 49
101 8
101 17
101 34
101 72
104 18
105 80
106 70
107 28
108 3
108 25
108 68
112 20
112 67
112 83
113 1
113 2
113 26
114 3
114 36
114 59
115 8
116 32
116 36
116 83
117 20
117 34
117 75
119 21
120 0
120 32
121 8
121 28
121 32
121 46
121 64
125 16
125 100
126 19
126 40
