# Synthetic Kronecker Graph 
# Edges are directed 
0 0
0 4
0 8
0 28
0 49
0 50
0 52
0 65
0 70
0 104
0 129
0 146
0 157
0 160
0 169
0 241
1 12
1 16
1 34
1 153
1 154
1 171
1 248
2 7
2 17
2 64
2 132
2 158
2 160
2 166
2 221
3 2
3 45
3 77
3 106
4 10
4 17
4 24
4 44
4 61
4 128
4 210
5 20
5 112
5 132
5 174
6 0
6 1
6 72
6 81
6 89
6 163
7 0
7 21
7 34
8 1
8 2
8 11
8 48
8 138
8 141
8 188
9 3
9 6
9 11
9 18
9 104
9 133
9 139
9 153
9 162
10 4
10 40
10 82
10 101
10 148
10 159
11 70
12 18
12 26
12 51
12 58
12 128
12 177
13 130
14 22
14 48
14 65
14 72
14 84
14 125
14 162
14 163
14 170
14 195
16 0
16 15
16 18
16 48
16 160
16 197
16 208
16 209
17 0
17 12
17 32
17 137
17 139
17 140
17 148
17 205
18 22
18 33
19 8
19 184
20 1
20 4
20 38
20 131
20 149
20 166
20 172
21 5
21 25
21 66
22 33
22 43
22 65
22 132
22 181
22 192
22 235
23 0
23 33
23 192
24 0
24 8
24 51
24 56
24 93
24 129
24 160
25 64
25 96
25 134
26 4
26 8
26 17
26 48
26 75
26 194
27 16
28 10
28 71
28 116
28 177
28 185
28 216
29 20
29 84
32 2
32 8
32 14
32 40
32 71
32 76
32 129
32 163
32 192
33 1
33 2
33 52
33 73
33 110
33 130
34 6
34 18
34 69
34 150
34 232
35 12
35 64
35 80
35 100
35 114
35 149
35 168
35 192
36 3
36 10
36 65
36 77
36 82
36 103
36 146
36 198
37 0
37 20
37 32
37 230
38 4
38 32
38 66
38 68
38 100
38 202
38 210
39 110
39 221
40 1
40 2
40 12
40 34
40 132
41 18
41 72
41 96
42 9
42 36
42 199
42 209
42 232
44 5
44 62
44 100
44 130
44 176
45 96
45 154
46 0
46 81
46 132
47 0
48 0
48 1
48 4
48 138
49 0
49 168
50 4
50 8
50 86
50 146
51 1
51 16
51 81
52 12
52 80
52 100
53 34
53 78
53 107
53 197
54 5
55 193
56 0
56 17
56 33
56 57
56 159
57 146
58 1
58 152
58 224
59 4
60 141
60 200
61 146
62 16
63 16
64 16
64 68
64 99
64 132
64 160
65 10
65 44
65 67
66 0
66 29
66 68
66 129
66 132
67 12
67 94
67 129
67 192
68 0
68 1
68 84
68 120
68 129
68 210
69 42
69 114
70 40
71 19
71 132
71 152
72 3
72 17
72 54
72 150
72 153
72 177
72 196
72 204
72 226
73 19
73 40
73 129
73 147
73 148
73 165
74 52
74 160
75 92
77 30
78 1
78 22
78 30
78 88
80 42
80 163
81 4
81 86
81 93
81 148
81 247
82 1
84 21
84 96
84 97
84 171
84 200
85 6
85 38
85 250
87 48
87 128
88 0
88 28
88 118
88 131
88 192
89 2
89 4
89 16
89 73
90 52
90 141
91 97
92 4
92 97
92 185
94 97
96 8
96 41
96 74
96 99
96 132
96 169
97 4
97 14
97 33
97 109
97 152
97 194
97 200
98 18
98 105
98 116
98 224
99 8
101 172
102 181
103 7
103 71
103 224
104 28
104 81
104 128
104 227
105 24
105 198
105 230
105 231
106 0
106 128
107 106
108 6
108 32
109 37
109 38
111 51
112 1
112 4
112 82
112 160
113 1
113 130
113 143
113 161
113 208
114 160
115 32
115 137
115 154
116 5
117 32
117 48
117 200
117 238
118 1
118 64
118 71
119 19
120 16
120 20
121 14
121 86
122 25
122 171
123 4
123 32
123 106
124 68
124 128
126 17
127 239
128 0
128 2
128 3
128 8
128 9
128 28
128 36
128 80
128 105
128 128
128 146
129 19
129 54
129 102
129 139
129 212
130 0
130 1
130 2
130 6
130 8
130 28
130 50
130 71
130 131
130 224
131 0
131 2
131 53
131 102
131 211
132 90
132 161
132 165
133 10
133 28
133 36
133 182
134 2
134 10
134 16
134 33
134 55
134 164
134 194
135 61
135 118
135 132
136 34
136 41
136 52
136 63
136 74
136 103
136 170
136 213
136 244
137 0
137 98
137 247
138 48
138 112
139 9
139 27
140 35
140 77
140 152
140 212
141 2
141 75
142 19
142 29
142 31
142 65
143 10
143 180
144 14
144 33
144 65
144 112
144 154
144 225
145 36
145 45
145 47
145 49
146 132
146 212
147 58
148 33
148 65
148 98
148 145
148 224
149 52
149 107
149 145
149 184
150 1
150 12
150 24
150 77
150 205
150 229
151 200
152 7
152 16
152 80
152 184
153 217
154 1
154 49
155 16
155 98
155 173
156 21
157 64
158 5
158 115
159 223
160 42
160 145
161 4
161 9
161 16
161 58
161 74
161 136
162 2
162 14
162 18
162 24
162 32
162 101
162 113
162 116
162 169
162 192
162 244
163 17
163 49
163 87
163 224
163 230
164 10
164 36
164 67
164 141
164 184
165 5
165 32
165 52
166 80
167 6
167 65
168 16
168 53
168 69
168 166
169 128
170 120
170 142
170 246
172 8
172 34
172 38
172 76
172 116
173 8
173 85
175 34
175 122
176 2
176 164
176 170
177 22
177 73
177 225
178 3
178 18
178 80
178 108
179 16
180 40
180 112
180 153
181 41
181 230
182 74
182 82
182 226
183 196
184 108
184 212
184 236
185 71
185 181
187 50
187 62
187 176
188 130
188 144
188 219
189 44
189 57
189 177
191 76
192 132
192 141
192 166
192 200
193 32
193 33
193 66
193 71
194 65
194 201
195 192
195 233
196 3
196 16
196 61
196 66
196 80
196 98
196 137
196 140
196 232
197 16
197 96
197 125
197 128
197 165
197 178
198 2
198 4
199 80
199 178
200 32
200 62
200 103
201 95
201 210
202 0
202 20
202 28
202 61
203 96
204 160
205 4
205 136
205 172
206 0
208 0
208 6
208 49
210 9
210 45
210 164
211 44
211 108
212 4
212 34
213 88
215 4
215 14
215 138
216 193
217 51
217 96
218 32
218 129
221 25
222 134
222 159
222 233
224 11
224 88
224 129
224 137
224 244
225 16
225 32
225 109
226 22
226 66
227 11
227 96
227 177
228 14
228 15
228 144
229 64
230 146
230 215
231 28
231 68
231 80
232 37
232 81
232 128
232 233
234 32
235 207
236 29
236 82
236 153
237 0
238 0
238 132
238 202
240 164
240 192
241 201
241 236
242 6
242 72
244 117
244 130
244 152
245 57
246 102
247 70
248 8
248 92
248 93
249 36
249 87
251 97
