# Synthetic Kronecker Graph 
# Edges are directed 
0 0
0 4
0 12
0 32
0 55
0 56
0 67
0 69
0 70
0 78
0 102
0 135
0 140
0 163
0 170
0 195
0 198
1 0
1 16
1 18
1 48
1 80
1 81
1 100
1 148
2 13
2 23
2 65
2 129
2 144
2 166
2 226
2 235
3 26
3 29
3 32
3 53
3 81
3 128
3 132
3 161
3 171
3 188
3 214
4 3
4 14
4 20
4 32
4 48
4 76
4 80
4 90
4 145
4 157
4 159
4 243
5 2
5 45
5 57
5 199
6 7
6 14
6 76
6 99
6 164
7 18
7 21
7 133
8 0
8 1
8 9
8 39
8 85
8 154
9 74
9 96
10 32
10 100
10 160
11 70
11 145
12 33
12 100
12 141
12 232
12 246
13 2
13 8
13 17
13 41
13 100
13 194
14 27
14 140
14 145
15 18
15 192
16 3
16 16
16 28
16 37
16 44
16 47
16 54
16 66
16 67
16 78
16 112
16 160
16 165
17 4
17 32
17 54
17 65
17 128
17 141
17 187
17 189
17 252
18 35
18 143
18 248
19 8
19 32
19 58
19 82
19 192
20 4
20 5
20 6
20 36
20 64
20 75
20 105
20 113
20 237
21 69
21 106
21 115
21 122
21 146
21 159
21 160
21 202
22 3
22 144
23 2
23 24
23 132
23 134
24 5
24 24
24 28
24 65
24 111
24 146
24 155
24 194
26 9
26 64
26 80
27 4
28 2
28 14
28 37
28 49
28 120
28 168
28 232
29 9
29 131
29 144
30 2
30 4
30 48
30 98
31 64
32 10
32 26
32 64
32 70
32 98
32 142
32 164
32 197
33 17
33 33
33 128
33 136
33 159
33 228
34 42
34 48
34 84
34 97
34 126
34 135
34 207
35 0
35 4
35 96
35 146
36 17
36 72
36 76
36 113
36 153
36 194
37 31
37 40
37 114
37 162
37 221
38 0
38 136
38 220
39 16
39 34
39 160
40 7
40 20
40 32
40 65
40 90
40 98
40 136
40 168
40 212
41 6
41 52
41 103
41 190
42 1
42 37
43 0
44 0
44 98
44 186
44 217
46 1
46 134
47 20
47 36
47 131
48 0
48 5
48 12
48 93
48 197
49 44
49 68
49 133
49 138
49 212
50 0
50 36
50 65
50 101
50 168
51 0
51 118
52 2
52 32
52 33
52 66
52 67
52 156
53 34
53 242
54 193
55 12
56 10
56 66
56 84
56 130
57 4
57 36
57 130
57 135
58 32
58 43
58 56
58 64
58 76
58 110
58 173
58 216
60 49
61 199
62 148
62 201
63 8
63 75
63 137
63 216
64 0
64 15
64 64
64 72
64 106
64 224
65 36
65 80
65 97
65 129
65 155
65 172
66 0
66 2
66 3
66 24
66 28
66 132
66 137
66 151
66 152
66 161
66 193
66 242
67 138
68 1
68 6
68 18
68 48
68 54
68 66
68 104
69 8
69 34
69 40
69 160
69 214
70 2
70 16
70 51
70 154
71 83
72 4
72 33
72 54
72 161
72 243
73 0
73 36
73 58
73 64
73 103
73 104
73 162
74 4
74 41
75 26
75 66
75 75
75 87
75 137
75 194
76 12
76 132
76 144
77 2
77 23
78 16
78 156
78 176
78 232
80 0
80 2
80 40
80 72
80 114
80 149
80 227
80 237
81 160
82 35
83 33
83 84
84 0
84 12
84 59
85 1
85 35
85 200
86 8
86 129
86 174
86 200
87 83
87 96
88 11
88 64
89 18
89 34
89 128
89 131
90 64
90 131
90 144
91 141
92 66
92 80
92 236
93 3
93 132
94 40
94 128
94 216
96 65
96 76
96 131
96 177
97 18
97 64
97 148
97 179
98 16
98 129
99 4
99 34
99 73
99 136
99 168
100 34
100 43
100 65
100 142
101 18
101 100
101 129
101 160
102 20
103 76
104 89
105 20
105 37
105 66
106 128
107 6
107 163
108 34
108 130
109 2
110 25
112 32
112 64
113 0
113 72
113 140
113 148
113 172
113 192
114 3
114 42
114 128
115 36
116 4
116 76
116 138
116 147
118 16
118 159
120 42
120 66
120 96
120 128
121 10
121 48
121 58
122 80
122 181
123 67
123 194
126 67
127 101
127 128
128 0
128 3
128 9
128 16
128 18
128 24
128 31
128 36
128 38
128 41
128 42
128 67
128 133
128 153
129 16
129 33
129 110
129 121
129 180
129 200
129 255
130 0
130 2
130 148
130 177
131 112
131 128
131 171
131 192
132 19
132 20
132 57
132 176
133 90
133 152
134 9
134 15
134 33
134 40
134 53
134 64
134 73
135 9
135 64
135 67
135 74
135 234
135 237
136 0
136 51
136 153
136 170
137 0
137 2
137 4
137 24
137 134
137 136
137 181
138 120
138 211
139 2
139 11
139 33
139 87
139 130
140 0
140 139
140 155
140 157
140 202
141 48
141 162
141 173
142 66
142 148
142 163
142 176
143 113
144 3
144 12
144 71
144 83
145 5
145 65
145 194
145 220
146 28
146 41
146 64
146 98
147 100
148 32
148 33
148 141
149 3
149 19
149 71
149 107
150 64
150 116
152 4
152 21
152 25
152 128
152 135
152 160
152 194
153 28
153 70
154 22
154 145
155 8
155 116
157 14
157 26
157 32
158 214
158 230
160 64
160 130
160 194
161 196
161 202
162 4
162 22
162 80
162 155
162 205
163 0
163 80
164 9
164 72
164 112
164 160
165 89
165 100
165 138
165 145
165 241
166 28
166 166
167 18
168 27
168 131
168 158
169 145
170 27
170 131
170 143
170 236
171 20
172 5
172 81
172 194
173 21
173 28
174 164
176 5
176 51
176 64
176 77
177 33
177 132
177 161
178 1
178 5
178 72
178 80
178 136
178 163
179 4
179 51
180 50
180 58
180 68
180 74
183 8
184 2
184 8
184 11
184 17
184 40
186 4
186 129
188 38
188 138
189 33
189 64
191 3
192 69
192 81
192 115
193 132
193 160
194 16
194 52
195 0
195 1
195 2
195 9
195 35
195 42
195 105
196 84
196 164
196 183
197 16
197 48
197 129
197 139
198 8
198 16
198 107
198 129
198 209
200 86
200 139
200 154
200 184
200 192
201 2
201 120
201 197
202 8
202 162
204 72
205 52
206 53
207 244
208 70
208 196
209 16
209 41
209 115
209 116
210 1
210 162
211 2
211 120
213 34
214 72
214 220
216 2
217 101
217 109
217 189
218 9
219 200
221 0
221 26
222 0
222 15
222 38
223 130
224 24
224 34
224 97
224 106
224 156
225 36
225 162
226 4
226 34
226 36
226 44
229 85
230 24
230 162
232 18
232 64
232 67
232 176
232 229
233 215
234 28
235 69
235 128
236 0
236 32
236 52
237 72
237 86
238 12
240 131
241 6
241 22
242 124
244 160
246 40
246 175
247 8
248 29
249 11
250 10
254 2
