# Synthetic Kronecker Graph 
# Edges are directed 
0 0
0 4
0 5
0 6
0 8
0 28
0 33
0 34
0 49
0 54
0 64
0 67
0 70
0 72
0 73
0 86
0 135
0 145
0 152
0 171
0 194
0 208
1 0
1 6
1 13
1 25
1 30
1 36
1 128
1 169
1 192
1 195
2 11
2 65
2 97
3 3
3 12
3 32
3 52
3 133
3 150
3 161
3 209
3 216
4 1
4 16
4 29
4 42
4 68
4 72
4 93
4 116
4 132
4 181
4 193
4 200
5 57
5 65
5 86
5 194
6 71
6 73
6 83
6 126
6 197
6 219
7 43
7 106
7 128
7 144
7 169
8 5
8 19
8 25
8 32
8 43
8 68
8 101
8 139
8 183
8 192
8 211
9 1
9 10
9 23
9 65
9 82
9 164
10 1
10 13
10 77
10 105
10 230
11 1
11 2
11 84
11 128
11 130
11 137
11 228
11 239
12 2
12 4
12 138
13 4
13 6
13 35
13 94
13 193
14 12
14 161
14 210
15 96
16 0
16 1
16 3
16 67
16 81
16 136
16 161
16 200
17 8
17 9
17 35
17 56
17 64
17 244
18 8
18 14
19 49
20 2
20 13
20 87
20 104
21 144
22 19
22 64
22 80
22 156
22 164
23 3
23 119
24 2
24 28
24 56
24 64
24 76
24 141
24 164
25 16
25 228
26 193
27 3
27 47
27 131
28 11
28 34
28 242
29 17
29 71
31 73
31 241
32 2
32 11
32 16
32 17
32 34
32 69
32 96
32 108
32 116
32 154
32 160
32 184
32 195
33 0
33 6
33 16
33 17
33 27
33 50
33 64
33 75
33 95
33 238
34 7
34 56
34 108
34 137
34 155
34 172
34 251
35 36
35 65
35 66
35 106
35 130
36 72
36 128
36 135
36 205
37 2
37 28
37 130
37 161
38 18
38 22
38 81
38 165
39 41
40 5
40 10
40 48
40 60
40 66
40 72
40 84
40 161
41 4
41 6
41 57
41 99
41 100
41 118
42 21
42 35
42 44
42 81
42 112
43 200
44 42
44 66
44 81
44 148
45 0
45 32
46 128
46 136
46 229
46 239
48 89
48 224
49 2
49 52
49 80
49 81
49 96
49 160
49 220
50 4
50 19
50 148
52 18
52 42
52 117
53 33
53 40
53 50
54 20
55 3
55 204
56 5
56 32
56 65
58 19
58 132
58 208
58 227
59 27
59 71
60 89
61 18
61 24
61 196
62 1
62 34
62 38
64 0
64 35
64 64
64 152
64 156
64 158
64 181
64 199
64 216
65 24
65 33
65 47
65 76
65 88
65 102
66 49
66 53
66 72
66 201
68 24
68 29
68 35
68 65
68 131
68 132
68 196
68 240
69 96
69 224
69 242
71 78
72 4
72 44
72 45
72 133
72 139
72 146
72 163
72 192
73 40
73 137
74 21
74 46
74 68
74 162
74 224
75 13
75 32
76 30
76 197
76 225
76 249
77 1
77 160
78 55
78 64
78 66
78 68
79 9
79 17
80 4
80 12
80 15
80 20
80 24
80 26
80 38
80 40
80 65
80 66
80 70
80 72
80 88
80 195
81 103
82 0
82 8
82 42
82 56
82 104
83 66
83 86
83 128
83 146
84 1
84 10
84 16
84 26
84 68
84 137
85 121
87 0
87 7
87 65
87 154
88 1
88 9
88 39
88 40
88 44
88 49
88 72
88 100
88 200
88 229
89 26
90 34
90 78
90 201
91 34
92 56
92 112
92 217
93 162
94 8
95 1
95 140
96 2
96 5
96 15
96 20
96 36
96 98
96 195
97 32
97 74
97 152
97 169
98 171
99 1
99 23
99 60
99 77
99 140
100 7
100 17
100 32
100 77
100 135
100 146
101 66
102 16
102 128
102 216
103 138
103 145
104 1
104 48
104 161
105 35
105 145
106 53
106 192
107 32
107 83
108 65
108 196
109 132
110 92
110 128
110 146
110 194
110 196
110 208
112 0
112 10
112 40
112 66
112 177
113 5
114 3
115 74
116 12
116 49
116 137
116 202
116 204
118 122
118 130
118 164
121 49
121 129
122 8
122 26
122 76
123 20
123 22
126 220
127 10
127 100
128 2
128 81
128 166
128 194
129 18
129 54
129 80
129 87
129 98
129 104
129 134
129 164
129 187
130 24
130 54
130 68
130 88
130 98
130 121
130 128
130 191
130 225
131 26
131 36
131 80
132 14
132 96
132 161
132 173
132 233
133 6
133 33
133 99
133 141
134 1
134 80
134 240
135 14
135 25
135 29
135 38
135 88
135 109
136 1
136 13
136 32
136 58
136 64
136 79
136 83
136 88
136 97
136 120
137 7
137 13
137 18
137 69
137 89
137 112
137 128
138 22
138 41
138 55
139 16
139 54
139 202
140 13
140 72
140 84
140 195
140 208
141 4
141 37
143 15
143 34
144 0
144 17
144 22
144 29
144 30
144 42
144 64
144 137
144 164
144 200
144 240
145 2
145 20
145 40
145 123
145 135
145 137
145 179
146 105
146 193
146 224
147 1
147 13
147 86
147 156
148 3
148 19
148 137
148 154
148 176
149 24
149 35
149 76
149 128
149 200
150 24
150 64
150 78
151 1
151 3
151 5
151 144
151 198
151 211
152 0
152 101
152 139
153 3
153 56
154 0
154 7
154 214
155 66
155 136
155 137
156 16
156 34
156 71
156 133
158 196
160 14
160 27
160 34
160 40
160 116
160 118
160 186
161 0
161 10
161 64
161 65
161 88
161 154
162 9
162 29
162 37
162 70
162 102
162 162
162 194
162 230
163 68
163 88
164 121
164 131
164 232
165 4
165 11
165 60
165 73
166 9
166 117
166 144
166 192
168 82
168 125
168 201
169 7
169 54
169 100
169 145
170 52
170 200
171 49
171 73
171 164
172 0
172 4
172 5
172 44
172 79
172 146
174 6
174 138
174 178
175 29
176 68
176 100
176 138
177 32
177 129
177 198
177 207
178 17
178 32
178 137
178 145
179 16
179 74
179 210
180 18
180 111
181 11
181 14
182 9
182 120
183 11
183 72
183 106
183 202
184 65
184 98
184 156
185 12
185 72
187 38
187 224
188 2
188 34
188 88
188 100
188 150
188 178
189 8
192 0
192 7
192 8
192 67
192 96
192 130
193 4
193 26
194 18
194 26
194 112
195 4
195 50
195 130
195 209
196 50
196 79
196 224
197 0
197 138
198 208
199 64
200 13
200 32
200 128
200 144
200 160
200 192
202 160
203 7
204 174
205 12
205 57
205 65
206 193
208 133
208 146
208 182
208 209
210 16
210 81
210 137
210 206
211 243
212 4
212 69
212 144
213 0
215 0
215 44
216 8
216 128
217 7
217 69
218 36
218 161
219 69
223 109
224 3
224 9
224 24
224 133
224 136
226 11
226 19
226 144
228 131
229 128
230 48
230 64
231 40
232 47
232 54
232 64
233 32
233 208
234 24
234 208
235 91
238 66
240 128
240 132
240 224
241 158
242 10
242 16
246 1
246 200
247 96
248 128
249 59
249 201
250 43
250 134
250 140
251 90
254 192
255 40
