# Synthetic Kronecker Graph 
# Edges are directed 
0 1
0 6
0 12
0 32
0 34
0 36
0 40
0 44
0 53
0 64
0 65
0 67
0 68
0 78
0 96
1 2
1 21
1 26
1 88
2 32
2 40
2 54
3 0
3 20
3 23
3 43
3 65
3 96
4 0
4 2
4 18
4 21
4 88
4 102
4 113
5 33
5 88
6 24
6 34
6 85
8 5
8 32
8 37
8 48
8 64
8 96
9 2
9 19
9 59
9 88
9 103
10 64
10 80
10 102
11 1
12 2
12 4
12 36
12 88
12 100
13 10
13 81
14 9
14 44
14 50
14 78
15 19
16 0
16 6
16 49
16 71
16 73
16 74
17 8
17 40
17 43
17 99
18 67
19 4
19 8
19 98
20 0
20 13
20 34
20 56
20 57
20 113
20 114
21 4
21 28
21 38
21 84
21 118
22 9
22 100
23 32
24 28
24 82
24 112
24 121
25 25
25 48
25 65
26 88
27 68
28 2
28 10
28 24
29 6
29 56
29 71
30 42
32 1
32 4
32 5
32 64
32 65
32 87
33 2
33 54
33 104
34 9
34 24
34 73
34 75
35 5
35 8
38 64
38 72
38 88
40 6
40 16
40 40
40 48
40 66
40 76
41 12
41 16
41 33
41 96
41 97
42 83
43 38
44 1
44 2
44 49
44 89
45 112
47 8
47 26
47 66
47 72
47 82
48 0
48 18
48 58
48 64
48 70
49 36
49 64
50 7
50 16
50 17
50 18
50 49
52 0
52 3
53 20
53 52
54 0
55 42
56 0
56 5
56 74
56 117
57 21
58 34
58 60
58 76
59 20
59 34
59 38
59 64
60 36
60 49
60 58
61 16
61 94
62 8
63 64
64 0
64 20
64 25
64 54
64 57
64 65
64 72
64 90
65 2
65 17
65 52
65 56
66 24
66 54
66 65
67 0
67 4
67 16
68 0
68 9
68 10
68 37
68 39
68 40
68 67
68 96
68 113
69 43
69 52
69 56
69 113
70 18
70 60
70 89
71 11
71 54
71 74
72 6
72 72
72 100
73 1
73 40
73 48
73 66
73 74
73 75
74 2
74 8
74 28
74 47
75 83
76 44
76 64
77 56
77 90
78 22
79 88
79 100
80 96
81 19
81 24
82 1
82 62
82 68
82 98
86 26
88 10
88 28
88 77
89 12
90 32
90 66
91 1
91 32
93 2
93 88
95 50
96 9
96 18
96 35
96 50
96 76
97 15
97 20
97 32
97 54
97 73
97 86
97 114
98 10
98 12
99 5
99 24
99 92
100 5
100 8
100 25
100 73
101 12
101 48
101 92
101 117
102 82
104 76
105 8
105 64
105 72
107 53
108 16
108 78
109 108
110 13
110 25
110 97
111 33
112 0
112 2
112 44
112 49
112 122
113 32
113 68
113 74
114 8
114 53
115 26
115 81
116 11
118 6
120 2
120 5
120 44
120 72
121 32
121 75
123 3
124 8
124 33
127 20
