# Synthetic Kronecker Graph 
# Edges are directed 
0 1
0 40
0 50
0 64
0 68
0 80
0 82
0 99
1 5
1 6
1 12
1 25
1 69
1 72
1 84
1 86
2 16
2 26
2 34
2 35
2 39
2 40
2 72
2 97
2 121
3 0
3 42
3 70
3 100
4 15
4 38
4 59
4 73
4 93
4 101
4 122
5 2
5 74
5 76
5 90
6 9
6 35
6 37
7 33
7 82
7 110
8 0
8 4
8 13
8 14
8 16
8 52
8 65
8 66
8 88
8 96
8 100
8 101
9 30
10 28
10 29
10 98
10 100
11 2
11 50
12 1
12 71
13 6
13 48
13 77
13 80
14 29
14 36
14 80
15 2
15 102
16 2
16 25
16 35
16 37
16 41
16 69
16 83
17 45
18 82
18 113
18 126
19 10
19 100
20 1
20 2
20 12
20 28
20 50
20 72
20 104
20 121
21 3
21 20
22 1
22 32
22 92
22 114
23 2
23 30
24 4
24 33
24 100
25 4
25 75
27 1
28 4
28 34
28 82
29 0
29 34
30 28
30 96
30 126
32 6
32 18
33 10
34 0
34 10
34 112
35 85
35 98
36 37
37 8
37 11
37 53
37 56
38 9
38 18
38 27
38 72
39 8
40 2
40 10
40 48
40 82
41 6
41 17
41 18
42 0
42 2
42 17
42 33
42 84
42 98
43 23
44 19
44 25
44 96
44 114
45 48
46 81
46 89
46 96
46 104
47 95
48 1
48 5
48 9
48 23
48 72
49 1
49 20
49 32
49 63
49 65
50 1
50 17
50 44
50 81
50 105
51 41
52 0
53 1
53 8
53 40
53 42
53 90
53 112
54 32
56 2
56 4
56 38
57 8
57 20
57 121
58 0
58 6
58 37
58 42
58 61
59 44
59 96
60 80
60 112
62 30
63 4
64 42
64 49
64 66
64 67
65 5
65 6
65 32
65 40
65 56
65 64
65 68
66 1
66 40
67 10
67 13
68 9
68 40
68 52
68 60
69 69
70 0
70 89
70 114
71 34
71 36
72 19
72 60
72 104
73 54
74 64
74 69
75 38
76 33
76 37
76 49
77 72
79 18
79 96
79 103
80 2
80 8
80 36
80 41
80 42
80 44
80 111
81 74
82 11
82 38
82 55
82 102
84 16
84 41
85 64
85 80
86 0
86 40
88 8
88 11
88 44
88 89
89 2
89 16
89 32
90 20
90 49
91 68
91 74
92 11
92 80
96 8
96 20
96 37
96 44
96 61
96 64
97 16
97 57
98 13
98 16
98 19
98 49
99 0
99 25
99 42
99 65
100 17
100 64
100 66
102 26
102 32
102 64
102 103
103 3
103 102
104 27
104 126
105 4
105 8
105 32
106 4
106 120
108 0
108 87
109 13
112 25
112 37
112 39
113 32
114 72
115 5
116 3
116 65
117 17
118 4
118 20
122 49
122 68
123 112
124 34
126 1
