# Synthetic Kronecker Graph 
# Edges are directed 
0 4
0 7
0 37
0 41
0 49
0 77
0 97
0 98
0 153
0 184
0 188
1 20
1 62
1 95
1 139
1 200
2 10
2 81
2 88
2 144
2 153
2 209
3 13
3 136
3 192
4 0
4 5
4 21
4 82
4 101
4 128
4 132
4 136
4 149
4 193
4 234
5 6
5 32
5 35
5 37
5 42
5 88
5 128
5 133
5 138
5 166
6 40
6 66
6 128
6 160
6 168
6 176
7 26
7 48
7 235
8 0
8 4
8 8
8 12
8 14
8 16
8 31
8 34
8 35
8 37
8 64
8 65
8 101
9 9
9 16
9 17
9 21
9 59
9 71
9 109
9 130
9 136
9 212
10 41
10 72
10 161
10 165
10 176
10 235
11 66
11 129
11 142
11 146
11 160
11 218
12 2
12 36
12 46
12 59
12 68
12 72
12 93
12 138
12 170
12 172
14 118
14 138
14 156
16 4
16 19
16 20
16 35
16 48
16 94
16 101
16 136
16 179
16 183
17 2
17 4
17 17
17 69
17 83
17 113
17 148
18 100
18 120
18 164
19 2
19 3
19 133
20 19
20 105
20 122
20 192
20 210
20 224
21 23
21 25
21 66
21 176
22 0
22 3
23 70
23 161
23 179
24 2
24 40
24 71
24 131
24 212
24 226
25 11
26 0
26 13
26 17
26 65
26 72
26 88
27 25
28 17
28 247
29 97
29 134
29 206
30 97
30 152
30 154
30 161
30 164
32 0
32 16
32 17
32 18
32 66
32 72
32 124
32 150
32 235
33 0
33 130
33 139
34 0
34 8
34 10
34 12
34 21
34 34
34 80
34 193
35 114
36 1
36 27
36 32
36 170
37 18
37 32
37 122
37 145
37 194
38 0
38 34
38 123
38 146
38 148
38 152
39 160
40 104
41 96
41 142
41 224
42 41
42 104
43 1
44 1
44 40
44 101
44 164
45 3
45 64
45 164
48 1
48 8
48 17
48 66
48 73
48 128
48 187
48 224
49 83
50 6
50 17
50 75
50 101
50 105
51 4
51 33
51 96
51 204
52 0
52 5
52 16
52 45
52 64
52 128
54 65
54 135
55 64
55 100
56 71
56 104
56 145
56 206
58 0
58 7
58 9
58 40
58 71
58 217
59 1
59 64
59 210
60 48
60 168
61 134
62 160
62 208
64 6
64 18
64 95
64 131
64 146
64 161
64 178
64 226
64 242
65 7
65 8
65 19
65 52
65 98
65 133
65 159
65 163
65 193
65 212
66 4
66 5
66 6
66 10
66 12
66 14
66 16
66 32
66 129
66 150
66 160
66 200
67 9
67 19
67 64
67 92
67 96
67 129
67 132
67 200
68 9
68 70
68 130
68 165
68 254
69 21
69 44
69 96
69 194
70 1
70 4
70 64
71 21
71 34
71 133
71 212
72 16
72 18
72 56
72 65
72 76
73 7
73 160
74 5
74 44
75 145
76 9
76 39
76 151
76 232
77 4
77 19
77 110
78 248
79 80
80 35
80 65
80 96
80 142
80 148
80 169
80 179
80 205
81 10
81 16
81 24
81 28
81 125
82 144
82 176
83 4
83 5
83 100
83 158
83 160
83 202
83 241
84 10
84 25
86 185
86 223
88 2
88 71
88 76
88 118
88 168
88 200
88 204
88 208
89 0
89 2
89 42
89 101
89 140
90 10
90 16
90 20
90 44
90 136
90 164
92 0
92 113
92 193
93 34
96 2
96 9
96 10
96 51
96 52
96 65
96 136
96 153
96 164
96 171
96 214
96 228
97 37
97 48
97 100
97 211
98 128
98 133
99 128
99 164
100 44
100 48
100 76
101 68
101 139
101 238
102 9
102 10
102 64
102 76
102 92
102 194
103 15
103 33
103 107
103 144
104 4
104 65
104 81
104 102
104 113
104 204
105 87
106 57
106 177
107 4
107 6
108 17
108 53
108 154
108 172
108 248
109 13
109 178
110 64
110 129
112 6
112 137
113 10
113 16
113 141
114 78
114 132
115 128
116 3
116 224
117 10
117 33
117 76
117 164
118 12
118 66
118 108
118 153
120 32
120 34
120 56
120 71
120 128
121 18
121 107
121 201
121 250
122 0
122 77
122 138
123 32
124 11
124 84
125 2
128 7
128 8
128 53
128 80
128 84
128 143
128 168
128 171
128 195
129 6
129 33
129 40
129 57
129 76
129 108
129 124
129 157
130 0
130 4
130 18
130 64
130 112
130 134
130 161
130 181
130 194
131 6
131 91
131 128
131 152
131 240
132 3
132 19
132 34
132 38
132 40
132 47
132 64
132 97
132 105
132 109
132 162
132 226
133 102
133 198
134 5
134 100
134 145
134 146
135 7
135 16
135 56
135 160
136 8
136 53
136 57
136 68
136 70
136 77
137 66
137 67
138 5
138 23
138 63
138 160
138 214
139 1
139 16
139 80
139 128
140 56
140 149
140 160
140 173
140 196
140 220
141 0
141 63
141 135
141 139
142 68
143 75
144 49
144 54
144 69
144 131
144 140
144 216
145 8
145 27
145 35
145 48
145 64
145 81
146 32
146 44
146 59
146 66
146 69
146 99
146 161
146 193
147 38
148 12
148 20
148 137
149 21
149 32
149 52
149 64
149 81
149 115
150 164
151 194
152 36
152 100
152 108
153 2
153 60
153 166
154 192
156 44
156 203
157 2
157 39
157 199
159 132
160 1
160 2
160 25
160 45
160 64
160 115
160 164
162 57
162 73
162 74
163 25
163 133
163 136
163 207
164 5
164 36
164 43
164 65
164 114
164 128
165 16
165 48
165 205
165 208
167 142
168 4
168 18
168 27
168 72
168 119
168 131
168 208
169 0
169 28
169 236
170 65
170 68
170 128
170 131
170 232
171 130
172 144
172 213
173 142
174 154
175 19
175 82
176 68
176 97
176 180
176 192
176 195
176 196
177 37
178 2
179 64
180 89
180 129
182 1
182 72
183 40
183 64
184 21
184 66
185 9
185 88
186 113
187 9
189 50
190 5
191 4
191 189
191 227
192 2
192 8
192 40
192 80
192 100
192 140
192 146
193 26
193 34
193 38
193 68
193 133
194 4
194 9
194 18
194 29
194 198
195 39
195 56
195 66
195 201
197 4
197 11
197 76
197 160
198 0
198 16
198 194
199 6
199 24
199 46
199 145
200 49
200 132
200 193
200 196
201 54
202 0
202 12
202 25
202 36
202 131
203 5
203 18
203 20
203 224
204 56
205 8
205 179
206 6
208 13
208 146
209 18
209 43
210 36
210 95
210 110
210 171
211 67
211 132
211 137
211 168
212 8
212 65
212 147
212 154
213 13
213 36
214 233
216 2
216 28
216 89
216 148
217 64
218 22
218 23
219 65
220 224
220 240
221 145
224 28
224 39
224 58
224 96
225 96
228 2
228 49
228 129
228 200
230 12
232 134
232 136
233 6
233 71
233 138
234 6
234 50
234 66
234 78
234 197
235 18
235 139
237 248
238 32
240 34
241 8
242 4
242 97
243 45
243 133
244 44
244 56
245 165
246 33
246 249
248 65
249 68
250 2
251 16
251 146
254 85
