# Synthetic Kronecker Graph 
# Edges are directed 
0 5
0 9
0 14
0 16
0 22
0 36
0 44
0 45
0 77
0 131
0 136
0 149
0 152
0 176
0 177
0 180
0 186
0 211
0 272
0 386
0 420
0 424
0 449
0 512
0 529
0 553
0 648
0 965
1 0
1 4
1 33
1 39
1 96
1 108
1 128
1 136
1 150
1 157
1 210
1 256
1 268
1 273
1 281
1 323
1 357
1 377
1 512
1 521
1 556
1 617
1 672
1 769
2 23
2 33
2 81
2 267
2 290
2 297
2 331
2 358
2 459
2 544
2 616
2 649
2 835
2 958
3 12
3 21
3 32
3 58
3 290
3 392
3 425
3 807
4 1
4 26
4 35
4 37
4 51
4 64
4 99
4 100
4 112
4 185
4 260
4 296
4 466
4 477
4 512
4 514
4 549
4 576
4 588
4 608
4 649
4 722
5 0
5 6
5 67
5 278
5 512
5 520
5 673
5 896
6 11
6 29
6 37
6 147
6 520
6 626
6 688
6 771
7 152
7 200
7 265
7 313
7 322
7 400
7 649
7 925
8 1
8 49
8 113
8 208
8 272
8 274
8 323
8 330
8 361
8 521
8 548
8 704
8 769
8 865
9 10
9 73
9 136
9 161
9 181
9 272
9 333
9 591
9 662
9 717
10 9
10 144
10 259
10 784
11 7
11 56
11 71
11 96
11 289
12 0
12 8
12 16
12 192
12 284
12 322
12 395
12 464
12 552
12 640
12 684
12 780
13 5
13 33
13 66
13 106
13 196
13 352
13 546
13 576
13 641
13 838
14 146
14 322
14 496
15 3
15 262
15 828
16 6
16 16
16 17
16 18
16 53
16 56
16 58
16 116
16 233
16 385
16 404
16 411
16 570
17 14
17 21
17 32
17 83
17 267
17 276
17 307
17 320
17 323
17 392
17 464
17 512
17 515
17 523
17 608
17 636
18 25
18 80
18 96
18 101
18 137
18 250
18 276
18 416
18 559
18 608
18 770
18 815
18 944
19 281
19 384
19 437
19 459
19 528
19 613
19 714
19 837
19 946
20 2
20 167
20 179
20 217
20 224
20 270
20 525
20 597
20 640
20 720
20 778
20 916
21 16
21 64
21 95
21 104
21 288
21 295
21 391
21 619
21 709
21 962
22 4
22 152
22 197
22 261
22 320
22 544
22 548
23 48
23 112
23 297
23 391
23 392
23 402
23 840
24 0
24 9
24 11
24 34
24 52
24 60
24 136
24 177
24 194
24 204
24 258
24 268
24 293
24 323
24 404
24 444
24 485
24 507
24 568
24 615
25 8
25 20
25 76
25 272
25 273
25 390
25 600
25 624
25 916
25 922
26 0
26 230
26 265
26 268
26 548
26 709
26 740
27 88
27 153
27 480
27 549
27 676
28 19
28 22
28 30
28 81
28 131
28 148
28 320
28 350
28 516
28 520
28 545
28 577
28 595
28 781
28 832
29 0
29 6
29 18
29 115
29 337
29 392
29 400
30 65
30 161
30 400
30 478
30 896
31 54
31 385
32 50
32 393
32 464
32 642
32 897
32 1016
33 3
33 82
33 115
33 237
33 260
33 282
33 306
33 410
33 752
34 25
34 118
34 136
34 231
34 252
34 309
34 401
34 461
34 520
34 568
34 598
34 728
34 892
35 18
35 76
35 270
35 512
35 522
35 720
35 784
36 0
36 4
36 37
36 152
36 170
36 193
36 264
36 386
36 544
37 2
37 65
37 73
37 107
37 108
37 204
37 256
37 285
37 458
37 535
38 4
38 42
38 74
38 133
38 417
38 764
39 17
39 326
39 332
39 608
39 728
40 0
40 16
40 24
40 32
40 68
40 69
40 71
40 136
40 349
40 531
40 560
40 648
40 662
40 773
41 64
41 69
41 88
41 97
41 99
41 265
41 328
41 388
41 411
41 522
41 524
41 528
41 590
41 591
41 598
41 704
41 712
42 134
42 144
42 307
42 534
42 556
42 592
43 7
43 26
43 65
43 276
43 607
44 0
44 8
44 12
44 73
44 138
44 288
44 320
44 387
44 640
45 72
45 265
45 912
46 99
46 251
46 324
46 716
47 244
47 353
47 548
48 1
48 22
48 46
48 160
48 618
48 624
48 717
48 781
48 899
49 3
49 4
49 51
49 70
49 153
49 277
49 321
49 324
49 530
49 596
49 803
49 907
49 965
50 16
50 172
50 361
50 768
50 782
51 152
51 157
51 222
51 546
52 40
52 133
52 201
52 388
52 450
52 566
52 678
53 50
53 213
53 923
54 316
54 458
54 482
54 580
55 237
55 802
55 836
56 4
56 32
56 276
56 333
56 384
56 512
56 602
56 962
57 64
57 136
57 787
57 837
58 16
58 281
58 299
58 589
58 659
59 216
59 322
60 3
60 105
60 152
60 456
60 707
61 418
62 8
62 203
62 385
62 521
62 611
64 3
64 17
64 51
64 76
64 121
64 144
64 152
64 179
64 181
64 238
64 256
64 618
64 645
64 658
64 724
64 770
64 854
64 879
64 945
65 29
65 64
65 171
65 262
65 290
65 300
65 340
65 389
65 392
65 450
65 513
65 532
65 673
66 3
66 30
66 116
66 148
66 389
66 425
66 451
66 533
66 614
66 657
66 672
66 912
67 1
67 58
67 128
67 267
67 547
67 696
67 921
68 1
68 129
68 136
68 152
68 162
68 208
68 396
68 523
68 544
68 666
68 705
68 871
68 899
69 49
69 105
69 154
69 448
69 523
69 914
70 16
70 18
70 53
70 545
70 707
71 99
71 208
71 314
71 579
71 778
71 846
72 40
72 208
72 257
72 325
72 360
72 488
72 962
73 1
73 11
73 17
73 43
73 66
73 187
73 225
73 347
73 364
73 385
73 485
73 532
73 563
73 978
74 13
74 159
74 257
74 347
74 507
74 537
74 582
74 589
74 657
74 669
74 789
74 796
74 960
75 2
75 106
75 126
75 129
75 266
75 268
75 517
76 3
76 16
76 48
76 130
76 316
76 484
76 490
76 512
76 520
77 56
77 72
77 138
77 160
77 417
77 578
77 640
77 896
78 258
79 548
79 588
79 629
80 8
80 19
80 49
80 256
80 280
80 307
80 320
80 515
80 576
80 594
80 804
81 2
81 275
81 279
81 593
81 612
81 866
81 932
82 120
82 144
82 231
82 267
82 513
82 544
82 566
82 629
83 25
83 55
83 161
83 168
83 544
83 552
83 580
84 54
84 257
84 272
84 455
84 784
85 2
85 65
85 161
85 257
85 815
86 116
86 276
86 644
86 744
87 2
87 33
87 265
87 736
88 22
88 54
88 96
88 128
88 525
88 583
88 784
88 805
89 57
89 75
89 80
89 130
89 168
89 762
90 0
90 328
90 387
91 115
91 688
92 1
92 153
92 288
92 448
92 482
92 489
92 640
92 712
93 9
93 32
93 304
93 317
93 549
93 648
93 724
93 768
94 64
94 593
95 328
95 744
96 27
96 168
96 240
96 295
96 595
96 665
96 728
96 961
97 3
97 32
97 68
97 127
97 216
97 286
97 566
97 640
97 652
97 775
97 792
97 896
98 167
98 170
98 332
98 384
98 397
98 585
98 660
98 964
99 31
99 50
99 162
99 257
99 275
99 336
100 44
100 56
100 151
100 225
100 279
100 536
100 538
100 913
101 928
102 73
102 133
102 149
102 240
102 504
103 132
103 408
103 520
103 641
103 657
104 52
104 162
104 182
104 643
104 772
104 773
105 16
105 54
105 276
105 384
105 406
105 805
106 0
106 19
106 59
106 91
106 540
106 592
106 816
107 384
107 578
107 655
107 797
108 82
108 311
108 568
108 610
108 677
108 900
109 16
109 205
109 458
109 681
110 84
110 130
110 202
110 545
110 640
111 211
111 262
111 264
111 896
112 1
112 42
112 43
112 73
112 136
112 264
112 368
112 523
112 610
112 642
112 643
113 203
113 288
113 517
113 656
113 773
113 960
114 89
114 129
114 266
114 272
114 309
114 465
115 64
115 178
115 288
115 332
115 436
115 912
116 128
116 134
116 247
116 289
116 395
116 496
117 96
117 136
117 194
117 262
117 593
118 352
118 429
118 485
118 573
119 0
119 90
119 256
119 658
120 80
120 142
120 148
120 256
120 344
120 396
120 408
120 537
120 584
120 650
120 904
121 70
122 1
122 72
122 76
122 144
122 232
122 423
122 732
122 768
123 632
123 896
124 64
125 528
125 1014
126 33
126 541
126 642
127 6
127 282
128 11
128 24
128 114
128 206
128 241
128 388
128 422
128 528
128 544
128 548
128 689
128 747
129 2
129 68
129 227
129 272
129 302
129 373
129 416
129 530
129 578
129 687
129 804
129 844
129 994
130 136
130 138
130 256
130 268
130 312
130 690
130 913
131 4
131 83
131 451
131 550
131 720
132 42
132 66
132 74
132 80
132 88
132 136
132 168
132 269
132 402
132 538
132 578
132 585
132 642
132 797
132 945
133 22
133 91
133 339
133 425
133 562
133 582
134 1
134 45
134 441
134 603
134 643
134 807
134 981
135 236
135 276
135 393
135 591
135 854
136 144
136 163
136 193
136 211
136 292
136 308
136 321
136 385
136 542
136 625
136 809
137 1
137 7
137 85
137 322
137 329
137 348
137 519
137 648
137 709
137 927
138 59
138 168
138 840
138 1020
139 6
139 11
139 264
139 529
140 136
140 272
140 312
140 512
140 568
140 749
140 769
141 36
141 139
141 162
141 256
141 304
141 562
141 888
142 82
142 202
142 523
143 44
144 6
144 18
144 45
144 58
144 65
144 83
144 91
144 182
144 211
144 240
144 322
144 584
144 664
144 688
144 802
144 857
144 877
145 92
145 512
145 516
145 544
145 609
146 0
146 3
146 258
146 313
146 336
146 359
146 512
146 544
146 592
146 704
146 889
147 243
147 278
147 422
148 1
148 13
148 34
148 48
148 69
148 227
148 352
148 576
148 705
148 780
148 789
148 1021
149 47
149 48
149 582
149 770
150 0
150 20
150 482
150 645
150 728
151 356
151 768
152 0
152 1
152 24
152 300
152 323
152 344
152 514
152 532
152 578
152 640
152 776
152 788
152 896
153 66
153 131
153 142
153 223
153 256
153 338
153 368
154 296
154 421
154 532
155 525
155 640
155 963
155 978
156 16
156 58
156 525
157 321
157 393
157 517
157 770
158 77
158 705
158 788
159 0
159 41
159 690
160 3
160 8
160 13
160 16
160 100
160 107
160 112
160 113
160 147
160 203
160 320
160 327
160 339
160 344
160 436
160 800
160 801
160 827
160 1001
161 5
161 164
161 257
161 392
161 868
162 2
162 66
162 154
162 544
162 770
162 810
163 54
163 131
163 281
163 292
163 293
164 520
164 545
164 557
164 641
164 656
165 8
165 43
165 78
165 94
165 139
165 202
165 357
165 530
166 18
166 157
166 160
166 181
166 190
167 8
168 29
168 32
168 33
168 140
168 272
168 368
168 447
168 513
168 720
168 800
169 198
169 201
169 291
169 602
169 608
169 896
169 913
169 922
170 48
170 128
170 130
170 328
170 462
171 266
171 616
172 48
172 240
172 271
172 327
172 656
173 277
173 603
173 896
174 350
174 430
174 432
174 536
175 280
175 452
175 580
175 837
176 0
176 8
176 9
176 64
176 200
176 341
176 411
176 644
176 650
176 708
177 912
178 266
178 332
178 352
179 321
179 528
180 33
180 128
180 512
180 522
180 540
180 552
180 841
181 352
182 102
182 640
182 644
182 685
182 960
183 861
184 169
184 415
184 416
184 434
184 460
184 496
184 568
185 121
185 576
185 852
186 0
186 7
186 209
186 512
186 577
187 528
187 667
188 261
188 514
189 168
189 193
189 580
190 80
190 613
191 256
192 18
192 74
192 80
192 92
192 256
192 328
192 330
192 614
192 670
192 800
193 92
193 272
193 524
193 782
194 1
194 8
194 182
194 269
194 437
194 901
195 2
195 160
195 208
195 489
195 576
195 584
195 777
195 805
196 72
196 141
196 160
196 390
196 514
196 589
197 96
197 99
197 514
197 968
198 142
198 390
198 904
199 528
199 610
200 107
200 171
200 172
200 272
200 291
200 304
200 445
200 542
200 661
201 76
201 110
201 228
201 384
201 386
201 410
202 258
202 392
202 514
202 768
203 256
203 290
204 1
204 65
204 513
204 632
204 656
205 47
205 96
205 100
205 131
205 640
206 24
206 144
206 174
206 818
207 2
207 664
208 23
208 65
208 101
208 324
208 524
208 545
208 652
209 0
209 12
209 32
209 439
209 674
209 833
210 1
210 3
210 4
210 77
210 129
210 277
210 322
210 385
210 1011
211 19
211 133
212 74
212 299
212 568
212 646
212 817
213 98
213 137
213 257
213 592
213 776
214 4
214 12
214 771
215 9
215 81
215 449
215 567
216 13
216 33
216 35
216 643
216 783
217 38
217 73
218 3
218 45
218 353
218 514
218 532
219 164
219 695
220 292
220 542
220 803
221 12
221 824
222 8
222 282
222 933
222 936
223 668
224 5
224 20
224 56
224 89
224 144
224 185
224 260
224 464
225 17
225 40
225 513
225 619
225 652
225 873
226 13
226 26
226 292
226 390
226 674
227 400
227 634
227 648
228 0
228 23
228 66
228 803
229 21
229 22
229 32
229 60
229 432
229 817
230 28
231 932
232 33
232 296
232 546
232 547
232 1016
233 25
233 142
233 196
233 272
233 300
233 384
233 916
234 10
234 227
234 389
234 865
235 8
235 132
235 258
235 425
235 726
236 12
236 44
236 48
236 150
237 112
237 384
238 12
238 256
238 626
238 673
239 64
239 532
239 718
240 259
240 298
240 556
241 3
241 270
241 526
242 58
242 96
242 609
242 656
242 772
243 104
243 267
245 146
245 149
245 565
245 569
245 656
246 87
246 833
248 9
248 256
248 324
249 89
249 284
249 322
250 1
250 8
250 758
252 19
252 512
252 690
254 25
255 67
255 325
256 10
256 65
256 75
256 76
256 133
256 136
256 264
256 269
256 312
256 386
256 406
256 455
256 488
256 527
256 552
256 576
256 612
256 769
256 806
256 816
256 828
257 1
257 24
257 264
257 489
257 516
257 520
257 770
257 788
257 844
258 2
258 8
258 17
258 52
258 64
258 130
258 168
258 176
258 280
258 387
258 417
258 529
258 564
258 665
258 808
259 25
259 99
259 259
259 345
259 576
259 760
259 912
260 38
260 41
260 64
260 80
260 96
260 229
260 384
260 408
260 516
260 538
260 807
260 961
261 1
261 55
261 154
261 194
261 210
261 308
261 516
261 553
261 784
261 878
262 2
262 32
262 33
262 141
262 182
262 650
263 181
263 280
263 315
263 570
263 772
264 76
264 91
264 104
264 308
264 390
264 409
264 431
264 610
264 696
265 32
265 84
265 292
265 342
265 582
265 640
266 0
266 4
266 22
266 52
266 258
266 376
266 512
266 605
266 649
266 800
266 815
267 11
267 224
268 6
268 21
268 44
268 68
268 100
268 133
268 209
268 257
268 650
268 746
269 211
269 214
269 260
270 164
270 456
270 646
271 73
271 917
272 18
272 76
272 128
272 241
272 257
272 266
272 268
272 392
272 515
272 577
273 8
273 80
273 388
273 389
273 624
273 787
274 104
274 130
274 524
274 630
274 736
276 2
276 41
276 128
276 368
276 849
277 69
277 112
277 776
278 0
278 28
278 128
278 144
278 354
278 528
278 545
278 640
278 945
279 34
279 387
279 569
280 32
280 256
280 448
280 940
281 18
281 165
282 7
282 24
282 76
282 271
282 288
282 419
282 540
282 995
283 136
283 152
283 160
283 675
283 981
284 50
284 119
284 604
284 796
284 1011
285 79
285 330
285 392
285 464
286 284
286 340
286 348
286 704
287 132
287 256
287 605
287 634
287 896
288 34
288 52
288 338
288 409
288 530
288 544
288 597
288 783
288 1021
289 129
289 274
289 304
289 390
289 400
289 416
289 653
289 807
290 8
290 136
290 168
290 290
290 564
290 634
290 660
290 896
291 73
291 139
291 162
291 203
291 263
291 310
291 368
292 59
292 64
292 86
292 137
292 141
292 484
293 106
294 35
294 48
294 72
294 148
295 57
296 15
296 104
296 154
296 168
296 174
296 178
296 235
296 444
297 49
297 196
297 433
297 513
297 561
297 588
297 616
298 20
298 99
298 194
298 321
298 610
298 661
298 677
299 156
299 657
300 512
300 521
301 1
301 48
301 324
302 273
303 0
303 8
303 24
304 0
304 16
304 22
304 144
304 247
304 512
305 66
305 276
305 292
305 347
305 364
305 521
306 92
306 261
306 271
306 540
306 973
307 34
307 68
307 362
307 498
308 47
308 64
308 100
308 604
308 688
309 25
309 168
309 195
309 804
310 37
310 600
310 684
311 292
311 336
311 680
312 32
312 66
312 128
312 272
313 138
313 552
314 19
314 256
314 288
314 521
315 193
315 256
315 500
316 139
316 586
316 802
317 27
317 186
317 711
317 964
318 544
318 644
318 818
318 882
319 7
320 0
320 2
320 84
320 272
320 381
320 533
320 554
320 620
320 642
320 650
320 712
320 777
321 112
321 157
321 168
321 296
321 513
321 618
321 620
321 678
321 860
322 3
322 259
322 544
322 645
322 658
322 679
322 782
322 803
323 64
323 76
323 87
323 192
323 217
323 514
323 822
323 900
324 6
324 188
324 417
324 426
324 512
324 657
324 715
324 769
325 256
325 264
325 626
326 2
326 28
326 64
326 133
326 641
327 5
327 104
327 106
327 149
327 544
328 7
328 127
328 128
328 257
328 538
328 788
329 10
329 384
329 684
329 769
329 824
330 20
330 552
330 760
331 12
332 16
332 64
332 135
332 216
332 432
333 8
333 152
333 590
333 913
334 145
335 117
335 565
336 264
336 280
336 552
336 618
336 624
336 700
337 166
337 198
337 231
337 322
337 469
337 596
338 7
338 147
338 385
338 465
338 518
338 569
338 769
338 908
339 194
339 217
339 392
339 561
340 80
340 384
340 584
340 701
340 920
341 21
341 194
341 332
341 779
341 979
342 120
342 171
342 228
342 705
343 16
343 40
343 136
343 256
343 300
344 0
344 4
344 901
345 528
346 20
346 100
346 128
346 218
346 964
347 100
348 290
348 513
349 0
349 78
349 658
349 768
350 68
350 94
350 106
352 0
352 6
352 66
352 174
352 355
352 512
352 513
352 547
352 582
352 962
353 9
353 192
353 200
353 239
353 269
353 515
353 524
353 544
353 768
354 46
354 75
354 97
354 199
354 300
354 320
354 402
354 452
354 675
355 2
355 192
355 528
356 4
356 78
357 387
357 576
358 27
358 439
358 519
359 6
359 784
360 0
360 64
360 320
360 640
360 712
361 12
361 162
361 192
361 198
361 336
361 834
362 12
362 184
362 268
362 352
362 832
363 81
363 97
364 54
364 320
364 616
365 581
366 257
366 549
366 738
367 549
368 549
368 682
368 770
368 992
369 2
369 46
369 197
369 644
370 6
370 136
370 279
370 717
371 169
371 292
371 466
372 76
372 160
374 65
375 713
376 64
376 300
376 540
377 13
377 648
378 3
379 6
379 570
380 752
381 111
381 954
382 23
383 227
383 290
384 0
384 98
384 122
384 128
384 195
384 256
384 284
384 326
384 358
384 468
384 521
384 560
384 594
384 626
384 782
385 65
385 92
385 324
385 400
385 450
385 589
385 706
385 722
385 802
386 96
386 269
386 404
387 9
387 25
387 128
387 293
387 459
387 586
387 645
387 754
387 953
387 964
388 65
388 72
388 368
388 465
388 512
388 548
388 781
389 144
389 279
389 517
389 615
389 801
389 902
390 35
390 40
390 385
390 660
390 825
391 128
392 148
392 230
392 292
392 577
393 132
393 376
393 513
393 517
394 1
394 21
394 22
394 107
394 304
394 400
394 480
394 551
394 912
395 1
395 49
395 548
395 662
395 743
395 801
396 710
396 724
396 802
397 89
397 130
397 281
397 514
397 805
398 40
398 83
398 516
398 592
399 0
399 513
399 560
399 693
400 53
400 94
400 192
400 200
400 257
400 392
401 31
401 49
401 464
401 560
401 582
403 103
404 3
404 16
404 20
404 34
404 268
404 632
405 32
405 163
405 341
406 1
406 768
407 528
408 40
408 84
408 284
408 322
408 542
408 577
409 64
409 78
409 290
410 34
410 51
410 677
410 800
411 24
411 80
411 132
411 980
412 33
412 44
412 933
414 10
414 96
414 719
414 819
415 656
416 11
416 12
416 24
416 184
416 226
416 301
416 419
416 500
416 558
416 798
417 6
417 16
417 64
417 352
417 512
417 531
417 648
417 903
417 914
418 37
418 44
418 284
418 640
418 909
418 933
419 36
419 134
419 238
419 780
419 843
420 11
420 32
420 37
420 256
421 1
421 24
421 274
421 596
421 656
421 712
421 800
422 288
422 321
422 432
423 144
424 20
424 70
424 601
424 614
424 696
424 778
424 930
424 938
425 514
425 837
426 112
426 209
426 662
426 868
428 1
428 330
428 424
428 512
428 560
428 725
428 834
429 304
429 385
430 3
430 161
430 274
430 418
432 50
432 320
432 392
432 529
432 835
433 584
434 144
434 513
434 561
434 768
434 776
434 819
435 362
435 576
435 992
436 296
436 576
437 144
437 160
438 48
438 373
440 20
440 408
440 704
441 6
441 325
442 33
442 70
442 134
443 80
444 307
445 16
445 242
446 32
446 769
448 5
448 10
448 67
448 192
448 194
448 197
448 448
448 624
448 865
448 985
449 17
449 68
449 90
449 136
449 260
449 364
449 784
450 256
450 698
451 16
451 108
451 322
451 428
451 703
452 2
452 8
452 144
452 770
452 906
453 48
453 538
454 276
454 332
455 640
455 665
455 768
456 136
456 530
457 8
457 232
457 465
458 8
458 10
458 12
458 57
459 36
459 539
459 645
460 37
460 80
460 217
460 731
462 66
462 534
462 589
463 632
464 82
464 129
464 450
464 517
464 650
465 619
465 903
466 66
466 129
466 321
466 550
466 820
467 73
467 172
467 392
467 520
467 552
468 43
468 66
468 320
469 12
469 283
469 512
469 560
470 34
470 136
470 280
470 640
470 788
472 64
472 578
472 684
473 140
473 402
473 528
474 264
475 26
475 75
475 326
476 252
476 595
477 65
477 89
477 582
478 8
478 698
479 7
480 18
480 40
480 51
480 765
481 48
481 256
481 549
481 619
482 781
483 120
483 818
485 282
485 423
486 76
486 513
488 29
490 709
491 9
491 416
492 96
494 665
495 19
496 257
496 260
496 518
498 176
498 512
498 522
498 1006
499 580
499 682
499 753
499 792
500 9
501 26
501 194
501 434
501 528
501 673
502 193
502 770
504 101
504 468
505 200
505 714
507 280
508 340
508 646
510 168
511 53
512 1
512 5
512 11
512 58
512 96
512 131
512 165
512 193
512 258
512 292
512 296
512 341
512 419
512 517
512 524
512 547
512 625
512 849
512 914
512 992
513 2
513 11
513 12
513 35
513 74
513 99
513 138
513 144
513 267
513 322
513 451
513 492
513 514
513 519
513 707
513 788
514 15
514 36
514 47
514 84
514 132
514 141
514 178
514 424
514 522
514 532
514 533
514 777
515 34
515 161
515 292
515 380
516 26
516 50
516 59
516 65
516 72
516 96
516 102
516 129
516 139
516 291
516 392
516 817
517 32
517 35
517 66
517 136
517 176
517 335
517 581
517 681
518 133
518 161
518 280
518 365
518 514
518 528
518 649
518 740
518 800
518 912
519 81
519 125
519 144
519 225
519 552
520 4
520 14
520 38
520 140
520 142
520 149
520 160
520 279
520 305
520 328
520 378
520 460
520 468
520 598
520 643
520 684
520 776
520 779
520 916
521 40
521 171
521 385
521 428
521 576
521 860
522 0
522 16
522 68
522 82
522 138
522 356
522 516
522 561
523 38
523 61
523 106
523 256
523 596
523 896
523 939
524 36
524 132
524 192
524 365
524 440
524 697
524 904
525 37
525 388
525 439
525 516
525 616
526 49
526 76
526 114
526 213
526 392
526 483
526 592
527 80
527 101
527 312
528 6
528 45
528 77
528 512
528 587
528 611
528 816
529 7
529 38
529 238
529 544
529 816
529 877
530 12
530 258
530 269
530 446
530 516
530 666
530 787
531 4
531 157
531 293
531 337
531 344
531 518
531 963
532 22
532 37
532 74
532 111
532 149
532 301
532 360
532 515
533 243
533 295
533 387
533 451
534 76
534 88
534 113
534 512
534 597
534 894
535 4
535 145
535 416
535 548
535 705
536 33
536 299
536 759
536 896
537 203
537 320
537 705
537 768
538 274
538 538
538 705
538 912
539 673
539 938
540 538
541 214
541 689
542 88
542 525
543 81
544 4
544 18
544 36
544 37
544 64
544 66
544 81
544 144
544 221
544 226
544 304
544 435
544 464
544 556
544 778
545 3
545 20
545 24
545 71
545 76
545 182
545 372
545 517
545 578
545 691
545 848
545 964
546 10
546 64
546 143
546 479
546 578
546 930
547 268
547 439
548 2
548 18
548 20
548 22
548 29
548 129
548 136
548 271
548 305
548 418
548 436
548 528
548 594
548 608
548 644
548 648
549 81
549 124
549 784
549 912
550 14
550 159
550 176
550 248
550 256
550 290
550 346
550 757
550 799
551 56
551 958
552 115
552 256
552 509
552 516
552 922
553 67
553 163
553 304
553 336
553 356
553 389
553 533
553 622
553 708
553 898
554 22
554 66
554 97
554 368
554 473
554 512
554 623
554 708
555 26
555 161
555 420
556 1
556 86
556 140
556 225
556 229
556 341
556 656
556 657
556 910
557 0
557 650
558 0
558 128
558 358
558 517
559 8
559 261
560 41
560 67
560 153
560 214
560 307
560 390
560 452
560 689
560 823
560 856
560 877
561 516
561 651
561 769
562 4
562 22
562 534
563 120
563 260
563 267
563 549
563 878
564 0
564 173
564 264
564 388
565 60
565 274
565 424
565 645
565 792
565 953
566 7
566 259
566 416
566 596
568 0
568 6
568 76
568 166
568 277
568 410
568 614
568 643
568 650
569 320
569 559
570 69
570 100
570 275
571 97
571 209
571 512
573 310
573 546
573 653
573 770
574 312
574 570
574 601
575 22
575 466
576 33
576 256
576 337
576 456
576 472
576 524
576 529
576 568
576 625
577 274
577 293
577 311
577 481
577 557
577 688
577 905
578 24
578 259
578 273
578 330
578 675
579 0
579 8
579 27
579 98
579 151
579 292
579 612
579 832
580 40
580 88
580 271
580 572
580 738
580 929
581 0
581 550
581 634
581 779
582 22
582 35
582 120
582 129
582 681
583 17
583 203
583 309
584 11
584 32
584 121
584 145
584 176
584 195
584 320
584 531
584 848
584 932
585 4
585 24
585 42
585 140
585 840
585 938
586 76
586 470
586 512
586 745
587 308
587 356
587 649
587 674
588 34
588 244
588 788
588 816
588 1020
589 80
589 224
589 276
590 264
590 504
590 642
590 948
591 484
592 41
592 160
592 180
592 332
592 360
592 722
592 933
593 12
593 40
593 52
593 200
593 648
594 256
595 17
595 256
597 841
598 132
598 514
598 535
598 645
600 279
600 291
600 512
600 660
600 842
601 66
601 130
601 585
602 774
603 404
603 577
605 0
605 305
606 710
607 259
608 11
608 48
608 100
608 154
608 197
608 209
608 233
608 355
608 514
608 720
609 129
609 320
609 576
609 729
609 737
609 787
610 0
610 799
610 818
611 18
611 84
611 532
612 156
612 227
612 275
612 544
613 162
613 321
613 856
614 44
614 122
614 280
614 673
614 736
615 544
616 192
616 194
616 302
616 784
617 34
617 76
617 526
618 12
618 108
618 137
618 411
618 652
619 16
619 311
619 342
620 58
620 420
622 146
623 12
623 519
623 939
624 7
624 40
624 128
624 337
624 680
624 834
624 845
626 386
626 772
627 34
627 517
627 641
628 296
628 360
628 534
628 601
630 144
632 68
632 585
632 710
633 0
633 545
634 85
634 152
635 17
635 66
635 114
635 356
636 330
637 580
638 96
638 263
639 680
640 25
640 52
640 143
640 277
640 282
640 390
640 404
640 848
640 889
640 962
641 404
641 688
642 0
642 21
642 24
642 72
642 89
642 274
642 304
642 841
643 131
643 200
643 266
643 834
643 874
644 39
644 57
644 193
644 234
644 258
644 264
644 540
644 778
645 15
645 128
645 172
645 276
645 384
645 646
646 0
646 36
646 260
646 276
646 520
646 649
646 869
647 528
647 665
647 840
648 16
648 27
648 54
648 66
648 176
648 192
648 352
648 392
648 519
648 524
648 572
648 848
649 66
649 100
649 348
650 49
650 360
650 468
650 736
650 801
651 65
651 248
651 448
652 66
652 128
652 630
652 870
652 905
653 139
654 24
654 56
654 74
654 378
654 449
655 0
655 290
655 533
656 28
656 138
656 272
656 347
656 355
656 410
656 570
656 940
657 227
657 475
657 512
657 532
657 544
657 573
657 880
658 3
658 195
658 262
658 552
658 646
659 36
659 224
659 265
659 523
660 0
660 17
660 66
660 113
660 522
660 720
661 118
661 119
661 456
662 189
662 193
662 262
662 780
663 16
663 144
663 199
663 708
663 880
664 12
664 17
664 96
664 164
664 259
664 261
664 552
664 658
664 771
665 776
665 865
666 40
666 51
666 160
666 166
666 820
667 286
668 19
668 544
670 96
670 376
670 611
671 48
671 552
672 89
672 593
672 637
673 4
673 68
673 153
673 172
673 400
673 512
673 871
673 914
674 11
674 128
674 256
674 648
674 714
674 794
675 990
676 10
676 128
676 418
676 713
677 44
677 392
677 961
678 1
678 256
678 300
678 951
679 410
679 529
679 571
680 0
680 20
680 52
680 219
680 232
680 289
680 392
680 770
681 33
681 62
681 270
681 272
681 581
682 93
682 100
682 130
682 322
683 301
683 344
683 736
684 83
684 128
684 133
684 522
684 587
684 592
685 1
685 768
686 34
686 570
686 599
687 16
688 108
688 302
688 390
688 546
688 584
689 24
689 145
689 922
690 28
690 55
690 56
691 454
692 4
692 88
692 168
692 224
692 254
692 464
693 274
693 322
693 536
694 453
695 12
695 164
696 7
696 70
696 587
696 807
696 890
697 824
698 416
698 858
699 320
702 280
703 291
703 546
704 5
704 18
704 88
704 194
704 471
704 899
705 65
705 193
705 512
706 7
706 21
706 322
706 352
706 374
706 539
706 618
706 884
708 42
708 230
708 321
708 348
708 643
708 768
708 834
709 9
709 390
709 840
710 977
711 520
711 634
712 516
713 109
714 16
714 67
714 134
714 494
714 792
715 24
715 364
716 134
716 284
716 304
718 258
718 259
718 549
718 851
719 85
719 232
720 172
720 296
720 423
720 520
721 34
721 186
721 649
722 9
723 132
723 163
723 449
723 809
724 22
724 32
724 305
724 396
724 402
725 88
725 448
727 546
728 878
729 645
729 970
730 17
730 128
730 648
731 836
732 307
732 428
732 739
736 2
736 81
736 145
736 265
736 434
737 26
738 51
738 88
738 582
739 160
740 17
740 66
740 272
740 321
741 16
741 531
741 898
742 552
742 936
744 1
744 22
744 298
744 842
746 340
747 398
748 779
749 101
749 613
750 38
750 896
752 7
752 16
752 70
752 269
753 36
753 70
753 288
753 578
754 2
754 788
754 964
756 549
759 512
760 152
763 386
764 398
765 73
768 3
768 11
768 64
768 66
768 161
768 261
768 384
768 642
768 705
768 785
769 19
769 21
769 290
769 718
769 738
769 800
769 882
769 884
770 6
770 52
770 54
770 192
771 21
771 26
771 44
771 65
771 68
771 128
771 129
771 232
771 237
771 382
771 472
771 548
772 3
772 45
772 66
772 75
772 90
772 95
772 225
772 447
772 641
772 657
773 8
773 13
773 144
773 272
773 513
773 524
773 531
774 38
774 312
774 680
774 800
774 801
775 0
775 512
776 65
776 95
776 385
776 848
777 256
777 514
778 327
778 900
779 37
779 196
780 36
780 130
780 309
780 548
780 566
781 204
781 236
782 0
782 228
782 280
782 616
783 8
784 6
784 225
784 256
784 264
784 339
784 410
784 608
785 7
785 31
785 69
785 320
786 90
786 104
786 133
786 204
786 548
787 42
788 1
788 2
788 3
788 4
788 37
788 372
788 422
789 68
789 393
789 580
790 5
791 388
791 634
791 793
792 5
792 89
792 134
792 240
792 373
792 464
792 486
792 637
792 651
793 8
793 513
794 260
796 48
796 358
797 194
798 104
798 116
798 325
798 468
798 522
798 794
799 123
800 16
800 66
800 161
800 319
800 385
800 406
800 450
800 586
800 689
800 928
801 41
801 56
801 520
801 526
802 336
802 393
802 424
802 516
803 49
803 128
803 153
803 194
803 287
804 680
805 80
805 192
805 368
805 522
805 960
806 1
806 75
806 212
806 381
806 384
806 449
806 610
807 14
808 25
808 26
808 88
808 92
808 129
808 294
808 826
809 40
809 156
809 492
809 660
810 117
810 172
810 481
810 545
810 601
811 85
811 132
812 274
812 384
812 513
812 773
812 916
812 929
813 139
813 171
813 177
813 256
813 592
813 618
814 740
816 8
816 80
816 353
817 71
817 259
817 271
818 96
818 320
819 42
819 201
819 789
820 130
820 226
820 256
820 368
820 426
820 897
821 16
821 128
821 224
821 384
822 128
822 457
822 963
823 517
824 233
824 664
824 822
825 560
826 330
826 778
828 544
828 736
829 421
830 19
832 78
832 213
832 226
832 401
832 520
832 529
832 643
832 768
832 860
833 96
833 322
833 794
834 197
834 386
834 547
835 104
835 112
835 132
835 290
835 704
836 257
836 648
837 325
837 425
837 609
837 898
838 122
838 187
838 946
839 432
840 11
840 18
840 56
840 64
840 128
840 166
840 325
841 42
841 45
841 512
841 558
842 1
842 25
842 151
842 163
842 197
842 216
843 20
843 521
844 80
844 184
844 520
846 640
847 624
848 14
848 16
848 18
848 224
848 549
849 258
849 260
849 261
849 426
850 2
850 9
850 32
850 68
850 193
850 278
850 376
850 546
851 66
851 89
852 25
852 288
852 516
853 194
854 264
855 192
855 368
856 281
856 352
856 563
856 569
856 632
857 293
859 164
859 177
859 204
860 92
860 514
860 544
863 88
864 0
864 288
864 776
865 48
865 778
866 16
866 256
866 632
866 772
867 100
867 108
867 273
867 274
868 103
868 158
868 311
868 322
868 368
868 723
870 25
870 69
871 64
871 262
872 113
872 402
872 864
873 129
873 336
874 1
874 698
875 514
875 552
875 920
876 515
876 650
877 177
878 669
879 304
879 385
880 739
881 530
882 237
882 659
884 135
884 730
885 16
885 64
886 34
886 138
886 652
887 73
887 610
888 21
888 267
888 772
889 136
889 610
890 82
890 273
890 329
890 640
892 514
892 928
894 36
894 38
894 80
896 41
896 104
896 166
896 450
896 517
896 770
896 916
897 2
897 8
897 24
897 119
897 132
897 273
897 312
897 399
898 128
898 129
898 201
898 352
898 403
899 136
900 0
900 50
900 85
900 301
900 546
900 547
900 692
901 593
901 613
901 994
902 33
903 400
904 64
904 153
904 158
904 528
904 584
904 681
905 182
905 529
906 272
906 512
906 588
908 24
908 773
908 788
909 18
909 577
909 785
910 96
910 961
912 30
912 673
912 715
913 5
913 66
913 314
914 320
914 536
915 259
915 533
915 561
916 116
916 768
916 812
917 328
917 527
918 82
918 128
918 288
918 456
919 345
920 514
920 672
920 742
921 21
921 91
922 98
922 577
924 676
925 39
925 837
926 779
927 164
927 450
928 44
928 541
928 578
929 97
929 277
930 258
930 301
931 132
932 2
932 33
932 325
932 640
932 783
933 8
934 36
934 146
934 313
934 354
934 380
934 613
934 649
936 280
936 564
936 714
937 17
937 507
938 34
939 904
940 33
941 21
942 69
942 208
942 576
942 900
943 643
943 930
944 67
944 155
945 10
945 145
945 264
945 386
946 36
946 139
947 103
948 23
948 45
948 528
949 208
950 603
950 772
951 160
952 86
952 205
953 388
953 792
954 280
955 652
956 65
957 146
957 242
960 8
960 20
960 296
960 785
960 854
961 517
961 544
962 388
963 6
963 650
964 142
964 955
965 17
965 132
968 4
968 8
968 288
968 691
968 916
969 387
969 537
970 32
970 40
970 61
970 544
970 673
971 800
973 192
975 154
976 69
976 256
976 500
976 908
977 1
977 6
977 24
977 83
977 195
977 601
980 7
980 24
980 335
981 275
981 747
981 905
982 329
982 339
983 29
983 78
984 72
984 390
985 1
986 141
986 279
986 592
987 463
987 544
988 49
988 386
989 524
992 66
992 804
993 18
993 129
993 156
993 544
994 2
994 73
994 97
994 518
995 136
996 196
997 769
998 516
1000 650
1002 737
1004 548
1006 148
1006 417
1008 11
1008 252
1008 384
1009 112
1009 338
1009 804
1012 335
1012 778
1013 17
1013 62
1013 536
1013 598
1014 984
1015 538
1016 784
1017 131
1017 528
1017 640
1017 931
1018 206
1020 585
1020 742
1020 873
1021 259
1021 1004
1022 134
