# Synthetic Kronecker Graph 
# Edges are directed 
0 8
0 12
0 13
0 19
0 52
0 54
0 145
0 164
0 174
0 181
0 188
0 210
0 235
0 240
0 257
0 320
0 389
0 507
1 10
1 45
1 60
1 72
1 94
1 96
1 136
1 166
1 280
1 294
1 346
1 417
1 429
2 0
2 4
2 15
2 20
2 34
2 40
2 58
2 64
2 92
2 130
2 153
2 218
2 224
2 256
2 264
2 289
2 292
2 301
2 321
2 328
2 342
3 5
3 96
3 128
3 146
3 247
3 258
3 274
3 289
3 355
3 480
3 487
4 33
4 72
4 75
4 220
4 333
4 399
4 402
4 443
4 452
4 472
5 10
5 49
5 186
5 257
5 276
5 356
5 457
6 16
6 17
6 134
6 148
6 168
6 192
6 340
7 2
7 148
7 463
7 472
8 0
8 65
8 80
8 97
8 104
8 128
8 138
8 153
8 192
8 272
8 278
8 279
8 301
8 304
8 314
8 423
9 20
9 36
9 80
9 348
9 365
9 408
10 36
10 43
10 64
10 258
10 285
10 306
11 0
11 33
11 36
11 112
11 128
11 136
11 479
12 10
12 21
12 48
12 80
12 264
12 340
12 496
13 4
13 68
13 172
13 193
14 8
14 86
14 193
14 210
14 230
14 292
14 427
15 2
15 119
15 202
15 394
15 464
16 8
16 24
16 65
16 87
16 88
16 113
16 128
16 129
16 137
16 256
16 286
16 305
16 333
16 339
16 356
16 361
16 382
16 385
17 17
17 69
17 160
17 224
17 264
17 292
17 388
18 2
18 12
18 13
18 32
18 56
18 57
18 264
18 292
18 416
18 428
19 1
19 2
19 129
19 193
19 327
19 346
20 5
20 8
20 152
20 192
20 195
20 199
20 270
20 281
20 311
20 390
20 460
21 144
21 262
21 385
22 0
22 5
22 7
22 24
22 33
22 91
22 208
22 258
23 0
23 52
23 348
23 413
24 1
24 4
24 65
24 197
24 321
24 455
25 8
25 166
25 178
25 190
25 418
26 0
26 4
26 53
26 117
26 136
26 176
26 232
26 334
27 16
27 294
28 18
28 112
28 288
28 428
28 474
29 1
29 32
29 82
29 262
30 16
30 44
30 353
31 86
31 439
32 10
32 20
32 64
32 68
32 121
32 162
32 204
32 228
32 333
32 340
32 402
32 419
32 452
33 2
33 6
33 9
33 18
33 64
33 65
33 66
33 107
33 148
33 256
33 273
33 394
34 0
34 4
34 9
34 21
34 52
34 78
34 144
34 156
34 194
34 208
34 212
34 226
35 9
35 70
35 249
35 281
35 346
35 368
36 18
36 32
36 70
36 132
36 241
36 250
36 252
36 354
37 17
37 278
37 320
38 226
38 471
39 8
39 403
40 21
40 28
40 114
40 130
40 152
40 159
40 168
40 266
40 321
40 336
40 448
41 26
41 68
41 91
41 114
41 192
42 144
42 280
43 264
43 300
44 50
44 52
44 368
44 500
45 72
45 200
45 210
46 48
46 72
47 65
47 240
48 12
48 27
48 52
48 130
48 136
48 353
49 0
49 129
49 132
50 4
50 129
50 266
50 339
51 128
51 317
52 7
52 8
52 68
52 256
52 304
52 370
52 497
53 150
54 19
54 160
54 192
54 212
55 1
55 80
55 274
55 282
56 45
56 60
56 144
56 265
56 338
57 2
57 293
58 128
58 144
58 172
58 432
59 1
59 321
60 131
60 225
61 72
62 1
62 132
63 229
64 15
64 17
64 55
64 66
64 69
64 82
64 128
64 137
64 180
64 186
64 301
64 344
64 368
65 129
65 141
65 411
66 2
66 86
67 0
67 20
67 36
67 48
67 168
67 194
68 2
68 48
68 82
68 129
68 148
68 160
68 345
68 361
69 153
69 174
69 223
69 306
69 481
70 4
70 32
70 40
70 65
70 90
70 149
70 153
70 208
70 288
72 21
72 35
72 170
72 266
72 268
72 410
73 9
73 256
73 421
73 444
73 504
74 16
74 19
74 40
74 132
74 134
74 192
74 262
74 393
75 26
75 64
75 123
75 164
75 198
76 4
76 18
76 64
76 192
76 291
77 137
78 12
78 144
78 160
78 325
79 64
79 299
80 20
80 35
80 46
80 124
80 128
80 133
80 136
80 165
80 168
80 208
80 276
80 356
80 432
81 4
81 9
81 24
81 64
81 116
81 123
81 137
81 322
81 326
82 1
82 4
82 128
82 144
82 153
82 268
83 37
83 149
84 27
84 32
84 146
84 208
84 274
84 288
84 292
85 154
85 289
85 388
86 4
86 16
86 142
86 295
87 1
87 124
88 314
88 386
88 398
88 418
88 448
89 72
89 320
90 2
90 160
90 258
90 288
90 424
91 1
91 144
91 225
91 314
92 20
92 152
92 164
92 332
93 18
93 182
94 318
95 12
95 295
95 497
96 4
96 64
96 128
96 134
96 196
97 6
97 104
97 138
97 288
97 464
98 12
98 35
98 124
98 256
98 259
98 426
99 266
100 16
100 258
100 272
102 136
102 264
102 478
104 36
104 96
104 420
104 424
105 0
106 150
106 160
106 384
107 121
107 205
107 284
108 0
108 27
108 132
108 169
109 41
109 139
109 349
109 382
110 67
110 330
110 406
111 137
111 369
112 88
112 210
112 459
113 76
113 320
113 387
114 60
114 134
114 136
114 224
114 260
114 449
115 36
115 208
115 297
116 24
116 31
116 39
116 107
116 161
116 328
116 470
117 0
117 342
119 5
119 41
120 52
120 69
120 91
120 215
120 288
122 72
122 81
125 267
127 477
128 9
128 10
128 51
128 139
128 144
128 201
128 256
128 360
128 386
128 433
129 2
129 38
129 120
129 128
129 129
129 432
130 7
130 21
130 24
130 68
130 128
130 281
131 4
131 8
131 33
131 128
131 272
131 368
132 2
132 41
132 73
132 100
132 213
132 244
132 293
132 329
132 342
132 406
133 10
133 136
133 280
133 402
134 2
134 128
134 275
134 327
134 361
135 13
135 27
135 125
135 149
135 409
136 8
136 17
136 25
136 30
136 48
136 65
136 66
136 81
136 157
136 246
136 256
136 260
136 289
136 307
136 334
136 419
136 433
137 2
137 3
137 11
137 176
137 240
137 376
137 396
138 4
139 98
139 162
139 315
139 332
140 37
140 38
140 54
140 104
140 145
140 330
140 384
141 192
141 293
142 45
142 84
142 238
143 11
143 68
143 386
144 20
144 37
144 52
144 53
144 78
144 129
144 259
144 384
144 410
145 8
145 48
145 105
145 140
145 178
145 261
145 440
146 53
146 134
146 264
147 2
147 64
147 96
147 149
147 297
147 329
148 50
148 128
148 160
148 212
148 380
149 0
150 15
150 276
151 257
151 384
151 430
151 437
151 448
152 96
152 141
152 281
152 388
152 411
152 456
153 37
153 81
153 97
153 130
153 149
153 202
153 274
153 279
153 328
154 7
154 97
155 6
156 7
156 202
157 257
157 322
157 326
158 5
158 8
158 89
158 96
158 122
158 473
159 104
159 177
159 292
160 0
160 1
160 130
160 227
160 268
160 289
160 320
161 200
161 281
161 292
162 84
162 116
162 160
162 174
162 193
162 389
162 396
163 12
163 34
163 37
163 203
163 241
164 6
164 210
164 468
165 35
165 129
165 300
165 336
166 299
166 323
166 393
167 18
168 0
168 68
168 186
168 202
168 256
168 341
168 394
168 405
171 50
171 400
173 284
174 255
174 366
175 377
176 4
176 7
176 144
176 271
176 329
176 356
176 365
177 9
177 192
178 84
178 119
178 166
178 256
178 337
178 408
179 0
179 64
179 83
179 140
179 269
180 20
180 232
180 256
180 288
181 205
181 260
181 263
182 13
182 257
183 266
183 284
183 417
184 163
184 360
185 2
185 246
185 269
185 396
186 152
186 168
186 265
187 216
188 10
188 49
188 152
188 268
188 327
189 38
189 75
190 64
191 13
192 1
192 4
192 70
192 88
192 259
192 280
192 368
193 1
193 322
195 310
195 440
196 32
196 133
196 162
196 302
196 306
196 417
197 20
197 34
197 66
197 80
197 260
197 262
197 320
197 492
198 300
199 45
199 243
199 260
199 333
200 35
200 184
200 258
200 288
200 450
201 466
202 4
202 5
202 76
202 435
203 194
204 58
204 98
204 140
205 10
205 146
205 276
206 63
206 139
206 146
206 205
206 475
207 1
208 1
208 56
208 68
208 136
209 0
209 148
209 256
209 282
210 260
210 365
211 32
211 480
212 32
212 136
213 34
213 41
213 135
213 392
213 409
214 8
214 75
214 292
216 38
216 60
216 358
217 65
217 74
217 147
217 336
217 417
218 38
218 79
218 101
219 64
219 353
220 4
220 62
220 192
220 283
221 136
221 250
222 4
222 5
223 12
223 14
224 27
224 301
225 6
226 272
226 329
226 409
227 66
227 150
228 68
228 326
229 0
229 80
229 270
229 301
229 432
232 24
232 96
232 388
233 416
233 448
234 130
234 168
235 188
236 0
236 52
236 160
236 213
236 354
237 139
239 4
239 260
239 305
240 54
240 74
240 86
240 454
242 64
242 132
242 360
242 385
244 119
244 367
245 145
245 173
246 82
247 111
248 10
248 72
248 393
249 0
249 321
250 294
250 374
251 275
252 40
253 3
253 364
254 11
254 49
255 210
256 0
256 16
256 31
256 35
256 50
256 94
256 104
256 139
256 208
256 258
256 340
256 418
256 434
256 460
257 9
257 104
257 128
257 136
257 161
257 274
257 296
257 392
257 432
257 462
258 38
258 58
258 60
258 67
258 135
258 136
258 290
258 388
258 401
259 1
259 101
259 168
259 174
259 264
259 282
259 312
259 332
260 7
260 25
260 90
260 112
260 160
260 162
260 199
260 224
261 5
261 64
261 115
262 44
262 50
262 192
262 200
262 318
262 420
263 112
263 203
263 264
263 269
264 37
264 42
264 50
264 130
264 140
264 195
264 261
264 274
264 407
265 32
265 42
265 44
265 164
265 270
265 273
265 312
265 393
266 106
266 134
266 274
266 324
266 368
266 447
267 101
267 404
268 32
268 192
268 197
268 281
268 386
268 400
268 499
269 5
269 34
269 96
269 112
269 130
269 148
269 182
270 2
270 38
270 53
270 128
270 295
271 199
271 238
272 6
272 32
272 51
272 104
272 146
272 188
272 226
272 282
272 284
272 308
272 433
273 104
273 118
273 131
273 169
273 497
274 28
274 258
275 66
275 194
275 239
275 346
275 388
276 11
276 12
276 73
276 121
276 128
276 238
276 336
276 361
276 385
277 25
277 192
278 3
278 94
278 288
278 405
279 64
279 96
279 337
280 32
280 33
280 39
280 41
280 96
280 291
280 320
281 177
281 304
282 302
282 454
283 362
284 150
284 274
285 0
285 17
286 21
287 109
287 262
287 406
288 3
288 11
288 18
288 20
288 34
288 85
288 149
288 176
288 192
288 320
288 472
289 16
289 32
289 48
289 69
289 86
289 96
289 144
289 176
289 194
289 252
289 272
289 412
290 1
290 16
290 17
290 40
290 67
290 129
290 166
290 272
290 300
290 319
290 443
291 0
291 69
292 27
292 76
292 104
292 123
292 133
292 134
292 206
292 386
292 408
292 416
293 0
293 1
293 82
293 506
294 257
294 294
294 396
295 18
296 97
296 98
296 257
296 452
296 484
297 168
297 187
297 214
297 272
297 296
297 320
297 354
298 208
298 256
299 130
300 1
300 22
301 257
301 263
302 0
302 154
303 11
303 375
304 1
304 21
304 81
304 293
304 351
305 3
306 32
306 68
306 169
306 193
306 260
306 360
306 476
307 6
307 264
307 303
307 327
308 7
308 112
308 488
309 298
310 75
310 273
310 451
311 25
311 200
312 111
312 403
312 432
312 448
313 65
313 140
313 333
313 396
314 11
314 72
315 152
315 276
316 70
316 144
316 371
319 352
320 64
320 68
320 84
320 128
320 131
320 152
320 212
320 232
320 304
321 100
322 32
322 184
322 269
322 449
323 11
323 29
323 228
323 339
324 65
324 184
325 23
325 88
325 402
325 420
326 1
326 48
326 80
326 114
327 112
327 134
327 274
327 365
328 98
328 99
328 296
329 5
329 16
329 29
329 36
329 99
329 177
329 210
329 458
330 81
330 100
330 128
330 256
331 68
331 284
332 137
332 194
332 233
332 243
332 272
332 360
332 401
333 28
333 128
333 144
333 327
333 396
334 8
334 299
334 340
334 354
335 220
336 13
336 30
336 141
336 185
336 229
336 230
336 259
336 357
336 437
337 69
337 131
337 264
338 84
338 266
338 273
338 435
339 4
339 99
339 121
340 71
340 265
341 32
341 41
342 64
342 448
343 36
343 147
343 175
343 271
343 384
344 11
344 22
345 33
345 48
345 51
345 322
346 170
346 232
347 74
347 282
348 34
348 183
348 203
348 256
348 447
348 449
349 129
350 209
350 231
351 97
352 10
352 78
352 89
352 144
352 148
352 212
352 266
353 46
353 48
353 289
354 18
354 75
354 114
354 257
355 427
356 35
356 193
357 99
358 16
358 256
359 352
360 20
360 34
360 145
360 198
360 256
360 257
360 260
361 23
361 241
362 0
362 9
362 164
362 282
363 4
363 96
363 144
363 257
364 48
364 68
364 130
364 408
365 33
366 400
368 32
368 44
368 256
368 386
370 0
370 194
371 32
371 256
372 0
374 37
374 265
375 200
376 24
376 96
376 129
376 365
377 268
378 41
378 258
378 275
378 290
378 323
379 256
381 272
382 168
384 26
384 28
384 38
384 41
384 124
384 335
384 424
385 6
385 16
385 71
385 198
386 53
386 257
386 386
387 3
387 231
387 460
388 137
388 192
388 471
390 8
392 89
392 167
392 278
392 280
393 0
393 46
393 63
393 297
393 390
394 2
394 7
394 128
394 216
395 5
395 14
395 33
395 80
395 468
396 102
396 392
396 401
396 440
397 37
397 260
397 299
397 462
398 96
398 262
398 416
399 4
400 10
400 72
400 107
400 129
400 130
400 265
401 324
401 369
401 418
402 42
402 152
404 16
404 33
405 374
406 246
406 369
407 42
408 451
409 168
410 320
411 277
412 0
412 36
412 280
413 322
414 2
414 195
414 260
414 286
414 310
416 0
416 3
416 72
416 131
416 274
416 278
416 365
417 150
417 288
418 53
418 80
418 133
419 18
419 131
419 388
419 444
420 82
420 158
421 64
421 99
421 338
422 36
424 2
424 104
424 272
424 462
425 112
425 256
426 140
426 296
426 440
426 444
427 49
427 313
428 1
428 26
429 20
429 192
430 24
430 135
430 165
430 396
432 1
432 104
433 32
433 73
433 154
433 385
434 304
434 325
435 22
435 50
436 80
436 348
437 80
437 184
440 40
440 187
441 68
444 12
444 355
444 451
445 32
445 67
447 97
448 0
448 352
449 17
449 68
449 225
449 370
450 36
450 75
450 258
450 355
450 481
451 164
451 358
452 132
452 359
453 11
453 36
453 52
453 352
454 4
454 17
455 85
456 69
456 81
456 258
456 358
457 16
457 17
458 201
459 104
460 20
462 30
462 132
463 56
463 208
463 386
464 120
465 1
465 107
465 180
465 384
466 48
466 132
466 196
466 199
466 256
466 340
467 0
469 60
470 104
470 250
471 262
472 2
472 145
473 137
473 313
474 128
474 154
474 296
475 60
475 122
475 228
476 264
476 321
476 387
476 426
478 176
478 184
479 67
480 37
480 48
480 68
480 129
480 208
480 278
480 306
481 274
482 68
482 451
483 0
483 259
484 61
484 68
484 276
484 306
484 328
484 404
485 4
485 17
485 32
487 186
488 112
488 128
488 183
488 193
488 308
490 0
490 1
490 321
492 227
493 137
494 12
494 432
496 13
496 104
496 320
500 16
500 312
501 256
501 260
501 264
501 362
502 17
504 294
505 128
508 8
508 196
509 394
