# Synthetic Kronecker Graph 
# Edges are directed 
0 9
0 10
0 24
0 114
0 128
0 136
0 163
0 176
0 425
0 434
0 512
0 513
0 532
0 573
0 640
0 645
0 674
0 713
0 744
0 753
0 808
0 1024
0 1049
0 1050
0 1054
0 1165
0 1236
0 1250
0 1290
0 1292
0 1297
0 1336
0 1337
0 1409
0 1432
0 1462
0 1473
0 1475
0 1536
0 1544
0 1552
0 1602
0 1632
1 22
1 44
1 65
1 66
1 72
1 76
1 128
1 146
1 154
1 162
1 167
1 256
1 292
1 294
1 350
1 390
1 430
1 440
1 481
1 554
1 562
1 563
1 576
1 578
1 667
1 736
1 737
1 740
1 775
1 798
1 848
1 888
1 897
1 993
1 1032
1 1052
1 1088
1 1102
1 1111
1 1164
1 1283
1 1542
1 1688
1 2019
2 45
2 79
2 110
2 141
2 149
2 181
2 288
2 384
2 417
2 599
2 776
2 800
2 814
2 981
2 1025
2 1028
2 1076
2 1092
2 1173
2 1553
2 1601
2 1672
2 1730
2 1792
2 1830
2 1888
2 1935
3 42
3 76
3 102
3 218
3 296
3 452
3 453
3 545
3 584
3 608
3 642
3 652
3 1024
3 1032
3 1217
3 1548
3 1696
3 1877
4 13
4 15
4 34
4 51
4 60
4 72
4 76
4 80
4 96
4 128
4 130
4 138
4 154
4 224
4 272
4 320
4 379
4 416
4 425
4 529
4 545
4 565
4 640
4 648
4 836
4 1024
4 1033
4 1083
4 1222
4 1323
4 1346
4 1411
5 48
5 64
5 194
5 217
5 266
5 394
5 565
5 578
5 1030
5 1034
5 1040
5 1065
5 1066
5 1136
5 1152
5 1296
5 1415
5 1580
6 3
6 19
6 80
6 107
6 214
6 218
6 402
6 424
6 440
6 508
6 516
6 576
6 636
6 655
6 930
6 1026
6 1074
6 1157
6 1217
6 1225
6 1908
6 1937
7 96
7 117
7 134
7 252
7 256
7 284
7 389
7 724
7 973
7 1428
7 1558
8 100
8 273
8 274
8 406
8 423
8 592
8 610
8 776
8 869
8 885
8 1000
8 1048
8 1050
8 1060
8 1071
8 1077
8 1085
8 1185
8 1295
8 1476
8 1762
8 1796
8 1801
8 1825
8 1841
9 72
9 118
9 130
9 204
9 224
9 418
9 555
9 584
9 900
9 976
9 1037
9 1059
9 1283
9 1412
9 1724
9 1739
9 1781
9 1792
9 1796
10 10
10 66
10 178
10 190
10 246
10 282
10 642
10 760
10 913
10 1100
10 1228
10 1322
10 1605
10 1714
10 1808
10 1865
11 201
11 272
11 804
11 840
11 1089
11 1333
12 1
12 18
12 178
12 281
12 411
12 586
12 864
12 921
12 1033
12 1042
12 1250
12 1280
12 1288
12 1536
13 97
13 192
13 260
13 1062
13 1666
13 1843
14 129
14 513
14 1066
14 1450
14 1760
15 57
15 162
15 859
15 936
15 1566
15 1676
15 1824
15 1857
15 1872
16 35
16 55
16 109
16 131
16 132
16 169
16 229
16 240
16 322
16 386
16 553
16 578
16 684
16 1032
16 1061
16 1080
16 1464
16 1548
16 1567
16 1664
16 1920
17 0
17 85
17 385
17 410
17 527
17 548
17 586
17 800
17 974
17 1032
17 1092
17 1148
17 1702
18 0
18 29
18 78
18 144
18 146
18 183
18 225
18 324
18 454
18 517
18 556
18 645
18 666
18 808
18 917
18 1104
18 1129
18 1185
18 1302
18 1394
18 1408
18 1568
19 1
19 3
19 8
19 24
19 48
19 409
19 564
19 594
19 865
19 1042
19 1072
20 18
20 64
20 92
20 154
20 211
20 262
20 313
20 586
20 736
20 904
20 968
20 1092
20 1106
20 1282
20 1283
20 1288
20 1365
20 1547
20 1560
20 1611
21 1
21 13
21 113
21 276
21 280
21 424
21 428
21 536
21 580
21 590
21 1154
21 1160
21 1313
21 1577
22 16
22 48
22 289
22 312
22 352
22 513
22 777
22 793
22 797
22 837
22 899
22 900
22 1607
22 1792
23 20
23 148
23 1035
23 1106
23 1494
23 1588
24 21
24 199
24 256
24 259
24 321
24 327
24 370
24 402
24 498
24 544
24 1537
24 1580
24 1737
24 1792
25 70
25 207
25 260
25 308
25 324
25 382
25 1316
25 1536
25 1610
26 129
26 240
26 296
26 305
26 404
26 546
26 785
26 1041
26 1154
26 1350
26 1456
26 1542
26 1552
26 1580
27 40
27 64
27 218
27 356
27 512
27 514
27 765
27 868
28 120
28 128
28 240
28 266
28 267
28 273
28 1250
29 720
29 839
30 537
30 576
30 835
30 1066
30 1155
31 257
31 321
31 1024
31 1214
31 1668
32 1
32 5
32 10
32 14
32 24
32 42
32 208
32 240
32 406
32 464
32 529
32 562
32 573
32 582
32 940
32 1026
32 1137
32 1245
32 1413
32 1584
32 1864
33 56
33 128
33 170
33 258
33 400
33 680
33 940
33 1024
33 1206
33 1220
33 1344
33 1536
33 1675
34 7
34 8
34 9
34 17
34 130
34 134
34 228
34 266
34 300
34 316
34 322
34 336
34 454
34 516
34 530
34 648
34 1033
34 1154
34 1161
34 1173
34 1344
34 1540
35 1
35 114
35 186
35 256
35 468
35 803
35 1552
36 7
36 21
36 68
36 128
36 138
36 268
36 332
36 545
36 563
36 597
36 621
36 624
36 688
36 724
36 872
36 1048
36 1185
36 1360
37 0
37 75
37 97
37 149
37 266
37 1024
37 1049
37 1082
37 1492
37 1726
37 1847
38 0
38 6
38 30
38 80
38 341
38 513
38 541
38 612
38 624
38 644
38 711
38 933
38 1171
38 1672
39 1
39 339
39 340
39 544
39 609
39 672
39 706
39 794
39 2037
40 1
40 5
40 8
40 32
40 85
40 372
40 396
40 417
40 456
40 513
40 516
40 563
40 802
40 914
40 1056
40 1076
40 1083
40 1171
40 1194
40 1225
41 146
41 153
41 240
41 321
41 546
41 769
41 1116
41 1266
41 1426
41 1844
41 1959
42 39
42 81
42 160
42 336
42 561
42 574
42 649
42 818
42 929
42 1112
42 1168
43 360
43 400
43 549
43 912
43 1417
43 1602
44 40
44 81
44 83
44 362
44 384
44 568
44 616
44 641
44 786
44 978
44 1377
45 261
45 394
45 740
45 872
45 1408
45 1664
45 1715
45 1800
45 1864
46 232
46 305
46 601
46 707
46 833
46 962
46 1094
46 1200
46 1299
46 1942
46 1958
47 32
47 456
48 6
48 416
48 477
48 507
48 512
48 1033
48 1165
48 1536
48 1632
48 1985
49 82
49 114
49 207
49 241
49 304
49 355
49 389
49 610
49 643
49 706
49 781
49 940
49 986
49 1420
49 1728
50 1
50 145
50 180
50 297
50 442
50 633
50 778
50 1025
50 1064
50 1075
50 1254
50 1549
51 74
51 148
51 386
51 551
51 684
51 1308
51 1314
51 1354
51 1559
51 1612
51 1672
52 38
52 52
52 257
52 722
52 956
52 1098
52 1392
52 1544
52 1965
53 180
53 282
53 457
53 1913
54 18
54 176
54 268
54 680
54 1024
54 1352
54 1602
54 1680
55 200
55 312
55 530
55 643
56 7
56 9
56 32
56 52
56 128
56 171
56 332
56 388
56 530
56 552
56 707
56 714
56 798
56 1017
56 1088
56 1199
56 1235
56 1296
56 1312
56 1472
56 1526
56 1537
56 1580
56 1703
57 0
57 24
57 614
57 706
57 1738
58 17
58 144
58 202
58 265
58 422
58 675
58 906
58 1104
58 1157
58 1312
58 1544
58 1929
59 33
59 86
59 306
59 402
59 526
59 772
59 1326
59 1937
60 260
60 465
60 604
60 618
60 1126
61 10
61 138
61 160
61 1428
61 1728
62 18
62 30
62 101
62 485
62 1668
63 516
63 1299
64 3
64 8
64 64
64 74
64 80
64 94
64 97
64 118
64 121
64 144
64 146
64 265
64 366
64 416
64 434
64 512
64 520
64 529
64 572
64 635
64 676
64 768
64 928
64 1071
64 1128
64 1222
64 1286
64 1356
65 9
65 16
65 168
65 278
65 799
65 1050
65 1080
65 1084
65 1095
65 1168
65 1330
65 1536
65 1668
65 1726
65 1825
66 11
66 46
66 130
66 165
66 418
66 424
66 564
66 663
66 980
66 1024
66 1025
66 1565
67 43
67 142
67 247
67 410
67 578
67 812
67 884
67 1440
68 5
68 41
68 54
68 172
68 196
68 580
68 615
68 715
68 1056
68 1057
68 1306
68 1314
68 1352
68 1670
68 1881
69 48
69 258
69 263
69 292
69 566
69 580
69 635
69 1072
69 1481
69 1554
69 1600
70 184
70 266
70 303
70 325
70 419
70 515
70 1296
70 1933
71 8
71 306
71 896
71 1090
71 1579
72 8
72 11
72 33
72 49
72 64
72 73
72 115
72 142
72 260
72 277
72 388
72 520
72 544
72 789
72 1037
72 1057
72 1086
72 1097
72 1100
72 1223
72 1324
72 1344
72 1349
72 1408
72 1442
72 1538
72 1574
72 1865
73 48
73 87
73 114
73 341
73 388
73 521
73 524
73 808
73 1872
74 0
74 34
74 65
74 85
74 484
74 514
74 1043
74 1126
74 1156
74 1252
74 1798
75 48
75 392
75 552
75 673
75 677
75 707
75 880
75 1033
75 1328
76 133
76 273
76 281
76 416
76 451
76 538
76 652
76 677
76 1030
76 1060
76 1704
76 1804
77 168
77 250
77 260
77 265
77 609
77 912
77 1384
77 1811
78 73
78 192
78 656
78 1228
78 1288
78 1340
79 11
79 33
79 300
79 512
79 1205
80 3
80 12
80 25
80 131
80 198
80 250
80 264
80 384
80 448
80 518
80 576
80 658
80 675
80 769
80 776
80 824
80 1024
80 1057
80 1304
80 1308
80 1536
80 1756
80 1994
81 1
81 64
81 523
81 1154
81 1283
81 1434
81 1633
82 1
82 256
82 529
82 545
82 706
82 1024
83 2
83 29
83 64
83 66
83 152
83 261
83 339
83 993
83 1118
83 1200
83 1660
84 1
84 65
84 128
84 139
84 156
84 260
84 320
84 329
84 332
84 512
84 592
84 594
84 608
84 697
84 743
84 993
84 1584
84 1741
84 1770
84 1856
85 277
85 388
85 584
85 634
85 914
85 1024
85 1440
86 76
86 659
86 1154
86 1761
87 514
87 641
87 837
88 202
88 245
88 280
88 418
88 520
88 543
88 576
88 792
88 1031
88 1056
88 1182
88 1540
89 0
89 160
89 901
89 996
89 1026
90 112
90 721
90 769
90 1280
90 1381
90 1760
91 78
91 132
91 306
91 328
91 900
91 1730
91 1905
92 256
92 257
93 139
93 466
93 560
93 720
93 1246
93 1544
94 52
94 173
94 898
94 1155
94 1179
94 1345
95 258
95 1832
96 13
96 54
96 144
96 202
96 461
96 520
96 876
96 912
96 1041
96 1296
96 1541
96 1792
97 4
97 92
97 277
97 428
97 514
97 578
97 634
97 802
97 920
97 1015
97 1066
97 1166
97 1176
97 1203
97 1322
98 14
98 19
98 132
98 154
98 161
98 192
98 292
98 296
98 357
98 416
98 513
98 532
98 1142
98 1669
98 2033
99 12
99 320
99 351
99 900
99 1738
99 1993
100 1
100 169
100 261
100 518
100 597
100 861
100 1028
100 1324
100 1869
101 40
101 513
101 713
101 784
101 803
101 1427
102 159
102 531
102 644
102 1190
102 1474
103 1672
104 2
104 84
104 117
104 295
104 394
104 448
104 464
104 568
104 582
104 608
104 706
104 768
104 834
104 1180
104 1280
105 21
105 48
105 275
105 648
105 952
105 1283
105 1565
106 130
106 134
106 517
106 1332
106 1616
106 1776
107 180
107 258
107 881
108 14
108 16
108 32
108 70
108 126
108 165
108 313
108 1044
108 1093
108 1539
108 1568
108 1728
108 1831
109 266
109 552
110 16
110 305
110 645
111 33
111 65
111 273
111 322
112 2
112 133
112 260
112 336
112 512
112 658
112 771
112 1025
112 1032
112 1098
112 1441
112 1600
113 1
113 768
113 1160
113 1248
113 1300
113 1600
113 1820
113 1868
114 280
114 526
114 1076
114 1673
114 1976
115 1908
116 394
116 520
116 582
116 592
116 646
116 712
116 1068
116 1614
117 304
117 626
117 1188
117 1985
118 34
118 2022
120 11
120 65
120 92
120 699
120 902
120 1038
120 1042
121 793
121 1280
121 1281
121 1349
121 1417
121 1569
121 1732
122 438
122 528
122 672
122 1964
123 100
123 1042
124 33
124 516
124 769
124 1112
126 116
126 320
126 528
126 1344
127 16
127 2012
128 58
128 128
128 129
128 161
128 162
128 247
128 293
128 314
128 339
128 379
128 388
128 401
128 590
128 640
128 643
128 746
128 773
128 792
128 883
128 904
128 1274
128 1288
128 1417
128 1474
128 1682
128 1792
128 1877
129 40
129 44
129 72
129 128
129 180
129 190
129 410
129 432
129 648
129 807
129 846
129 873
129 896
129 1184
129 1667
129 1928
129 1952
130 5
130 9
130 89
130 192
130 290
130 329
130 472
130 526
130 611
130 790
130 906
130 1156
130 1604
130 1986
131 1
131 32
131 72
131 264
131 513
131 656
131 772
131 852
131 967
131 1082
131 1099
131 1602
131 1618
131 1653
132 168
132 205
132 257
132 260
132 340
132 479
132 547
132 551
132 560
132 562
132 563
132 694
132 843
132 897
132 1036
132 1120
132 1136
132 1539
132 1552
132 1809
133 16
133 753
133 783
133 810
133 1025
133 1122
133 1540
133 1867
134 5
134 163
134 289
134 513
134 533
134 713
134 929
134 1101
134 1122
134 1556
135 2
135 5
135 8
135 69
135 512
135 657
135 1100
135 1593
135 1618
135 1959
136 22
136 49
136 125
136 128
136 161
136 432
136 662
136 674
136 691
136 838
136 854
136 973
136 1027
136 1028
136 1091
136 1159
136 1312
136 1327
136 1548
136 1571
136 1910
136 1938
137 23
137 128
137 384
137 878
137 905
137 1116
137 1176
137 1297
137 1816
138 17
138 514
138 518
138 995
138 1034
138 1181
138 1208
138 1339
139 100
139 160
139 528
139 1155
139 1204
140 8
140 64
140 86
140 88
140 130
140 177
140 209
140 398
140 523
140 793
140 1031
140 1108
140 2000
141 8
141 136
141 160
141 297
141 572
141 1216
142 4
142 13
142 388
142 452
142 512
142 650
142 1028
142 1159
142 1296
142 1346
142 1528
142 1618
143 128
143 256
143 794
143 1000
143 1032
143 1036
143 1170
144 0
144 5
144 33
144 38
144 65
144 134
144 169
144 183
144 196
144 224
144 264
144 265
144 334
144 352
144 414
144 450
144 535
144 541
144 546
144 552
144 1046
144 1128
144 1294
144 1345
144 1554
144 1570
144 1664
144 1738
144 1810
144 1874
145 5
145 71
145 110
145 160
145 288
145 560
145 1024
145 1028
145 1146
145 1345
145 1544
145 1552
145 1588
146 260
146 518
146 970
146 1365
146 1792
146 1809
147 288
147 512
147 742
147 1152
147 1332
147 2042
148 65
148 80
148 98
148 137
148 140
148 176
148 328
148 338
148 603
148 787
148 816
148 866
148 922
148 1044
148 1248
148 1297
148 1990
149 12
149 91
149 578
149 1574
149 1630
150 1
150 354
150 392
150 584
150 849
150 1844
151 338
151 777
152 7
152 33
152 43
152 85
152 190
152 321
152 335
152 344
152 374
152 1102
152 1552
153 64
153 201
153 320
153 480
153 860
153 896
153 1540
153 1992
154 328
154 384
154 768
154 1957
155 544
155 1000
156 591
156 889
157 64
157 160
157 194
157 1332
158 50
158 704
158 1168
159 180
159 1780
160 38
160 42
160 120
160 334
160 384
160 580
160 744
160 804
160 883
160 986
160 1024
160 1098
160 1112
160 1170
160 1228
160 1290
160 1308
160 1409
160 1736
160 1830
161 81
161 138
161 160
161 386
161 592
161 1091
161 1411
161 1574
162 9
162 90
162 144
162 354
162 388
162 587
162 1024
162 1056
162 1204
162 1905
163 194
163 196
163 282
163 457
163 1182
164 73
164 144
164 217
164 280
164 312
164 484
164 490
164 642
164 1913
164 1986
165 208
165 264
165 539
165 723
165 932
165 1322
165 1752
166 194
166 201
166 261
166 396
166 890
166 1573
167 428
167 580
167 618
167 1856
168 130
168 243
168 272
168 330
168 358
168 512
168 548
168 871
168 1064
168 1104
168 1155
168 1156
168 1195
168 1354
169 21
169 36
169 504
169 896
169 970
169 1110
170 23
170 130
170 270
170 320
170 1131
170 1370
170 1798
171 2
171 146
171 610
171 1702
172 0
172 136
172 326
172 419
172 849
172 1024
172 1152
172 1537
173 80
173 369
173 1288
174 256
174 260
174 268
174 307
174 416
174 1408
176 70
176 100
176 227
176 289
176 585
176 617
176 664
176 809
176 1780
177 177
177 518
177 606
177 908
177 1237
177 1798
178 68
178 74
178 765
178 788
178 1072
178 1097
178 1168
178 1683
178 1895
179 2
179 711
179 850
179 1145
179 1896
180 1
180 6
180 213
180 318
180 961
180 1796
181 19
181 136
181 432
181 512
181 513
181 516
182 371
182 491
182 579
182 740
182 1281
183 14
183 33
183 298
183 601
183 1120
184 153
184 161
184 185
184 773
184 854
184 1026
184 1173
185 72
185 146
185 294
185 396
185 586
185 1795
186 5
186 13
186 75
186 82
186 514
186 1482
187 256
187 833
188 600
189 98
189 361
190 121
190 1296
191 770
192 18
192 34
192 36
192 80
192 183
192 318
192 324
192 364
192 376
192 769
192 904
192 917
192 1044
192 1048
192 1050
192 1216
192 1378
192 1678
192 1841
192 1866
193 3
193 62
193 64
193 210
193 320
193 356
193 396
193 604
193 665
193 820
193 910
193 1036
193 1072
193 1305
193 1334
193 1837
194 32
194 264
194 279
194 393
194 520
194 552
194 604
194 796
194 1292
194 1614
195 136
195 194
195 425
195 554
195 1089
195 1280
195 1801
196 12
196 127
196 128
196 453
196 680
196 813
196 1068
196 1298
196 1816
197 4
197 288
197 328
197 344
197 773
197 853
197 866
197 1186
197 1544
197 1674
198 785
198 1167
198 1680
198 1794
198 1878
199 308
199 552
199 803
199 1156
199 1538
199 1578
200 8
200 21
200 24
200 42
200 49
200 103
200 132
200 146
200 206
200 291
200 403
200 656
200 707
200 1029
200 1315
200 1922
200 1952
201 24
201 302
201 776
201 1112
201 1122
201 1670
202 98
202 137
202 277
202 1292
202 1297
202 1660
202 1730
203 516
204 13
204 28
204 56
204 512
204 520
204 550
204 802
204 906
204 1163
204 1577
205 256
205 292
205 483
205 842
205 1094
205 1098
206 144
206 326
206 336
206 1038
206 1185
207 65
207 557
207 1772
208 3
208 4
208 16
208 52
208 56
208 243
208 256
208 273
208 298
208 560
209 75
209 129
209 288
209 356
209 1480
209 1752
210 98
210 160
210 193
210 516
210 531
210 540
210 849
210 1135
210 1146
211 576
211 792
211 1606
212 53
212 136
212 264
212 468
212 514
212 738
212 844
212 1042
212 1056
212 1088
212 1817
213 60
213 71
213 128
213 162
213 644
213 1162
214 325
214 626
214 1025
214 1076
214 1540
216 64
216 73
216 256
216 270
216 624
216 721
216 1289
217 84
217 120
217 306
217 645
218 309
218 525
218 596
218 1169
218 1314
219 41
219 192
219 513
219 1169
220 264
220 331
220 1569
220 1677
220 1689
220 2012
221 207
222 14
222 250
222 300
222 559
222 1408
223 161
223 256
223 404
223 529
223 1602
224 2
224 285
224 458
224 651
224 674
224 819
224 855
224 919
224 1042
224 1045
224 1056
224 1096
224 1286
224 1550
224 1569
224 2025
225 8
225 68
225 402
225 418
225 1052
225 1264
225 1371
225 1540
226 13
226 58
226 76
226 308
226 585
226 1192
226 1352
227 88
227 100
227 1282
227 1332
227 1473
228 1050
229 138
229 640
229 795
229 938
229 1135
230 0
230 768
231 84
231 108
231 196
232 2
232 48
232 180
232 992
232 1669
233 42
233 66
233 260
233 406
233 1032
233 1976
234 3
234 64
234 100
234 282
235 1
235 1353
235 1697
236 25
236 481
236 611
236 1050
236 1170
237 1
237 211
237 1744
238 390
238 398
238 1832
239 128
239 264
239 716
239 1618
240 1
240 4
240 16
240 36
240 57
240 1081
241 136
241 863
242 302
242 432
242 1080
242 1793
243 105
243 753
243 1097
243 1600
244 115
244 130
244 288
244 400
244 513
244 1161
244 1409
244 1560
245 578
245 778
245 1362
246 1351
246 1876
247 267
247 1600
248 262
248 568
248 609
248 1744
249 8
249 668
249 1798
250 17
250 274
250 521
251 21
253 26
253 32
253 35
253 208
253 290
253 1212
254 36
254 800
254 1158
254 1577
255 8
255 1254
256 1
256 2
256 5
256 6
256 37
256 46
256 64
256 144
256 149
256 192
256 260
256 278
256 287
256 392
256 450
256 464
256 496
256 522
256 705
256 756
256 849
256 1037
256 1092
256 1096
256 1163
256 1168
256 1300
256 1345
256 1360
256 1563
256 1568
256 1868
257 20
257 76
257 158
257 433
257 714
257 718
257 975
257 1063
257 1088
257 1092
257 1313
257 1350
257 1370
258 4
258 12
258 27
258 68
258 100
258 518
258 642
258 644
258 688
258 1028
258 1181
258 1344
258 1826
258 1840
258 2012
259 67
259 195
259 272
259 850
259 955
259 1030
259 1050
259 1104
259 1541
259 1632
260 106
260 184
260 346
260 417
260 522
260 545
260 561
260 648
260 712
260 768
260 1032
260 1061
260 1281
260 1309
260 1536
260 1552
260 1884
261 33
261 247
261 353
261 426
261 523
261 604
261 728
261 1540
261 1638
261 1779
262 32
262 76
262 176
262 201
262 304
262 328
262 1029
262 1154
262 1792
262 1803
262 1986
263 35
264 0
264 78
264 100
264 143
264 224
264 396
264 513
264 531
264 560
264 565
264 597
264 609
264 630
264 712
264 985
264 1306
264 1589
264 1594
264 1597
264 1806
265 270
265 516
265 642
265 707
265 1030
265 1064
265 1468
265 1544
265 1665
266 2
266 8
266 42
266 65
266 76
266 115
266 160
266 517
266 521
266 586
266 796
266 870
266 1036
266 1184
266 1362
267 1
267 311
267 580
267 610
267 645
267 1038
267 1865
268 35
268 71
268 150
268 162
268 192
268 273
268 416
268 537
268 621
268 675
268 696
268 994
268 1139
268 1548
269 17
269 20
269 578
269 644
269 1037
269 1540
270 116
270 193
270 194
270 581
270 780
270 1363
271 273
271 513
271 539
271 1088
271 1808
272 4
272 22
272 31
272 72
272 192
272 312
272 365
272 423
272 664
272 962
272 1024
272 1040
272 1045
272 1114
272 1288
272 1344
272 1449
272 1488
272 1539
272 1656
272 1697
273 0
273 240
273 448
273 1092
273 1283
274 24
274 162
274 176
274 389
274 523
274 744
274 1061
274 1116
274 1158
274 1597
274 1865
275 58
275 228
275 388
275 464
275 545
275 1018
275 1030
276 17
276 244
276 332
276 640
276 738
276 1365
276 1482
277 385
277 388
277 520
277 550
277 803
277 1154
277 1793
278 98
278 128
278 512
278 518
278 521
278 1354
278 1696
279 357
279 738
279 1674
279 1920
280 133
280 320
280 359
280 521
280 716
280 824
280 1040
280 1214
280 1569
280 1734
281 46
281 49
281 142
281 298
281 482
281 486
281 580
281 884
281 1274
282 35
282 141
282 162
282 217
282 678
282 1046
282 1057
283 133
283 450
283 772
284 1
284 67
284 74
284 1288
284 1489
285 2
285 32
285 52
285 668
285 1102
286 162
286 288
286 574
286 642
287 5
287 194
287 1324
287 1382
287 1546
288 193
288 271
288 521
288 552
288 565
288 776
288 833
288 1031
288 1044
288 1120
288 1344
288 1571
289 32
289 144
289 157
289 314
289 517
289 718
289 805
289 872
289 1040
289 1054
289 1070
289 1696
290 64
290 68
290 81
290 98
290 147
290 156
290 168
290 277
290 557
290 843
290 1056
290 1730
291 8
291 17
291 886
291 1354
291 1612
292 39
292 514
292 780
292 1088
292 1130
292 1141
292 1184
292 1200
292 1232
292 1592
293 5
293 25
293 280
293 304
293 1177
293 1605
294 88
294 751
294 1280
294 1829
295 46
295 664
295 878
295 1122
295 1392
295 1858
296 174
296 214
296 272
296 547
296 1264
296 1648
297 378
297 386
297 490
297 491
297 1187
297 1536
297 1799
298 22
298 70
298 72
298 196
298 322
298 1441
299 52
300 133
300 144
300 288
300 512
300 525
300 609
300 683
300 768
300 937
300 1184
300 1239
300 1484
300 1561
300 1955
301 577
301 592
301 814
301 1376
301 1505
301 1573
301 1776
302 568
302 943
302 1995
303 576
303 1030
303 1043
303 1118
303 1928
304 38
304 136
304 280
304 448
304 544
304 592
304 669
304 1061
304 1185
304 1266
304 1379
304 1408
304 1688
304 1741
305 294
305 617
305 728
305 776
305 1029
305 1048
305 1408
306 212
306 223
306 437
306 1051
306 1056
306 1280
306 1868
307 4
307 23
307 65
307 264
307 536
307 641
307 888
307 1025
307 1799
308 8
308 175
308 1266
308 1565
309 66
309 384
309 1681
310 1184
310 1624
311 490
311 1296
312 4
312 192
312 895
312 1110
312 1156
312 1347
312 1573
312 1775
313 81
313 101
313 198
313 516
313 520
313 1104
313 1297
314 17
314 272
314 768
314 1025
314 1166
314 1312
314 1552
315 1162
315 1713
316 7
316 129
316 169
316 320
316 360
316 590
316 616
316 658
317 270
317 536
317 627
318 8
318 192
318 337
318 532
318 630
318 1262
319 66
319 525
319 533
319 1025
319 1285
320 96
320 158
320 502
320 517
320 522
320 536
320 546
320 560
320 576
320 673
320 675
320 836
320 843
320 1024
320 1040
320 1552
320 1673
320 1715
320 1976
321 10
321 22
321 49
321 70
321 114
321 131
321 206
321 276
321 520
321 546
321 552
321 561
321 642
321 910
321 1030
321 1073
321 1284
321 1694
322 62
322 262
322 276
322 524
322 1342
322 1417
322 1904
323 1282
323 1560
323 1864
324 97
324 132
324 184
324 536
324 661
324 840
324 1189
324 1280
324 1424
324 1437
325 14
325 112
325 248
325 1298
325 1664
326 8
326 206
326 360
326 507
326 558
326 644
326 648
326 1024
326 1031
326 1112
326 1608
326 1742
327 22
327 76
327 116
327 160
327 424
327 688
327 838
327 1952
327 1984
328 129
328 424
328 833
328 1094
328 1313
328 1792
329 163
329 1024
329 1060
329 1588
329 1620
329 1857
330 128
330 204
330 231
330 268
330 320
330 331
330 584
330 1414
330 1616
330 1793
331 162
331 1664
332 48
332 58
332 129
332 204
332 265
332 394
332 640
332 1578
332 1677
333 35
333 756
333 1058
334 240
334 263
334 529
334 537
334 1826
335 1
335 1740
336 432
336 512
336 524
336 586
336 662
336 800
337 103
337 252
337 688
337 1129
337 1223
337 1601
337 1841
338 4
338 306
338 393
338 593
338 1284
338 1542
338 1713
338 1960
339 384
339 469
339 1202
339 1792
340 393
340 527
340 864
340 1024
340 1064
340 1285
340 1538
341 640
341 1056
341 1193
342 1053
342 1161
343 162
343 265
343 558
343 592
343 1090
343 1563
344 17
344 295
344 392
344 640
344 774
344 1752
345 33
345 56
345 1061
346 72
346 144
346 373
346 1416
346 1581
347 2024
348 21
348 139
348 1400
349 1408
351 208
352 16
352 20
352 203
352 256
352 597
352 1116
352 1224
352 1424
352 1840
353 11
353 136
353 167
353 276
353 672
353 1494
353 1536
353 1684
353 1920
354 16
354 133
354 260
354 409
354 1000
355 658
355 699
356 19
356 153
356 272
356 592
356 640
356 718
356 904
356 1032
356 1170
356 1244
356 1670
356 1714
357 32
357 257
357 536
357 537
357 560
357 675
357 914
357 1409
357 1437
357 1548
358 74
358 128
358 224
358 424
358 585
359 268
360 7
360 35
360 96
360 260
360 308
360 1233
360 1291
360 1548
361 16
361 408
361 1102
361 1632
362 317
362 393
363 1025
363 1078
364 237
364 258
364 320
364 1033
364 1190
364 1481
364 1674
365 684
367 9
367 40
368 2
368 24
368 48
368 100
368 233
368 658
368 1024
368 1216
369 2
369 14
369 84
369 387
370 4
370 9
370 200
371 656
371 1794
371 1797
372 88
372 514
372 584
372 720
372 1188
372 1250
372 1333
372 1416
373 204
373 1298
374 96
374 576
374 1488
376 38
376 199
376 983
376 1088
376 1180
376 1216
377 518
377 544
378 389
379 896
380 167
380 1871
384 69
384 141
384 144
384 210
384 226
384 266
384 300
384 522
384 689
384 720
384 1065
384 1074
384 1076
384 1926
385 208
385 272
385 291
385 327
385 397
385 992
385 1037
385 1162
385 1164
385 1328
385 1343
386 80
386 512
386 769
386 1037
386 1057
386 1232
386 1292
386 1345
386 1792
387 18
387 289
387 336
387 1144
387 1792
388 0
388 27
388 36
388 96
388 98
388 146
388 160
388 388
388 441
388 540
388 562
388 593
388 1044
388 1186
388 1625
388 1830
389 574
389 920
389 979
389 1025
389 1164
389 1184
390 515
390 673
390 688
390 1031
390 1050
390 1954
391 561
391 1048
391 1188
391 1747
392 25
392 188
392 320
392 388
392 864
392 1130
392 1292
392 1314
393 3
393 68
393 96
393 1041
393 1065
393 1385
393 1500
394 144
394 212
394 308
394 692
394 771
394 1034
394 1119
394 1124
394 1169
394 1317
394 1541
395 89
395 818
395 1039
395 1056
395 1384
396 0
396 112
396 289
396 546
397 13
397 112
397 364
397 1073
398 70
398 704
398 1211
398 1682
399 18
399 368
400 1
400 140
400 468
400 580
400 649
400 696
400 1043
400 1062
400 1073
400 1617
400 1641
400 1858
401 1
401 16
401 208
401 430
401 770
401 1040
401 1180
401 1432
401 1674
402 27
402 90
402 355
402 642
403 28
403 82
403 256
403 530
403 547
403 656
403 1844
404 20
404 21
404 32
404 364
404 512
404 549
404 1089
404 1792
404 1888
405 34
405 72
405 1058
405 1416
406 350
407 8
407 68
407 80
407 1042
407 1334
408 0
408 22
408 68
408 112
408 256
409 14
409 68
409 520
409 1601
410 580
410 1349
411 328
411 1820
412 192
412 403
412 1274
412 1920
413 392
415 391
416 9
416 313
416 773
416 1254
416 1291
416 1302
416 1604
416 2011
417 69
417 426
417 544
417 1121
417 1170
417 1340
418 160
418 380
418 516
418 542
419 18
419 107
419 273
419 1207
419 1621
419 1741
420 202
420 282
420 320
420 326
420 520
420 578
420 828
420 1464
420 1805
420 1912
421 548
421 590
421 652
421 963
421 1138
421 1636
422 44
422 102
422 322
422 448
422 1051
422 1280
422 1320
422 1998
423 6
423 16
423 640
423 1536
424 16
424 66
424 998
424 1192
425 608
425 1035
425 1098
425 1144
426 190
426 321
426 768
426 1536
427 528
428 65
428 67
428 197
428 513
428 800
429 676
429 832
429 1412
430 529
430 1651
432 15
432 128
432 386
432 580
432 889
432 1281
432 1314
433 256
433 689
433 1044
433 1336
433 1610
433 1632
433 1794
434 1
434 24
434 64
434 66
434 263
434 516
434 1025
434 1236
434 1956
435 1932
436 1090
436 1371
437 75
437 522
437 704
438 48
439 1442
440 34
440 224
440 648
440 1050
441 8
441 168
441 276
441 1044
441 1062
441 1311
441 1314
442 1540
443 546
444 1032
444 1044
444 1538
445 1145
446 41
446 500
446 515
446 1618
447 48
447 476
448 4
448 11
448 24
448 172
448 504
448 528
448 791
448 838
448 1033
448 1378
449 0
449 130
449 141
449 282
449 309
449 1226
449 1346
449 1546
449 1877
450 4
450 57
450 244
450 884
450 1097
450 1361
451 52
451 1028
451 1168
451 1264
451 1300
451 1926
452 22
452 128
452 460
452 588
452 794
452 1216
452 1286
452 1546
452 1583
452 1618
453 1249
453 1304
453 1316
453 1348
454 114
454 301
454 304
454 512
454 868
454 1203
454 1312
454 1385
454 1968
455 1032
456 257
456 308
456 454
456 1176
456 1200
456 1342
456 1345
456 1538
456 1669
457 256
458 465
458 1036
458 1066
458 1154
459 68
459 1321
459 1669
460 10
460 101
460 226
460 516
460 549
460 773
460 810
460 1027
460 1063
460 1098
460 1808
461 10
461 1056
461 1667
462 266
462 549
462 593
462 1028
462 1326
463 436
463 592
464 19
464 138
464 177
464 594
464 757
464 1065
464 1417
464 1449
465 392
466 40
466 144
466 157
466 284
466 441
466 608
466 1113
467 32
467 64
467 72
467 1086
467 1154
467 1190
468 33
468 665
468 922
469 16
469 67
469 68
469 692
469 1008
469 1344
469 1738
470 1377
471 28
471 712
472 376
472 805
472 1154
473 546
473 936
473 1026
473 1920
474 7
474 192
474 213
474 228
474 336
474 393
475 100
475 396
475 524
475 579
476 484
476 515
476 529
477 1025
478 110
478 834
478 1308
479 1062
480 129
480 514
480 585
480 1121
480 1674
480 1998
481 586
481 670
481 681
481 772
481 1169
482 1226
482 1611
483 340
484 556
484 769
484 808
484 1251
485 192
485 1328
485 1937
487 1312
487 1437
488 66
488 129
488 213
488 320
488 344
488 512
489 1
489 1672
490 652
491 1
491 64
491 533
492 34
492 205
492 524
492 688
493 321
493 705
494 326
494 841
494 1089
496 64
496 82
496 134
496 513
496 1041
496 1544
496 1552
497 62
497 473
497 553
497 1025
497 1194
497 1268
498 112
498 1443
499 1081
500 249
500 346
500 858
500 985
500 1575
500 1582
501 272
501 1268
503 34
503 72
503 88
504 1728
505 147
506 4
506 576
506 1112
506 1122
506 1169
506 1290
507 1174
507 1348
508 92
508 178
508 296
510 59
510 434
511 0
511 1608
512 2
512 8
512 10
512 16
512 22
512 32
512 128
512 245
512 464
512 570
512 580
512 584
512 631
512 657
512 669
512 849
512 968
512 1058
512 1064
512 1108
512 1120
512 1128
512 1152
512 1188
512 1216
512 1278
512 1323
512 1410
512 1478
512 1713
512 1811
512 1923
513 3
513 5
513 69
513 140
513 170
513 196
513 370
513 397
513 406
513 529
513 593
513 962
513 1044
513 1164
513 1332
513 1377
513 1797
513 1984
514 4
514 33
514 61
514 259
514 312
514 585
514 650
514 768
514 769
514 800
514 1072
514 1289
514 1489
514 1577
515 11
515 32
515 64
515 144
515 321
515 328
515 640
515 659
515 669
515 898
515 1033
515 1136
515 1178
515 1464
515 1548
515 1602
515 1729
516 90
516 194
516 471
516 491
516 528
516 561
516 609
516 816
516 846
516 1042
516 1088
516 1090
516 1305
517 0
517 15
517 166
517 336
517 398
517 496
517 512
517 548
517 1564
517 1696
518 1
518 211
518 485
518 577
518 652
518 769
518 1115
518 1898
519 1
519 772
519 904
519 1024
519 1065
519 1401
519 1908
520 12
520 17
520 99
520 129
520 148
520 180
520 181
520 182
520 326
520 367
520 512
520 520
520 1024
520 1236
520 1240
520 1425
520 1540
520 1921
520 1930
521 33
521 120
521 140
521 227
521 541
521 1031
522 19
522 21
522 29
522 144
522 153
522 160
522 689
522 1152
522 1456
522 1564
522 1668
522 1892
523 64
523 96
523 336
523 528
523 530
523 545
523 608
523 648
524 64
524 328
524 418
524 534
524 768
524 951
524 1800
525 72
525 219
525 307
525 456
525 1544
526 16
526 272
526 1140
526 1224
527 395
528 107
528 141
528 288
528 326
528 343
528 474
528 787
528 838
528 856
528 1040
528 1096
528 1100
528 1120
528 1155
528 1316
528 1342
528 1429
528 1968
528 1993
529 0
529 2
529 17
529 137
529 279
529 517
529 536
529 552
529 833
529 904
529 1113
529 1132
529 1573
529 1698
530 135
530 258
530 386
530 844
530 877
530 924
530 1060
530 1121
530 1192
530 1358
531 152
531 300
531 517
531 769
531 842
531 1765
531 1844
532 6
532 327
532 596
532 600
532 1056
532 1590
533 261
533 330
533 577
533 1065
533 1090
533 1385
533 1494
534 26
534 864
534 1089
535 6
535 139
535 320
535 338
535 674
536 13
536 256
536 277
536 283
536 542
536 1024
536 1029
536 1095
536 1123
536 1358
536 1440
536 1550
536 1610
536 1900
537 51
537 82
537 182
537 356
537 589
537 609
537 804
537 1092
537 1507
537 1510
538 264
538 332
538 574
538 778
538 1077
538 1411
538 1509
539 32
539 36
539 337
539 354
540 66
540 132
540 576
540 1056
540 1376
541 163
541 404
541 848
541 1040
541 1064
541 1090
541 1101
541 1544
542 801
542 1820
543 1696
544 33
544 128
544 130
544 157
544 256
544 512
544 543
544 642
544 673
544 772
544 777
544 804
544 1040
544 1089
544 1115
544 1168
544 1538
544 1636
544 1665
544 1708
545 0
545 9
545 16
545 68
545 130
545 154
545 246
545 338
545 393
545 396
545 467
545 753
545 838
545 1024
545 1069
545 1097
545 1154
545 1156
545 1303
545 1500
545 1807
546 5
546 6
546 224
546 268
546 284
546 388
546 462
546 1096
546 1551
546 1638
546 1750
547 98
547 264
547 629
547 869
547 1013
547 1089
547 1464
547 1713
548 257
548 258
548 264
548 603
548 608
548 716
548 810
548 1029
548 1048
548 1104
548 1107
548 1218
548 1670
548 1722
548 1726
549 1
549 136
549 165
549 214
549 307
549 535
549 644
549 862
549 1262
549 1282
549 1366
549 1801
549 1809
549 1986
550 28
550 66
550 113
550 518
550 568
550 1041
550 1168
550 1770
551 328
551 576
551 1298
551 1434
552 19
552 81
552 130
552 142
552 192
552 516
552 591
552 1156
552 1184
552 1859
553 24
553 88
553 320
553 1026
553 1041
553 1259
554 4
554 289
554 449
554 833
554 1025
554 1225
554 1913
555 700
555 738
555 976
555 1056
555 1184
555 1794
555 2040
556 17
556 272
556 1032
556 1042
556 1060
556 1986
557 42
557 53
557 94
557 136
557 319
557 369
557 1189
558 5
558 26
558 100
558 205
558 964
558 1034
558 1360
559 18
559 241
559 261
559 413
559 1098
559 1217
560 0
560 13
560 56
560 90
560 272
560 307
560 385
560 577
560 582
560 840
560 1536
560 1865
561 3
561 33
561 580
561 738
561 925
561 1166
562 0
562 9
562 289
562 400
562 496
562 544
562 1024
562 1072
562 1265
562 1801
563 4
563 72
563 139
563 320
563 336
563 1028
564 1
564 9
564 18
564 273
564 646
564 728
564 821
564 1024
564 1060
564 1290
564 1440
564 1676
565 982
565 1263
565 1553
565 1684
565 1936
566 26
566 144
566 544
566 1424
567 268
568 2
568 80
568 408
568 656
568 768
568 1024
568 1645
569 81
569 139
569 1222
569 1292
570 258
570 272
570 583
570 1425
571 1
572 256
573 704
573 1024
574 260
575 1168
576 32
576 165
576 196
576 202
576 259
576 320
576 395
576 524
576 653
576 776
576 784
576 802
576 884
576 936
576 940
576 1033
576 1538
576 1792
576 1980
577 133
577 193
577 261
577 315
577 412
577 474
577 540
577 584
577 644
577 1073
577 1153
577 1456
577 1648
578 9
578 65
578 265
578 641
578 696
578 839
578 1029
578 1243
578 1281
579 33
579 137
579 140
579 186
579 215
579 1144
579 1155
579 1405
579 1537
579 1874
580 162
580 186
580 789
580 1161
580 1283
580 1289
580 1312
580 1314
580 1358
580 1444
581 70
581 334
581 514
581 640
581 1182
581 1474
582 96
582 256
582 328
582 525
582 783
582 820
582 880
582 1183
582 1603
583 11
583 33
583 42
583 970
583 1104
583 1316
584 6
584 138
584 162
584 323
584 426
584 1417
584 1442
584 1676
585 31
585 173
585 177
585 178
585 286
585 352
585 432
585 618
585 1574
585 1793
586 40
586 224
586 1152
586 1322
586 1510
587 12
587 321
587 438
587 788
587 962
588 21
588 129
588 256
588 266
588 1329
588 1407
588 1409
588 1868
589 1059
589 1062
589 1574
589 1667
590 27
590 1302
591 52
591 226
591 1113
592 16
592 64
592 256
592 275
592 297
592 375
592 530
592 556
592 902
592 1034
592 1096
592 1100
592 1220
592 1833
593 32
593 202
593 394
593 473
593 576
593 578
593 712
593 721
593 1092
593 1381
593 1749
594 67
594 547
594 933
594 1121
594 1224
595 221
595 1145
595 1377
596 52
596 163
596 313
596 824
596 836
596 899
597 1096
597 1420
598 20
598 24
598 480
598 594
598 1159
598 1352
599 444
599 749
599 768
600 10
600 196
600 251
600 536
600 1363
600 1384
600 1804
601 18
601 534
601 1542
601 1955
602 11
602 25
602 1045
603 898
604 741
605 473
605 1193
605 1858
606 5
606 1541
607 0
607 1926
608 194
608 312
608 498
608 547
608 553
608 602
608 1028
608 1192
608 1280
608 1284
608 1304
608 1312
608 1554
609 8
609 512
609 1091
609 1315
609 1618
609 1896
610 79
610 80
610 96
610 157
610 194
610 324
610 326
610 369
610 1093
610 1281
610 1364
610 1590
610 1792
611 0
611 422
611 531
611 1098
611 1328
612 13
612 576
612 1415
612 1417
612 1604
613 1152
613 1669
613 1907
614 128
614 188
614 912
614 1311
615 165
615 185
615 809
615 963
615 970
615 1344
616 518
616 580
616 773
616 909
616 924
616 1156
616 1377
617 272
617 326
618 33
618 326
618 688
619 1
619 80
619 1192
619 1330
620 201
620 554
620 868
620 1532
621 676
621 729
621 1024
621 1568
622 44
622 160
622 256
622 611
623 168
624 308
624 611
624 1229
624 1433
625 301
625 503
625 1162
626 8
626 76
626 96
626 146
626 556
627 544
627 1588
627 1636
628 314
628 536
628 1026
629 6
629 128
629 1054
630 392
630 482
631 132
631 1674
632 364
632 568
632 1035
632 1196
632 1573
632 1891
633 516
634 442
634 1172
636 1538
637 102
637 309
638 1092
638 1153
639 12
640 0
640 6
640 70
640 80
640 100
640 108
640 113
640 135
640 194
640 265
640 400
640 408
640 545
640 553
640 657
640 752
640 808
640 820
640 886
640 968
640 1050
640 1056
640 1098
640 1181
640 1282
640 1300
640 1683
640 1861
641 3
641 266
641 737
641 772
641 778
641 900
641 915
641 1029
641 1185
641 1440
641 1832
642 8
642 107
642 128
642 393
642 601
642 1092
642 1124
642 1136
642 1352
642 1437
642 1600
643 0
643 4
643 672
643 1360
643 1545
643 1619
643 1696
644 257
644 1056
644 1095
644 1120
644 1508
644 1967
645 106
645 128
645 133
645 184
645 330
645 1285
645 1481
646 8
646 16
646 77
646 256
646 320
646 549
646 580
646 594
646 1169
646 1196
646 1344
647 63
647 280
647 288
647 590
647 774
647 1072
647 1098
647 1536
647 1601
648 0
648 16
648 176
648 185
648 259
648 322
648 384
649 121
649 308
649 1074
649 1281
649 1305
649 1652
649 1669
649 1697
649 1808
650 104
650 140
650 178
650 936
650 1024
651 78
651 352
652 52
652 56
652 376
652 582
652 618
652 632
652 1037
652 1352
652 1777
653 20
653 200
653 272
653 689
653 1053
654 55
654 647
654 1104
654 1134
655 0
656 32
656 128
656 256
656 400
656 887
656 1137
656 1580
656 1736
657 156
657 592
657 720
657 1153
658 44
658 401
658 1033
658 1229
658 1348
658 1611
658 1612
658 1797
658 1819
659 5
659 79
659 556
660 219
660 249
660 260
660 512
660 530
660 577
660 1033
660 1800
661 1610
662 3
662 137
662 153
662 156
662 222
662 426
662 453
662 512
662 834
662 1041
662 1812
662 1883
663 46
663 619
664 6
664 108
664 338
664 363
664 741
664 893
664 1040
664 1069
664 1295
664 1605
665 52
665 900
665 1220
665 1448
666 148
666 272
666 419
667 1152
667 1297
667 1409
668 66
668 656
668 662
668 1312
669 372
669 1232
669 1328
669 1580
670 1552
670 1667
671 360
671 544
671 640
671 768
671 1025
671 1440
672 74
672 113
672 199
672 257
672 269
672 386
672 450
672 757
672 856
672 1284
672 1290
672 1388
672 1402
672 1504
673 64
673 130
673 134
673 235
673 330
673 512
673 545
673 611
673 910
674 116
674 224
674 266
674 402
674 468
674 620
674 1124
674 1289
674 1536
674 1538
674 1920
675 40
675 59
675 549
675 1166
675 1880
676 71
676 104
676 145
676 156
676 962
676 1580
676 1744
677 33
677 44
677 80
679 65
679 264
679 514
679 1062
680 6
680 152
680 212
680 396
680 630
680 1105
680 1780
681 0
681 256
681 313
681 663
681 1168
682 417
682 811
683 16
683 782
684 7
684 68
684 144
684 1824
685 24
685 279
686 1732
686 1978
687 288
687 785
687 1544
688 192
688 280
688 1051
688 1072
688 1252
688 1307
689 0
689 20
689 133
689 544
689 1552
690 24
690 192
690 226
690 521
690 1609
691 136
691 1024
692 30
692 1030
692 1053
692 1240
693 415
693 525
693 1620
694 10
695 1139
696 556
696 768
696 1738
697 10
697 1122
698 1242
698 1753
699 1088
699 1364
700 220
700 1937
700 1981
701 392
701 402
701 1105
702 338
704 148
704 259
704 321
704 337
704 524
704 1050
704 1081
704 1154
704 1293
705 128
705 368
705 481
705 904
705 1035
705 1350
706 403
706 530
706 708
706 878
706 1092
706 1192
706 1273
707 56
708 100
708 266
708 1290
708 1421
709 342
709 388
709 1075
709 1168
709 1845
710 237
710 400
710 1089
710 1176
710 1316
710 1344
711 452
712 199
712 408
712 722
712 815
712 1300
712 1319
712 1378
712 1623
712 1668
713 4
713 48
713 197
713 1184
714 32
714 72
714 167
714 385
714 441
714 452
714 814
714 890
714 1040
714 1173
714 1195
714 1300
715 34
715 53
715 65
715 66
715 1065
716 32
716 56
716 257
716 497
716 513
717 108
717 1072
718 34
718 43
718 740
718 792
718 801
718 806
718 1026
718 1027
719 522
719 1608
720 39
720 48
720 326
720 393
720 615
720 747
720 1104
720 1160
721 123
721 548
721 898
722 51
722 278
722 1184
722 1385
723 836
724 11
724 1172
724 1793
725 1210
726 334
726 441
726 801
727 1514
728 962
728 1058
728 1795
729 3
729 8
729 182
729 1312
729 1320
730 263
730 960
730 1299
732 27
732 81
732 521
732 1298
733 17
733 106
734 14
734 38
735 324
736 15
736 362
736 424
736 641
736 768
736 770
736 1024
736 1284
737 1
737 520
737 544
737 1303
737 1442
737 1820
738 68
738 70
738 197
738 516
738 1434
739 16
739 106
739 744
739 1869
740 135
740 170
740 918
740 938
741 262
741 606
741 1979
742 515
742 966
742 1106
742 1646
743 544
744 8
744 268
744 466
745 4
745 1318
746 1302
747 937
747 1188
748 443
749 154
749 1620
751 778
752 378
752 1037
753 42
753 529
753 869
753 1035
754 19
754 385
754 1328
755 24
755 518
755 1281
756 130
756 518
756 772
756 1125
756 1285
758 1208
758 1245
759 913
759 1161
760 164
760 513
760 544
760 1408
761 112
761 340
761 937
762 72
762 1282
764 560
764 1089
765 322
765 1162
766 33
767 1540
768 59
768 84
768 133
768 282
768 319
768 514
768 573
768 770
768 833
768 864
768 1665
769 16
769 39
769 384
769 779
769 802
769 1024
769 1032
769 1675
769 1813
769 1980
769 1988
770 21
770 24
770 68
770 81
770 197
770 206
770 428
770 458
770 640
770 792
770 868
770 1028
770 1052
770 1094
770 1123
770 1482
771 199
771 580
771 800
771 1088
772 1
772 6
772 195
772 264
772 445
772 553
772 560
772 664
772 864
772 894
772 1368
772 1546
772 1713
773 272
773 754
773 904
773 1029
773 1320
773 1438
773 1635
774 344
774 596
774 1024
774 1032
774 1788
774 2025
775 197
775 928
776 8
776 21
776 159
776 273
776 345
776 352
776 683
776 841
776 848
776 928
776 1024
777 80
777 530
777 674
777 1132
777 1293
777 1488
778 17
778 100
778 132
778 216
778 763
778 832
778 880
778 1414
779 85
779 132
779 1074
779 1306
779 1378
780 10
780 74
780 568
780 570
780 586
780 833
780 1037
780 1164
781 128
781 132
781 649
781 705
781 800
781 1091
781 1179
781 1218
782 532
782 583
782 588
782 1168
782 1366
782 1552
782 1557
783 144
783 150
783 373
783 1328
784 4
784 21
784 144
784 187
784 530
784 862
784 1216
784 1288
784 1604
784 1842
785 68
785 1028
785 1030
786 36
786 49
786 80
786 256
786 291
786 348
786 395
786 1028
786 1158
786 1165
786 1195
787 640
787 1172
787 1317
787 1957
788 3
788 21
788 554
788 650
788 946
788 1056
788 1231
788 1264
788 1562
789 1
789 869
789 1058
789 1454
789 1539
790 100
790 290
790 1744
791 216
791 275
791 1056
791 1204
791 1297
791 1520
792 1
792 673
792 1322
793 316
793 524
793 544
793 1064
793 1093
793 1105
793 1974
794 34
794 148
794 858
794 1625
794 1816
795 14
795 20
795 45
795 1926
796 528
796 594
796 1528
796 2001
798 3
798 87
798 521
798 1486
800 0
800 106
800 260
800 288
800 328
800 387
800 992
800 1152
800 1168
801 16
801 128
801 140
801 143
801 144
801 165
801 192
801 401
801 770
801 896
801 1219
801 1264
801 1346
801 1414
801 1739
802 13
802 134
802 273
802 566
802 727
802 1041
802 1472
802 1866
803 50
803 94
803 151
803 390
803 713
803 1044
803 1250
803 1296
804 329
804 568
804 884
804 1213
804 1285
805 5
805 544
805 788
805 1370
806 12
806 28
806 200
806 288
806 426
806 1264
806 1288
806 1542
807 169
807 257
807 480
807 1296
808 22
808 113
808 1050
809 264
809 1221
810 13
810 216
810 288
810 517
810 1347
810 1374
810 1474
811 208
811 708
811 1250
812 186
812 220
812 704
812 845
812 1057
813 176
813 1027
814 42
814 1558
815 141
816 35
816 257
816 1412
816 1565
816 1568
817 134
817 1366
818 1284
819 28
819 462
819 551
819 820
819 1472
820 971
821 32
821 69
821 600
822 41
822 1260
822 1349
822 1428
823 21
823 144
823 512
824 32
825 48
825 798
825 1444
826 290
826 512
826 1345
826 1547
827 1609
828 1623
829 8
829 1584
829 1613
830 550
831 1643
831 1842
832 3
832 30
832 176
832 262
832 329
832 393
832 530
832 668
832 708
832 761
832 774
832 1202
832 1594
832 1606
832 1673
832 1945
833 522
833 646
833 1024
833 1223
833 1282
833 1344
833 1443
834 69
834 144
834 388
834 407
834 579
834 613
834 701
834 936
834 1032
834 1109
835 496
835 1209
836 65
836 263
836 697
836 882
836 1120
836 1360
836 1409
836 1525
836 1537
836 1543
836 1802
837 48
837 228
837 1289
837 1566
838 0
838 549
838 912
838 1098
838 1136
838 1310
839 277
840 94
840 288
840 1313
840 1841
841 55
841 472
841 720
841 1434
842 18
842 102
842 134
842 290
842 329
842 449
842 1057
842 1748
842 2009
843 136
843 1408
844 64
844 809
844 866
844 1435
845 611
845 1204
846 38
846 106
847 520
847 1299
848 5
848 137
848 1176
848 1444
849 5
849 1024
850 200
850 456
850 1028
851 32
851 132
851 306
851 476
851 579
852 2
852 80
852 82
852 320
852 897
852 1572
852 2004
853 176
853 1545
854 135
854 227
854 400
856 3
856 161
856 263
856 406
856 1031
857 12
857 86
858 384
858 453
858 1056
860 5
860 1200
860 1546
861 106
861 688
861 1875
862 130
863 0
863 529
864 9
864 96
864 388
864 579
864 654
864 1054
864 1312
864 1543
865 325
866 136
866 139
866 320
866 544
866 647
866 1056
867 144
867 196
867 419
867 584
868 16
868 22
868 656
868 774
868 1029
868 1083
868 1590
869 514
869 916
869 1796
870 32
870 512
870 1176
872 96
872 400
872 1290
873 4
873 5
874 105
874 148
874 1350
875 1796
876 274
876 416
876 449
876 832
876 1296
876 1348
877 41
877 264
878 2004
879 43
880 1
880 131
880 613
880 1312
881 132
881 142
881 418
881 570
882 120
882 679
882 869
882 964
882 1032
883 0
883 79
883 1740
884 143
884 770
884 849
885 24
886 821
887 585
887 744
888 128
888 1184
890 194
890 720
892 773
893 74
894 1736
896 100
896 102
896 256
896 266
896 344
896 406
896 407
896 412
896 520
896 793
896 1264
896 1280
896 1348
897 51
897 69
897 244
897 497
897 1086
897 1112
897 1682
897 1996
897 2018
898 200
898 209
898 263
898 579
898 597
898 1024
898 1117
898 1641
898 1664
899 45
899 68
899 586
899 1032
900 44
900 187
900 860
900 1024
900 1176
900 1584
901 1
901 1273
901 1312
901 1566
902 560
902 1100
902 1360
902 1549
903 218
903 336
903 524
903 776
904 8
904 24
904 143
904 154
904 262
904 600
904 1168
904 1665
904 1800
905 16
905 22
905 644
905 1513
906 592
906 664
907 49
908 3
908 518
908 1184
908 1250
908 1356
909 588
909 656
909 1030
909 1220
910 32
910 401
910 672
910 1042
911 32
911 100
911 128
912 40
912 1056
912 1558
912 1569
913 421
913 1540
913 1816
914 89
914 113
914 165
914 218
914 266
914 1584
915 282
916 52
916 96
916 608
916 792
916 1176
916 1288
916 1346
916 1801
917 526
918 90
918 1109
919 278
919 461
919 669
920 116
920 164
920 229
920 582
920 1936
921 26
921 815
921 2037
922 169
922 519
922 1377
924 384
924 1043
924 1116
925 258
925 355
926 1220
928 39
928 136
928 386
928 770
928 1034
928 1613
928 1768
928 1938
929 34
929 1218
930 5
930 138
930 545
930 548
930 1120
930 1536
930 1777
931 14
931 225
931 369
931 404
931 1026
931 1037
931 1042
932 134
932 547
932 829
932 1542
933 544
933 1024
933 1344
933 1888
934 524
934 634
934 1827
936 1
936 521
936 684
936 704
936 1132
937 128
937 141
937 619
937 1134
937 1602
938 73
938 356
938 1040
938 1988
939 1275
940 512
941 9
941 1352
943 1574
944 276
945 2
945 32
945 840
945 1044
947 24
947 1024
948 27
948 336
952 162
952 294
952 1222
952 1287
953 6
953 1346
954 33
954 88
954 278
954 401
954 1825
956 78
956 164
956 213
956 268
956 1104
956 1537
957 5
957 1298
957 1669
958 269
958 897
960 47
960 99
960 169
960 185
960 256
960 260
960 1216
960 1604
961 230
962 6
962 280
962 545
963 8
963 1572
964 2
964 130
964 320
964 611
966 0
966 16
966 576
966 901
966 1047
966 1153
967 12
967 902
967 1065
967 1117
967 1868
968 670
969 96
969 524
969 843
969 882
970 230
972 5
972 136
973 16
973 46
973 76
973 333
973 365
973 1184
974 52
974 256
974 1570
975 588
976 131
976 394
976 514
976 547
976 644
976 1096
976 1314
976 1618
977 504
977 1027
978 1284
979 1566
980 392
980 566
981 64
981 520
981 1046
982 1027
982 1092
983 1172
983 1536
984 18
984 262
984 1078
984 1148
984 1412
985 1156
985 1712
986 1187
987 269
987 339
989 1056
990 2000
991 88
992 14
992 380
992 514
992 641
992 772
992 1056
992 1538
993 1482
994 64
994 151
994 1604
995 21
995 152
995 578
995 1296
996 322
997 290
997 856
998 209
998 481
998 1416
1000 8
1000 168
1000 246
1000 296
1000 1328
1001 1108
1001 1410
1001 1536
1001 1664
1002 1093
1004 452
1005 2
1005 1682
1007 730
1009 52
1009 1352
1010 528
1012 578
1012 1081
1013 408
1013 928
1017 144
1017 1216
1018 5
1019 1243
1020 1536
1023 48
1024 0
1024 100
1024 141
1024 379
1024 514
1024 528
1024 643
1024 873
1024 1026
1024 1050
1024 1068
1024 1130
1024 1175
1024 1280
1024 1827
1025 24
1025 36
1025 48
1025 74
1025 130
1025 158
1025 256
1025 281
1025 289
1025 332
1025 532
1025 536
1025 837
1025 1050
1025 1051
1025 1084
1025 1189
1025 1569
1025 1953
1025 1988
1026 40
1026 133
1026 147
1026 258
1026 260
1026 512
1026 520
1026 541
1026 645
1026 673
1026 696
1026 714
1026 716
1026 826
1026 833
1026 834
1026 910
1026 1025
1026 1032
1026 1104
1026 1134
1026 1224
1026 1496
1026 1779
1027 34
1027 210
1027 347
1027 532
1027 802
1027 1389
1027 1860
1027 1895
1028 144
1028 146
1028 169
1028 257
1028 258
1028 456
1028 522
1028 653
1028 898
1028 1089
1028 1312
1028 1600
1028 1630
1028 1641
1028 1752
1029 18
1029 20
1029 304
1029 578
1029 1284
1029 1312
1029 1496
1030 3
1030 32
1030 128
1030 129
1030 720
1030 1120
1030 1122
1030 1153
1030 1192
1030 1330
1030 1677
1031 84
1031 104
1031 304
1031 324
1031 456
1031 844
1031 1084
1031 1204
1031 1609
1032 3
1032 5
1032 68
1032 72
1032 132
1032 202
1032 226
1032 258
1032 264
1032 360
1032 513
1032 514
1032 1062
1032 1100
1032 1300
1032 1833
1032 1866
1032 1993
1033 10
1033 37
1033 140
1033 578
1033 647
1033 740
1033 1026
1033 1538
1033 1572
1033 1617
1033 1884
1034 6
1034 39
1034 64
1034 122
1034 433
1034 1284
1034 1750
1035 4
1035 129
1035 132
1035 741
1035 803
1035 1104
1035 1135
1035 1289
1035 1312
1035 1488
1036 192
1036 434
1036 517
1036 544
1036 563
1036 841
1036 1152
1036 1544
1036 1620
1037 4
1037 10
1037 258
1037 284
1037 1033
1037 1313
1037 1553
1038 24
1038 325
1038 632
1038 673
1038 1032
1038 1088
1038 1569
1039 1779
1040 13
1040 42
1040 64
1040 103
1040 184
1040 194
1040 302
1040 330
1040 895
1040 900
1040 952
1040 1414
1040 1542
1040 1636
1040 1686
1040 1793
1041 0
1041 102
1041 369
1041 414
1041 527
1041 546
1041 928
1041 1062
1041 1088
1041 1275
1041 1530
1042 52
1042 138
1042 674
1042 792
1042 1068
1042 1119
1042 1185
1042 1312
1042 1537
1043 138
1043 857
1043 1066
1043 1072
1043 1298
1044 9
1044 646
1044 697
1044 756
1044 1834
1045 534
1045 691
1046 75
1046 101
1046 114
1046 133
1046 518
1046 1078
1047 18
1047 258
1047 275
1047 803
1048 16
1048 33
1048 133
1048 772
1048 787
1048 1392
1048 1674
1048 1952
1049 60
1049 98
1049 310
1049 456
1049 522
1049 712
1049 807
1049 944
1049 1040
1049 1090
1049 1569
1049 1586
1050 8
1050 42
1050 656
1050 1569
1051 202
1051 740
1051 1845
1052 9
1052 26
1052 1030
1052 1063
1053 64
1053 266
1053 531
1053 1103
1053 1108
1053 1410
1054 387
1054 1248
1054 1577
1054 1746
1054 2012
1055 178
1056 160
1056 206
1056 258
1056 308
1056 320
1056 322
1056 569
1056 604
1056 665
1056 1028
1056 1061
1056 1170
1056 1296
1056 1545
1056 1744
1056 1872
1057 50
1057 132
1057 261
1057 344
1057 366
1057 516
1057 848
1057 1110
1057 1126
1057 1232
1057 1298
1058 32
1058 36
1058 200
1058 257
1058 273
1058 528
1058 540
1058 609
1058 649
1058 661
1058 688
1058 1028
1058 1312
1058 1586
1058 1683
1058 1751
1059 8
1059 10
1059 168
1059 203
1059 451
1059 634
1059 1091
1060 16
1060 36
1060 62
1060 116
1060 130
1060 135
1060 192
1060 547
1060 552
1060 584
1060 833
1060 852
1060 904
1060 1141
1060 1232
1060 1482
1060 1601
1060 1618
1060 1732
1061 129
1061 166
1061 225
1061 353
1061 476
1061 1034
1061 1605
1061 1654
1062 2
1062 96
1062 531
1062 560
1062 612
1062 996
1062 1024
1062 1433
1062 1558
1062 1803
1063 40
1063 116
1063 300
1063 902
1063 933
1064 10
1064 80
1064 82
1064 259
1064 352
1064 515
1064 560
1064 576
1064 772
1064 1124
1064 1660
1065 232
1066 176
1066 1208
1066 1370
1067 24
1067 32
1067 113
1067 272
1067 284
1067 385
1067 1095
1067 1316
1067 1811
1068 325
1068 412
1068 498
1068 674
1068 915
1068 1230
1068 1308
1068 1857
1069 86
1069 160
1069 664
1069 931
1069 1124
1069 1824
1070 113
1070 1376
1071 1072
1071 1649
1072 40
1072 314
1072 341
1072 527
1072 559
1072 578
1072 935
1072 940
1072 946
1072 1210
1072 1601
1072 1729
1073 18
1073 42
1073 145
1073 696
1073 705
1073 1938
1074 18
1074 261
1074 576
1074 906
1074 1025
1074 1408
1075 113
1075 128
1075 185
1075 726
1075 1995
1076 34
1076 57
1076 136
1076 212
1076 317
1076 553
1076 554
1076 589
1076 1042
1076 1140
1076 1440
1076 1554
1076 1744
1076 1840
1077 28
1077 56
1077 1544
1078 570
1078 1075
1078 1184
1078 1310
1079 79
1079 163
1079 693
1080 28
1080 546
1081 225
1081 1284
1081 1602
1082 65
1082 166
1082 212
1082 712
1082 1025
1083 12
1083 44
1083 49
1083 540
1083 1590
1084 316
1084 560
1084 801
1084 1601
1084 1799
1084 2040
1085 289
1085 800
1085 1025
1086 114
1087 352
1087 544
1087 1538
1088 0
1088 9
1088 32
1088 64
1088 72
1088 176
1088 464
1088 490
1088 560
1088 570
1088 654
1088 960
1088 1082
1088 1216
1088 1716
1088 1810
1089 0
1089 83
1089 171
1089 516
1089 520
1089 582
1089 664
1089 1036
1089 1446
1090 80
1090 128
1090 408
1090 436
1090 515
1090 660
1090 769
1090 1145
1090 1208
1091 721
1091 1104
1091 1221
1091 1716
1092 5
1092 33
1092 34
1092 66
1092 135
1092 256
1092 312
1092 328
1092 618
1092 753
1092 805
1092 842
1092 1284
1092 1313
1092 1315
1092 1411
1092 1832
1093 672
1093 1824
1093 1840
1094 0
1094 8
1094 34
1094 384
1094 1235
1095 265
1095 1464
1095 1696
1095 1728
1096 87
1096 176
1096 263
1096 267
1096 310
1096 421
1096 537
1096 598
1096 640
1096 704
1096 1059
1097 30
1097 52
1097 152
1097 256
1097 688
1097 896
1097 1077
1097 1397
1097 1622
1097 1793
1098 268
1098 544
1098 939
1098 1176
1098 1400
1098 1768
1098 1808
1099 36
1099 69
1099 96
1099 350
1099 385
1099 520
1099 819
1099 1037
1100 17
1100 26
1100 172
1100 257
1100 404
1100 687
1100 896
1100 936
1100 1103
1100 1376
1101 0
1101 699
1102 56
1102 193
1102 857
1102 1160
1103 771
1103 773
1103 1260
1103 1841
1104 0
1104 49
1104 107
1104 160
1104 228
1104 320
1104 496
1104 560
1104 1120
1104 1284
1104 1292
1104 1631
1104 1692
1105 226
1105 308
1105 1573
1105 1932
1106 208
1106 676
1106 953
1106 1362
1107 161
1107 245
1107 256
1108 24
1108 38
1108 135
1108 1030
1108 1040
1108 1064
1108 1074
1108 1312
1109 28
1109 138
1109 168
1109 385
1109 580
1109 772
1110 192
1110 260
1110 630
1110 726
1110 1030
1110 1360
1110 1540
1111 193
1111 197
1111 453
1112 1
1112 480
1112 768
1112 772
1112 896
1113 38
1113 420
1114 1
1114 17
1114 278
1114 318
1114 324
1114 546
1114 624
1115 7
1115 907
1116 64
1116 84
1116 136
1116 528
1116 552
1116 716
1116 1649
1116 1952
1117 1207
1117 1573
1118 42
1118 201
1118 1345
1118 1600
1119 4
1119 69
1120 1
1120 10
1120 15
1120 23
1120 325
1120 517
1120 530
1120 592
1120 806
1120 1544
1120 1799
1121 132
1121 548
1121 910
1121 1193
1122 4
1122 6
1122 165
1122 536
1122 664
1122 963
1122 1048
1122 1312
1123 16
1123 54
1123 321
1124 99
1124 326
1124 436
1124 542
1124 624
1124 668
1124 773
1124 844
1125 640
1125 656
1126 8
1126 164
1126 385
1126 897
1126 1368
1127 72
1127 98
1127 801
1128 68
1128 328
1128 466
1128 592
1128 598
1128 801
1128 1224
1129 52
1129 76
1129 520
1129 913
1129 1094
1129 1794
1130 258
1130 409
1130 896
1130 1304
1130 1589
1130 1793
1130 1799
1131 304
1131 517
1131 1833
1132 288
1132 337
1132 506
1132 705
1132 1024
1133 9
1133 1240
1133 1356
1134 225
1135 1231
1136 544
1136 601
1136 900
1136 1032
1136 1280
1136 1388
1137 13
1137 582
1137 816
1137 912
1138 7
1138 61
1138 220
1138 312
1138 364
1138 521
1138 546
1138 589
1138 1161
1139 130
1139 402
1139 1676
1140 27
1140 104
1140 210
1140 356
1140 1088
1140 1836
1141 1288
1141 1592
1142 44
1142 89
1142 144
1142 154
1142 1233
1143 84
1143 1117
1144 97
1144 176
1144 225
1144 396
1144 1344
1144 1606
1144 1644
1145 773
1145 1025
1146 1550
1147 259
1147 576
1147 714
1148 1178
1148 1243
1149 736
1150 92
1150 130
1150 518
1150 1604
1151 781
1151 1158
1152 0
1152 6
1152 9
1152 37
1152 112
1152 134
1152 140
1152 157
1152 192
1152 256
1152 257
1152 258
1152 276
1152 516
1152 537
1152 633
1152 652
1152 924
1152 1064
1152 1169
1152 1216
1152 1506
1152 1536
1153 1
1153 4
1153 8
1153 26
1153 67
1153 144
1153 392
1153 514
1153 657
1153 960
1153 1053
1153 1185
1153 1282
1153 1371
1153 1443
1153 1593
1153 1728
1154 80
1154 93
1154 164
1154 202
1154 280
1154 514
1154 521
1154 580
1154 704
1154 1060
1154 1160
1154 1803
1155 64
1155 70
1155 92
1155 157
1155 643
1155 897
1155 1014
1155 1088
1155 1565
1155 1584
1155 1847
1156 14
1156 140
1156 198
1156 304
1156 454
1156 467
1156 517
1156 657
1156 792
1156 1033
1156 1034
1156 1225
1156 1729
1156 1750
1156 1889
1157 0
1157 210
1157 258
1157 299
1157 369
1157 840
1158 24
1158 134
1158 320
1158 393
1158 700
1158 1081
1158 1112
1158 1798
1159 39
1159 264
1159 296
1159 317
1159 539
1159 648
1159 785
1159 1048
1159 1549
1160 1
1160 2
1160 9
1160 15
1160 60
1160 64
1160 334
1160 448
1160 480
1160 594
1160 1082
1160 1438
1161 512
1161 531
1161 1504
1161 1893
1162 130
1162 196
1162 347
1162 1028
1162 1232
1163 330
1163 407
1163 528
1163 1280
1164 31
1164 530
1164 556
1164 1065
1164 1588
1164 1824
1165 34
1165 37
1165 74
1165 272
1165 1036
1166 16
1166 353
1166 1168
1167 83
1167 258
1167 1026
1168 167
1168 264
1168 271
1168 316
1168 317
1168 322
1168 387
1168 480
1168 630
1168 1224
1168 1539
1168 1848
1169 177
1169 262
1169 513
1169 610
1169 944
1169 1094
1169 1285
1169 1856
1170 60
1170 426
1170 1545
1170 1995
1171 96
1171 761
1171 836
1171 1130
1172 192
1172 269
1172 304
1172 546
1172 550
1172 560
1172 771
1172 1041
1172 1168
1172 1344
1172 1704
1173 42
1173 228
1173 305
1173 310
1173 601
1173 1384
1174 28
1175 121
1175 768
1175 1059
1175 2010
1176 2
1176 258
1176 291
1176 352
1176 524
1176 540
1176 1032
1176 1195
1176 1300
1176 1304
1177 465
1177 715
1177 1440
1178 0
1178 25
1178 259
1178 1049
1178 1336
1178 1796
1179 261
1179 544
1179 717
1179 772
1180 12
1180 796
1181 0
1181 4
1181 121
1181 226
1181 672
1181 728
1181 809
1181 1634
1181 1825
1181 1833
1182 392
1182 1026
1183 1203
1183 1614
1184 449
1184 770
1184 1187
1184 1356
1184 1836
1184 1861
1185 98
1185 100
1185 452
1185 548
1185 592
1185 897
1185 1833
1186 1
1186 44
1186 521
1186 603
1186 1137
1186 1202
1186 1293
1187 576
1187 1379
1188 32
1188 515
1188 1091
1188 1291
1188 1583
1188 1608
1189 44
1189 348
1189 548
1189 1024
1190 590
1190 1546
1191 276
1191 360
1191 392
1191 1169
1191 1291
1192 260
1192 533
1192 704
1192 793
1192 1704
1193 98
1193 160
1193 211
1193 515
1193 536
1193 961
1193 1048
1193 1052
1194 1414
1194 1890
1194 2013
1195 300
1195 730
1195 1637
1197 0
1197 164
1197 272
1198 27
1198 147
1198 282
1198 322
1198 1192
1198 1720
1199 55
1199 520
1199 1298
1200 7
1200 14
1200 114
1200 262
1200 584
1200 1130
1200 1665
1201 11
1201 656
1201 1028
1201 1704
1201 1813
1202 51
1202 66
1202 112
1202 196
1202 1089
1202 1096
1202 1553
1202 1650
1203 1996
1204 19
1204 79
1204 960
1204 1107
1204 1248
1205 19
1205 794
1205 802
1206 666
1207 516
1208 457
1208 998
1208 1025
1209 72
1209 1369
1210 105
1210 512
1210 1066
1211 528
1211 1024
1212 512
1212 1024
1213 640
1213 1034
1214 144
1214 300
1215 24
1215 48
1215 1206
1216 11
1216 89
1216 160
1216 774
1216 898
1216 1040
1216 1296
1216 1299
1216 1600
1217 64
1217 129
1217 246
1217 298
1217 308
1217 464
1217 761
1217 1074
1217 1152
1218 96
1218 247
1218 1174
1218 1257
1218 1634
1218 1712
1219 0
1219 22
1219 310
1219 558
1219 930
1219 1280
1219 1317
1220 128
1220 256
1220 346
1220 552
1220 691
1220 940
1221 21
1221 115
1221 199
1221 580
1221 599
1221 1418
1222 192
1222 290
1222 560
1222 583
1222 732
1222 977
1222 1488
1223 258
1223 481
1223 622
1224 16
1224 25
1224 83
1224 416
1224 675
1224 825
1224 1088
1224 1129
1224 1185
1224 1437
1225 960
1225 996
1225 1156
1226 501
1226 1364
1227 170
1227 597
1227 1057
1227 1090
1228 50
1228 656
1228 1320
1228 1808
1229 24
1229 139
1230 96
1230 1061
1230 1920
1231 120
1231 916
1231 1120
1232 19
1232 288
1232 1031
1232 1303
1232 1505
1232 1581
1233 70
1233 288
1233 621
1233 1320
1234 288
1234 554
1234 591
1234 1024
1234 1691
1235 148
1235 748
1235 1555
1236 48
1236 166
1236 278
1236 615
1237 358
1237 584
1237 1706
1238 21
1238 129
1238 206
1238 289
1238 450
1239 1448
1240 1
1240 5
1240 28
1240 760
1240 800
1240 812
1240 1093
1241 130
1241 641
1241 675
1242 420
1242 800
1242 1666
1243 345
1244 4
1244 160
1244 911
1244 1845
1245 1680
1246 30
1246 128
1248 158
1248 268
1248 385
1248 403
1248 425
1249 5
1249 526
1249 644
1249 770
1249 1105
1250 4
1250 257
1250 279
1250 453
1250 1568
1251 321
1251 562
1251 985
1251 1585
1252 19
1252 257
1252 266
1252 900
1252 977
1252 1573
1253 18
1253 1563
1254 3
1254 262
1254 289
1254 1989
1255 128
1255 560
1255 1336
1255 1800
1256 297
1256 834
1256 1977
1257 21
1257 336
1257 514
1257 1522
1257 1674
1258 400
1258 648
1258 1024
1258 1146
1259 330
1259 786
1260 1
1260 207
1260 328
1260 354
1260 766
1260 897
1261 192
1261 322
1261 336
1262 11
1262 16
1262 531
1264 140
1264 522
1264 715
1265 317
1265 548
1266 4
1266 456
1266 592
1266 1427
1266 1664
1268 7
1268 1064
1269 328
1269 1664
1269 1798
1271 1210
1271 1540
1272 35
1272 168
1272 276
1272 291
1272 313
1273 488
1274 569
1275 496
1275 1797
1276 136
1276 428
1276 1040
1276 1251
1277 1601
1278 514
1278 816
1278 1058
1278 1068
1279 1295
1280 0
1280 33
1280 129
1280 158
1280 172
1280 192
1280 273
1280 400
1280 542
1280 558
1280 784
1280 1025
1280 1026
1280 1186
1280 1509
1280 1596
1281 8
1281 44
1281 154
1281 491
1281 707
1281 1160
1281 1216
1281 1670
1281 1800
1281 1825
1282 24
1282 268
1282 535
1282 646
1282 1027
1282 1544
1282 1732
1283 10
1283 306
1283 311
1283 399
1283 412
1283 806
1283 1265
1284 33
1284 64
1284 100
1284 660
1284 912
1284 1110
1284 1168
1284 1574
1285 98
1285 293
1285 512
1285 524
1285 730
1285 1028
1285 1297
1285 1482
1285 1648
1286 336
1286 530
1286 536
1286 690
1286 1123
1286 1146
1286 1312
1286 1536
1286 1537
1286 1672
1287 38
1287 144
1287 236
1287 1188
1288 225
1288 343
1288 370
1288 522
1288 527
1288 705
1288 832
1288 1696
1288 2026
1289 1
1289 33
1289 226
1289 541
1289 1187
1289 1602
1290 48
1290 228
1290 409
1290 519
1290 578
1290 603
1290 1315
1290 1703
1290 1812
1291 33
1292 25
1292 43
1292 396
1292 868
1292 1049
1292 1602
1293 18
1294 228
1294 332
1294 656
1294 732
1294 804
1294 810
1294 1055
1294 1146
1295 178
1295 352
1295 1028
1295 1090
1295 1636
1296 2
1296 34
1296 70
1296 96
1296 136
1296 204
1296 244
1296 577
1296 786
1296 825
1296 1240
1296 1541
1297 34
1297 44
1297 188
1297 204
1297 578
1297 804
1298 71
1298 145
1298 204
1298 289
1298 1040
1298 1057
1298 1286
1298 1347
1298 1416
1298 1552
1298 1570
1299 624
1299 883
1299 1496
1300 129
1300 161
1300 972
1300 1087
1300 1178
1300 1340
1300 1489
1301 234
1301 1184
1301 1840
1302 720
1302 771
1302 1250
1302 1682
1303 68
1303 81
1303 266
1303 305
1303 540
1304 35
1304 97
1304 117
1304 302
1304 416
1304 552
1304 711
1304 772
1304 913
1304 1300
1304 1447
1304 1732
1305 519
1305 548
1305 1446
1305 1561
1306 4
1306 216
1306 775
1306 1061
1307 66
1307 320
1307 967
1308 25
1308 257
1308 308
1308 676
1308 912
1309 1182
1310 271
1310 329
1312 21
1312 643
1312 1139
1312 1224
1312 1241
1312 1660
1313 4
1313 66
1313 240
1313 276
1313 534
1313 769
1313 866
1313 1028
1313 1078
1313 1169
1313 1408
1313 1413
1313 1635
1314 439
1314 774
1314 937
1314 1056
1314 1322
1314 1869
1315 2
1315 304
1315 405
1315 1028
1315 1829
1316 3
1316 78
1316 80
1316 440
1316 579
1316 869
1316 1028
1316 1041
1316 1058
1316 1530
1316 1539
1316 1684
1317 34
1317 45
1317 515
1317 780
1317 1106
1317 1152
1317 1198
1317 1495
1318 0
1318 674
1318 1095
1319 322
1319 523
1319 924
1319 1640
1320 153
1320 838
1320 1025
1320 1146
1320 1428
1320 1827
1321 44
1321 148
1321 172
1321 424
1321 578
1322 8
1322 168
1322 256
1322 262
1322 714
1322 1221
1324 772
1324 2001
1325 704
1325 805
1326 400
1326 1222
1326 1425
1327 1299
1327 1580
1328 16
1328 296
1328 1592
1329 162
1329 1583
1330 129
1331 16
1331 65
1332 4
1332 34
1332 81
1332 520
1332 681
1332 1038
1333 803
1333 1294
1334 28
1334 392
1334 668
1334 1455
1336 259
1336 1232
1336 1770
1337 16
1338 69
1338 670
1339 118
1339 1123
1339 1320
1339 1490
1340 135
1340 1043
1341 435
1341 640
1341 644
1342 264
1343 152
1344 14
1344 104
1344 130
1344 332
1344 407
1344 418
1344 511
1344 513
1344 658
1344 753
1344 813
1344 1183
1344 1317
1344 1336
1344 1536
1344 1682
1345 153
1345 186
1345 207
1345 405
1345 501
1345 1036
1345 1091
1345 1231
1345 1722
1345 1882
1346 303
1346 496
1346 568
1346 932
1346 1282
1347 51
1347 68
1347 641
1347 1062
1347 1408
1348 25
1348 1122
1348 1201
1348 1288
1348 1316
1349 146
1349 266
1349 276
1349 338
1349 472
1350 88
1350 101
1350 128
1350 137
1350 1088
1351 1408
1352 0
1352 104
1352 194
1352 772
1352 1026
1352 1298
1352 1696
1353 48
1353 136
1353 282
1353 352
1353 570
1353 1037
1353 1152
1354 22
1354 134
1354 609
1354 680
1354 1955
1355 333
1355 944
1355 1028
1355 1267
1356 5
1356 346
1356 806
1356 937
1356 1153
1356 1840
1357 326
1357 409
1357 536
1358 100
1358 300
1358 391
1358 515
1359 282
1360 48
1360 172
1360 372
1360 597
1360 1024
1360 1193
1360 1444
1360 1608
1360 1664
1360 1938
1361 128
1361 164
1361 934
1362 26
1362 264
1362 640
1362 1064
1362 1154
1362 1346
1362 1524
1362 1690
1363 104
1364 65
1364 466
1364 1222
1365 72
1365 804
1366 82
1366 1024
1366 1443
1366 1538
1367 1
1367 560
1367 1205
1368 16
1368 17
1368 22
1368 136
1368 552
1368 704
1368 1185
1369 45
1369 536
1369 1442
1369 1676
1370 545
1370 1457
1370 1537
1370 1922
1371 256
1372 416
1372 1109
1372 1768
1373 1386
1374 612
1374 1237
1375 228
1376 24
1376 192
1376 270
1376 424
1376 578
1376 770
1376 784
1376 1202
1377 16
1377 278
1377 520
1377 1024
1377 1040
1377 1408
1378 164
1378 297
1378 1280
1378 1544
1378 1562
1379 288
1380 291
1380 394
1380 558
1380 718
1380 810
1380 1058
1380 1174
1381 97
1381 558
1381 787
1382 57
1382 246
1383 536
1383 1066
1383 1280
1384 38
1384 144
1384 296
1384 692
1384 842
1384 1112
1384 1159
1384 1484
1384 1612
1385 400
1385 737
1386 318
1386 488
1387 333
1387 545
1388 40
1388 968
1388 1764
1389 70
1389 574
1390 512
1390 788
1390 1216
1390 1226
1391 1090
1391 1153
1391 1911
1392 1090
1392 1322
1392 1356
1393 668
1393 1547
1393 1664
1394 48
1394 358
1395 261
1395 386
1396 257
1397 629
1397 1620
1397 1936
1398 348
1398 1442
1399 198
1399 1153
1400 130
1400 984
1401 34
1402 1041
1403 68
1403 570
1404 561
1405 1825
1408 0
1408 53
1408 225
1408 240
1408 257
1408 262
1408 305
1408 396
1408 843
1408 881
1408 1043
1408 1122
1408 1126
1408 1204
1408 1472
1408 1745
1409 4
1409 14
1409 36
1409 139
1409 259
1409 1222
1409 1857
1410 3
1410 40
1410 1061
1410 1442
1411 256
1411 342
1411 1185
1412 38
1412 131
1412 342
1412 584
1412 640
1412 722
1412 742
1412 768
1412 953
1412 1026
1412 1733
1412 1867
1413 571
1413 817
1413 820
1413 1320
1413 1608
1414 552
1414 1058
1414 1333
1414 1803
1415 8
1415 124
1415 933
1415 1062
1416 9
1416 46
1416 76
1416 264
1416 808
1416 974
1416 1536
1416 1696
1417 536
1417 1414
1417 1728
1418 188
1418 718
1418 1954
1419 20
1419 326
1419 416
1419 1064
1420 536
1420 1044
1420 1067
1421 452
1421 1060
1421 1970
1422 1032
1422 1552
1423 514
1423 1259
1424 32
1424 65
1424 85
1424 167
1424 523
1424 525
1424 669
1424 915
1424 1103
1424 1179
1425 373
1426 64
1426 265
1426 366
1426 650
1426 672
1426 1045
1426 1078
1426 1250
1426 1536
1427 531
1427 776
1428 32
1428 512
1428 533
1428 1083
1428 1159
1428 1171
1428 1416
1428 1606
1428 1673
1429 32
1429 34
1429 43
1429 130
1429 160
1429 1070
1430 26
1430 49
1430 201
1430 273
1430 1424
1431 1268
1432 555
1432 737
1432 1091
1432 1426
1432 1738
1432 1804
1432 1832
1433 74
1433 380
1433 1480
1433 1846
1434 279
1434 578
1436 1044
1437 270
1438 11
1438 258
1438 1157
1439 1352
1440 19
1440 48
1440 128
1440 428
1440 524
1440 532
1440 606
1440 675
1440 1034
1441 66
1441 93
1441 177
1441 204
1441 1038
1441 1236
1441 1285
1441 1546
1442 17
1442 18
1442 532
1442 609
1442 676
1442 832
1443 49
1443 52
1443 293
1443 328
1443 800
1443 1140
1444 585
1444 608
1444 837
1444 1058
1444 1553
1445 609
1445 1938
1446 330
1446 644
1447 1306
1447 1536
1447 1714
1448 16
1448 21
1448 41
1448 266
1448 513
1448 518
1448 564
1448 1064
1448 1560
1448 1972
1449 2
1449 64
1449 102
1449 464
1449 1284
1449 1412
1450 72
1450 296
1450 577
1450 603
1450 784
1450 933
1451 142
1451 1044
1453 1032
1453 1189
1453 1553
1454 299
1455 258
1455 1218
1456 114
1456 150
1456 211
1456 272
1456 770
1456 771
1456 1729
1456 1776
1457 24
1457 228
1457 1037
1457 1162
1459 10
1459 160
1459 1284
1459 1321
1459 1616
1460 32
1460 720
1460 1220
1460 1729
1460 1824
1461 198
1461 283
1461 1031
1461 1168
1464 845
1466 36
1468 288
1468 776
1468 1536
1469 1600
1470 521
1470 776
1472 6
1472 39
1472 256
1472 358
1472 808
1472 1048
1472 1053
1472 1300
1472 1394
1472 2007
1473 401
1473 513
1473 544
1474 3
1474 33
1474 40
1474 64
1474 276
1474 1273
1474 1330
1474 1611
1475 5
1475 34
1475 68
1475 1057
1475 1638
1476 993
1476 1174
1476 1289
1476 1298
1476 1306
1477 1107
1477 1180
1478 1369
1479 66
1479 260
1479 272
1480 73
1480 210
1480 1056
1480 1235
1480 1356
1481 394
1481 1662
1482 136
1482 772
1482 994
1482 1073
1482 1354
1483 48
1483 136
1483 270
1483 352
1483 698
1484 375
1484 413
1484 593
1484 1664
1485 1233
1486 1183
1487 52
1487 1564
1488 320
1488 951
1488 1122
1489 148
1489 261
1489 546
1489 1085
1490 12
1490 16
1490 33
1490 330
1490 609
1490 1362
1491 281
1492 923
1493 640
1493 1538
1495 589
1496 106
1496 361
1496 1792
1497 162
1497 324
1498 0
1498 3
1498 543
1498 564
1499 11
1499 771
1500 140
1500 1795
1501 521
1504 40
1504 144
1504 172
1504 267
1504 801
1504 1220
1504 1420
1505 74
1505 156
1505 176
1506 1738
1507 2
1507 544
1507 1152
1507 1168
1508 256
1508 537
1508 1049
1509 405
1509 780
1509 1449
1510 1216
1511 177
1511 1606
1513 530
1513 1032
1513 1033
1515 25
1518 944
1518 1553
1519 563
1520 1074
1520 1338
1521 1068
1521 1256
1522 20
1522 32
1522 386
1522 394
1522 416
1522 1189
1524 701
1524 814
1524 1698
1525 1626
1526 1010
1526 1430
1526 1545
1527 408
1528 40
1528 1078
1530 620
1530 1096
1531 777
1532 1601
1534 56
1534 297
1536 22
1536 64
1536 83
1536 89
1536 100
1536 202
1536 340
1536 353
1536 354
1536 394
1536 396
1536 512
1536 531
1536 553
1536 708
1536 736
1536 931
1536 948
1536 976
1536 1024
1536 1097
1536 1168
1536 1248
1536 1408
1536 1562
1536 1601
1536 1605
1536 1664
1537 29
1537 206
1537 264
1537 450
1537 464
1537 542
1537 656
1537 771
1537 1028
1537 1048
1537 1187
1537 1557
1538 11
1538 197
1538 333
1538 512
1538 517
1538 520
1538 1026
1538 1161
1538 1537
1538 1649
1539 16
1539 119
1539 259
1539 329
1539 977
1539 1140
1540 8
1540 21
1540 74
1540 146
1540 158
1540 391
1540 520
1540 694
1540 911
1540 1032
1540 1082
1540 1257
1540 1841
1541 1
1541 114
1541 272
1541 339
1541 650
1541 770
1541 1041
1541 1056
1542 17
1542 74
1542 129
1542 1920
1543 12
1543 32
1543 384
1543 436
1543 736
1543 1268
1543 2039
1544 16
1544 65
1544 136
1544 183
1544 234
1544 299
1544 373
1544 683
1544 820
1544 1156
1544 1213
1544 1346
1544 1553
1544 1769
1545 31
1545 32
1545 51
1545 407
1545 518
1545 544
1546 80
1546 244
1546 260
1546 533
1546 633
1546 1096
1546 1337
1547 422
1547 1793
1548 17
1548 86
1548 320
1548 545
1548 682
1548 843
1548 1592
1548 1712
1549 260
1549 1064
1550 10
1550 260
1550 769
1550 1026
1550 1913
1551 72
1551 269
1551 565
1551 672
1552 262
1552 328
1552 515
1552 612
1552 1288
1552 1591
1552 1664
1552 1861
1552 1922
1553 424
1553 768
1553 1208
1553 1636
1554 76
1554 256
1554 397
1554 461
1554 580
1554 1189
1554 1207
1555 163
1555 714
1556 88
1556 195
1556 263
1556 562
1556 1202
1556 1361
1557 257
1557 560
1557 1234
1557 1557
1558 16
1558 80
1558 672
1559 64
1559 87
1559 162
1559 200
1559 276
1559 1069
1560 69
1560 257
1560 290
1560 1680
1561 360
1561 395
1561 513
1561 1032
1561 1619
1562 0
1562 600
1562 1314
1563 772
1563 1121
1563 1723
1564 530
1564 706
1564 1094
1565 1088
1565 1804
1566 540
1567 1030
1567 1858
1568 63
1568 197
1568 258
1568 261
1568 352
1568 444
1568 644
1568 783
1568 1024
1568 1075
1568 1939
1569 5
1569 76
1569 164
1569 328
1569 456
1569 641
1569 771
1569 803
1569 987
1569 1048
1569 1219
1569 1555
1570 17
1570 20
1570 50
1570 143
1570 401
1570 420
1570 593
1570 644
1570 677
1570 1553
1571 78
1571 256
1571 801
1571 1541
1572 18
1572 65
1572 1056
1572 1112
1573 52
1573 261
1573 352
1573 577
1573 1130
1573 1403
1574 100
1574 256
1574 1049
1574 1092
1574 1619
1574 1708
1574 1747
1575 3
1575 276
1575 308
1575 1357
1575 1566
1576 24
1576 180
1576 338
1576 744
1576 785
1576 1809
1577 413
1577 1228
1577 1603
1577 1890
1578 579
1578 710
1578 781
1578 1090
1579 212
1580 21
1580 112
1580 1442
1581 140
1582 65
1582 219
1582 451
1582 688
1582 800
1583 896
1583 909
1584 34
1584 57
1584 65
1584 150
1584 389
1584 576
1584 1072
1584 1304
1584 1562
1584 1665
1585 110
1585 961
1586 78
1586 1164
1586 1678
1587 149
1587 185
1587 336
1588 0
1588 226
1588 1070
1588 1653
1589 21
1589 213
1589 912
1590 9
1590 1410
1591 45
1591 79
1591 1281
1591 1413
1592 2
1592 21
1592 33
1592 204
1592 691
1592 1197
1592 1555
1592 1681
1593 906
1593 1579
1594 470
1595 1030
1595 1058
1595 1380
1596 120
1596 288
1596 322
1596 818
1596 1158
1596 1332
1596 1672
1597 88
1597 1944
1598 1434
1599 116
1600 0
1600 53
1600 88
1600 222
1600 257
1600 272
1600 412
1600 900
1600 1026
1600 1944
1601 162
1601 326
1601 1065
1601 1092
1601 1332
1601 1354
1601 1537
1601 1874
1602 260
1602 284
1602 362
1602 1057
1602 1075
1602 1376
1603 214
1603 1538
1604 8
1604 26
1604 81
1604 204
1604 1114
1604 1626
1605 88
1605 482
1605 529
1605 824
1606 151
1606 177
1606 760
1606 1082
1606 1253
1607 4
1607 259
1607 404
1607 784
1608 32
1608 208
1608 768
1608 1521
1609 311
1609 660
1609 1222
1610 2
1610 30
1610 220
1612 256
1612 588
1612 608
1612 614
1612 685
1612 1288
1612 1504
1612 1794
1612 1844
1613 236
1613 618
1613 816
1614 150
1614 802
1614 1156
1615 1335
1616 128
1616 132
1616 146
1616 446
1616 577
1617 17
1617 163
1617 294
1617 674
1617 1062
1618 651
1618 734
1618 1642
1619 64
1619 336
1619 445
1619 450
1620 72
1620 74
1620 108
1620 643
1621 1040
1622 28
1622 375
1622 488
1622 586
1622 1543
1623 78
1623 1039
1624 24
1624 161
1624 336
1624 490
1624 1089
1624 1282
1625 16
1626 1091
1626 1241
1626 1588
1627 450
1627 642
1628 650
1629 101
1629 181
1629 402
1631 38
1631 531
1631 1249
1632 276
1632 323
1632 401
1632 813
1632 1104
1632 1164
1632 1298
1632 1952
1633 36
1633 1108
1634 198
1634 357
1634 737
1636 649
1636 1027
1636 1046
1636 1064
1637 55
1637 350
1637 769
1638 754
1638 1354
1638 1671
1639 232
1639 825
1639 1633
1639 1736
1640 16
1640 24
1640 337
1640 435
1641 114
1641 320
1642 56
1642 768
1643 388
1643 406
1643 792
1643 1292
1643 1592
1644 426
1644 1024
1644 1036
1644 1320
1645 806
1645 1063
1646 196
1646 533
1648 24
1648 25
1648 33
1648 68
1648 1033
1648 1067
1648 1199
1649 2
1649 1570
1650 1669
1651 572
1651 1156
1652 182
1652 472
1652 575
1652 1025
1652 1354
1653 642
1653 1400
1654 236
1655 360
1655 1154
1655 1792
1656 1080
1656 1212
1657 144
1658 549
1660 1024
1661 6
1661 1105
1661 1194
1661 1296
1663 1077
1663 1160
1664 35
1664 80
1664 1029
1664 1032
1664 1056
1664 1124
1664 1585
1664 1636
1664 1731
1664 1813
1664 1980
1665 1
1665 137
1665 202
1665 242
1665 1072
1665 1256
1665 1328
1665 1374
1666 20
1666 327
1666 528
1666 848
1666 1424
1666 1568
1666 1882
1667 64
1667 579
1667 768
1667 1169
1667 1428
1667 1800
1668 8
1668 305
1668 790
1668 1394
1668 1403
1668 1425
1668 1642
1668 1744
1668 1875
1669 20
1669 64
1669 137
1669 608
1669 677
1669 1281
1669 1864
1670 6
1670 24
1671 17
1671 865
1671 887
1671 1297
1672 20
1672 105
1672 131
1672 466
1672 484
1672 898
1672 906
1672 1277
1672 1300
1673 19
1673 514
1673 1346
1674 320
1674 520
1674 692
1674 875
1674 1344
1675 44
1676 512
1676 1906
1677 730
1677 736
1678 114
1678 1299
1678 1792
1679 1538
1680 197
1680 256
1680 257
1680 392
1680 796
1680 903
1680 1003
1680 1041
1681 854
1681 952
1681 1246
1681 1800
1682 407
1682 549
1683 260
1683 1208
1683 1722
1684 107
1685 4
1685 170
1685 377
1685 546
1685 573
1685 1295
1686 10
1686 68
1686 518
1686 1052
1687 389
1687 840
1687 1014
1688 228
1688 519
1688 616
1688 661
1689 135
1689 518
1689 1824
1690 516
1690 1648
1691 1041
1692 1640
1695 325
1695 1600
1696 5
1696 156
1696 608
1696 961
1696 1476
1697 89
1697 96
1697 1041
1697 1949
1698 0
1698 305
1698 457
1698 528
1698 713
1698 1040
1698 1154
1698 1869
1699 2
1699 28
1699 384
1700 52
1700 112
1700 546
1700 816
1700 1128
1700 1584
1701 548
1702 123
1702 148
1702 1291
1703 884
1703 1424
1704 0
1704 1249
1704 1376
1705 1040
1705 1430
1706 1352
1707 852
1708 228
1708 704
1708 1036
1708 1590
1709 1926
1710 264
1710 1218
1711 0
1711 28
1711 1034
1712 17
1712 87
1712 300
1712 544
1713 36
1713 40
1713 296
1714 128
1714 163
1714 1315
1714 1445
1715 1664
1716 17
1716 1040
1716 1044
1716 1568
1717 218
1717 1024
1718 644
1718 985
1719 69
1719 1096
1720 57
1720 120
1720 171
1721 518
1722 512
1722 1297
1723 292
1724 386
1724 421
1725 1315
1725 1480
1725 1680
1726 4
1726 96
1728 20
1728 330
1728 980
1728 1057
1728 1796
1729 5
1729 398
1729 492
1729 1041
1730 3
1730 263
1730 504
1730 628
1730 880
1730 1074
1730 1185
1730 1288
1731 100
1731 129
1731 1293
1732 1
1732 96
1732 264
1732 430
1732 648
1732 834
1732 1344
1733 4
1733 44
1733 704
1734 72
1735 2
1736 142
1736 173
1736 262
1736 408
1736 1566
1736 1984
1737 448
1737 881
1737 969
1738 96
1738 133
1738 1063
1739 936
1740 264
1740 420
1740 599
1740 720
1740 1419
1741 145
1741 648
1741 1029
1744 0
1744 72
1744 1298
1744 1796
1745 68
1745 648
1745 708
1745 1080
1746 609
1746 960
1746 1033
1747 70
1747 82
1747 833
1747 1668
1748 64
1749 968
1749 1104
1750 327
1750 835
1750 1034
1751 436
1752 522
1752 724
1752 1028
1753 1796
1757 152
1758 594
1759 1294
1760 24
1761 62
1761 104
1761 260
1761 802
1761 1161
1761 1568
1762 54
1762 65
1762 140
1762 291
1762 634
1762 1026
1762 1033
1762 1416
1762 1725
1763 673
1763 1314
1763 1412
1764 56
1764 547
1764 1204
1765 899
1766 320
1766 453
1766 518
1768 28
1768 835
1769 32
1769 52
1769 129
1770 317
1770 1032
1771 1795
1773 91
1774 1537
1775 273
1775 1440
1776 39
1776 150
1776 193
1776 357
1776 616
1776 801
1776 1036
1778 1025
1779 578
1780 1283
1780 1388
1781 269
1784 1056
1784 1432
1785 1620
1788 82
1788 1029
1789 1058
1790 4
1792 40
1792 149
1792 521
1792 1003
1792 1856
1792 1975
1793 8
1793 316
1793 650
1793 1417
1793 1418
1793 1497
1793 1512
1793 1606
1794 68
1794 69
1794 128
1794 1111
1794 1584
1795 705
1796 4
1796 80
1796 147
1796 148
1796 551
1796 1042
1796 1051
1797 535
1797 579
1798 173
1798 482
1798 1086
1798 1201
1799 0
1799 322
1799 752
1799 1513
1800 136
1800 288
1800 397
1800 550
1800 841
1800 1137
1800 1368
1801 137
1801 204
1801 222
1801 572
1801 806
1801 834
1801 1562
1802 1216
1802 1223
1803 48
1803 532
1803 641
1803 1126
1803 1233
1804 11
1804 35
1804 44
1804 104
1804 209
1804 1028
1804 1100
1804 1152
1804 1924
1805 545
1806 984
1807 2
1808 292
1808 424
1808 535
1808 540
1808 1344
1808 1604
1809 0
1809 193
1809 259
1809 657
1809 1540
1809 1552
1810 98
1810 390
1810 1163
1811 54
1811 320
1811 352
1811 772
1812 204
1812 1088
1813 324
1814 14
1814 800
1814 1202
1815 232
1816 1
1816 44
1816 97
1816 596
1817 5
1817 684
1817 978
1818 896
1818 930
1818 1024
1818 1163
1820 22
1820 1176
1821 4
1821 975
1821 1043
1822 536
1822 731
1822 1204
1823 277
1824 136
1824 1550
1824 1732
1824 1955
1825 21
1825 69
1825 171
1825 232
1825 1988
1826 177
1826 208
1826 514
1826 839
1826 1198
1826 1704
1826 1800
1827 80
1827 89
1827 189
1827 1089
1827 1124
1828 55
1828 230
1828 256
1828 1080
1828 1153
1829 92
1829 284
1829 1850
1830 32
1830 78
1830 164
1830 216
1830 580
1830 970
1831 1049
1832 10
1832 76
1832 1065
1832 1152
1832 1571
1832 1594
1833 6
1834 577
1834 1056
1834 1228
1834 1792
1836 1432
1836 1608
1836 1996
1837 1602
1839 971
1839 1154
1840 64
1840 295
1842 384
1842 394
1842 1031
1842 1297
1842 1744
1843 236
1843 288
1843 585
1843 1090
1844 98
1844 257
1844 385
1844 520
1844 1083
1845 552
1845 675
1846 64
1846 240
1846 729
1846 916
1847 617
1847 1192
1847 1586
1847 1663
1848 120
1848 1058
1848 1866
1849 228
1849 273
1850 96
1851 196
1851 1104
1852 64
1852 738
1852 869
1852 1551
1853 1060
1854 1200
1856 79
1856 206
1856 294
1856 520
1856 784
1857 144
1857 545
1857 970
1857 1248
1858 129
1858 393
1858 449
1858 674
1859 657
1859 1942
1860 328
1862 214
1862 845
1862 1120
1862 1322
1862 1993
1863 776
1863 1040
1864 12
1864 69
1864 158
1864 308
1864 365
1864 1096
1864 1143
1864 1379
1865 36
1865 231
1865 320
1865 534
1866 268
1866 385
1866 1614
1867 1084
1868 24
1868 400
1868 1102
1869 259
1869 393
1869 1361
1870 788
1870 1296
1870 1536
1870 1546
1871 285
1871 415
1871 536
1872 77
1872 318
1872 1280
1872 1312
1873 268
1873 401
1873 1067
1874 17
1874 1815
1876 90
1876 608
1876 1568
1877 18
1877 74
1877 336
1877 1356
1878 188
1878 204
1879 1408
1880 12
1880 300
1880 1282
1880 1324
1881 68
1881 208
1881 837
1885 2
1886 1076
1888 107
1888 800
1888 1232
1888 1544
1889 140
1890 1032
1891 260
1891 1152
1892 20
1892 589
1892 649
1892 1106
1892 1536
1893 1
1894 1022
1895 44
1895 1128
1896 528
1897 477
1898 278
1899 191
1899 1664
1900 8
1900 742
1900 1026
1901 612
1901 1455
1902 1875
1903 20
1904 256
1904 388
1904 722
1905 262
1905 527
1905 896
1905 1120
1906 386
1908 1620
1909 265
1909 576
1909 1296
1910 452
1910 1947
1911 1324
1912 8
1912 1032
1912 1272
1914 268
1914 456
1914 512
1914 521
1916 965
1916 1055
1916 1114
1917 678
1920 3
1920 82
1920 92
1920 458
1920 1697
1920 2017
1921 15
1921 24
1921 419
1921 1052
1922 68
1922 149
1922 202
1922 258
1922 264
1922 891
1923 354
1923 1914
1924 9
1924 30
1924 32
1924 899
1924 938
1924 1607
1924 1960
1925 256
1925 371
1925 521
1925 842
1925 1083
1925 1154
1926 25
1926 41
1926 57
1926 97
1926 811
1926 898
1926 1642
1927 23
1927 404
1927 1028
1928 0
1928 83
1928 149
1928 257
1928 373
1928 525
1929 118
1930 36
1930 195
1930 628
1931 167
1931 283
1932 1024
1932 1562
1933 736
1933 1800
1933 1929
1934 330
1934 1556
1935 411
1936 7
1936 82
1938 28
1938 32
1938 65
1939 32
1939 262
1939 560
1940 206
1940 1043
1940 1297
1942 281
1942 1064
1943 849
1944 194
1944 216
1944 327
1944 720
1944 1222
1944 1296
1945 128
1945 1045
1946 1097
1947 79
1947 1096
1948 513
1948 1297
1949 22
1949 350
1949 1361
1950 36
1950 74
1951 384
1951 538
1951 1233
1952 316
1952 624
1952 1044
1953 10
1953 291
1953 825
1953 1060
1953 1165
1953 1541
1954 5
1954 320
1954 1574
1955 0
1955 222
1956 198
1957 0
1957 229
1958 10
1958 104
1958 840
1959 432
1959 450
1959 1104
1961 112
1962 36
1962 68
1962 790
1963 1606
1964 160
1966 20
1966 356
1967 607
1967 800
1967 1074
1968 1046
1968 1608
1969 200
1969 770
1969 1285
1972 587
1972 1143
1973 44
1973 266
1976 480
1976 905
1977 1295
1978 114
1979 162
1979 1556
1980 64
1980 260
1980 672
1981 440
1981 1026
1981 1028
1984 289
1984 1795
1985 35
1985 755
1985 1600
1986 108
1986 1050
1986 1189
1986 1637
1987 1026
1987 1364
1987 1812
1988 80
1988 1314
1988 1441
1989 64
1989 512
1989 1220
1989 1772
1989 1794
1990 1550
1992 1296
1992 1801
1992 1862
1993 617
1997 256
1997 783
1999 220
2000 73
2000 216
2000 835
2001 150
2001 850
2002 321
2003 1045
2004 1038
2006 0
2006 513
2008 400
2008 496
2008 1676
2009 1265
2010 282
2010 452
2011 160
2012 642
2012 661
2012 1088
2013 717
2014 553
2016 33
2017 6
2017 586
2017 1522
2018 1939
2020 26
2020 1668
2020 1701
2021 218
2022 281
2022 1344
2023 41
2023 272
2023 1567
2024 132
2024 360
2024 832
2025 24
2026 279
2027 64
2027 1260
2028 54
2028 134
2030 564
2032 165
2032 1158
2034 140
2035 5
2035 129
2035 721
2035 1218
2036 128
2039 704
2044 810
2045 1296
2047 129
