# Synthetic Kronecker Graph 
# Edges are directed 
0 0
0 2
0 4
0 8
0 11
0 24
0 48
0 56
0 60
1 2
1 4
1 5
1 8
1 12
1 14
1 17
1 32
1 40
1 41
1 48
2 8
2 14
2 16
2 27
2 37
2 41
2 44
3 9
3 36
3 52
4 16
4 20
4 32
5 0
5 16
5 24
5 30
5 46
6 39
6 42
6 49
6 56
7 1
7 2
7 14
8 0
8 2
8 3
8 6
8 10
8 13
8 32
8 36
8 39
8 46
9 0
9 28
9 35
10 0
10 3
11 7
11 16
12 5
12 8
12 57
13 3
13 7
15 32
16 17
16 24
16 29
16 32
16 48
17 9
17 49
18 2
18 10
18 36
18 41
19 6
19 38
19 40
20 9
20 40
20 48
21 1
21 24
21 32
22 49
23 12
24 2
24 24
24 32
24 36
24 37
24 48
24 55
25 4
26 5
26 16
27 8
27 24
28 1
29 1
29 9
29 28
29 34
29 57
30 2
30 32
32 1
32 4
32 31
32 32
32 48
33 2
33 5
33 25
33 45
34 1
36 32
36 39
36 56
40 0
40 2
40 4
40 21
40 32
41 8
41 17
41 24
41 28
42 0
42 17
42 30
42 58
43 54
45 8
45 26
46 23
47 16
47 25
47 56
48 0
48 1
48 3
48 12
48 21
48 33
49 8
49 9
50 10
50 44
50 49
51 0
53 0
53 10
53 32
54 16
54 36
57 2
57 19
60 17
61 4
62 1
62 3
62 36
63 0
63 21
