# Synthetic Kronecker Graph 
# Edges are directed 
0 4
0 16
0 26
0 50
0 64
0 76
0 80
0 97
0 128
0 129
0 136
0 153
0 167
0 206
0 212
0 244
1 8
1 11
1 15
1 24
1 30
1 63
1 68
1 129
1 130
1 162
1 166
1 208
1 234
2 0
2 2
2 5
2 8
2 21
2 52
2 129
2 136
2 161
2 234
3 123
3 138
3 162
4 38
4 67
4 97
4 99
4 104
4 112
4 166
5 0
5 37
5 54
5 70
5 105
5 107
5 151
5 220
5 224
6 81
6 138
6 139
7 8
7 152
7 164
8 0
8 3
8 16
8 22
8 24
8 88
8 96
8 116
8 135
8 136
8 168
8 192
8 237
9 20
9 77
9 144
9 230
10 4
10 16
10 34
10 64
10 126
10 149
10 168
10 172
10 201
10 244
11 82
11 152
11 188
12 2
12 43
12 135
12 223
12 233
13 51
13 141
14 20
14 22
14 32
14 37
14 48
14 100
14 112
14 135
14 239
15 1
15 64
16 8
16 38
16 51
16 72
16 136
16 144
16 170
16 180
16 194
16 195
17 2
17 50
17 110
17 113
18 9
18 22
18 64
18 93
18 128
18 147
18 162
19 0
19 8
19 12
19 16
19 112
20 17
20 78
20 100
20 136
20 217
21 80
22 0
22 1
22 16
22 30
22 104
23 1
23 220
24 8
24 194
24 225
25 40
25 161
26 5
26 16
26 65
26 81
26 97
26 98
26 167
27 8
27 23
27 31
27 35
28 20
28 66
28 67
28 96
28 128
29 32
29 172
29 178
30 2
31 25
32 10
32 65
32 81
32 82
32 131
32 136
32 162
32 167
32 180
32 229
33 67
33 210
34 0
34 60
34 64
34 96
34 108
34 113
34 114
34 131
34 192
35 74
35 218
36 1
36 4
36 21
36 51
36 102
36 136
36 209
36 212
37 8
37 20
37 129
37 134
37 145
37 146
37 168
38 21
38 66
39 32
39 220
40 11
40 51
41 98
41 114
41 128
41 129
41 138
42 3
42 10
42 36
42 136
43 2
43 65
43 192
43 210
44 18
44 60
44 84
44 152
44 192
45 16
45 48
45 66
45 241
46 6
46 32
46 101
46 102
47 0
47 108
48 0
48 8
48 51
48 53
48 64
48 82
48 102
48 146
49 1
49 23
49 35
49 58
49 73
49 130
49 131
50 0
50 28
50 34
50 132
51 115
52 102
52 112
52 140
52 162
52 164
52 172
53 5
53 68
54 51
54 181
55 186
56 0
56 3
56 42
56 48
56 78
58 66
59 12
59 64
59 92
59 224
60 3
60 208
64 0
64 1
64 49
64 61
64 71
64 107
64 129
64 138
64 182
64 230
65 0
65 2
65 22
65 52
65 109
65 128
65 155
66 1
66 2
66 3
66 20
66 46
66 70
67 0
67 49
67 74
68 8
68 17
68 36
68 37
68 136
68 210
68 229
68 235
69 1
69 8
69 61
69 98
69 137
70 0
70 11
70 13
70 179
71 16
71 64
71 202
71 227
72 22
72 32
72 79
72 86
72 88
72 129
72 149
73 1
73 4
73 76
74 169
74 200
74 214
75 18
75 32
76 63
76 208
77 40
78 41
78 65
79 234
80 6
80 32
80 46
80 68
80 89
80 98
80 160
81 7
81 36
81 64
81 80
81 170
81 176
82 0
82 6
82 72
82 84
82 104
82 165
83 0
83 48
84 11
84 64
85 189
86 0
86 6
86 129
87 135
87 224
88 0
88 38
88 52
88 72
89 2
89 96
89 109
90 145
90 184
90 233
91 1
92 159
93 34
94 8
94 62
94 204
94 219
96 5
96 6
96 16
96 32
96 36
96 37
96 150
96 210
97 154
97 174
98 8
98 72
98 128
99 170
99 208
100 81
100 145
100 161
101 0
101 22
101 137
102 188
102 226
104 50
104 149
104 195
105 34
105 168
107 3
107 217
108 11
108 16
108 44
108 129
108 130
108 132
108 234
109 53
109 84
110 238
112 12
112 32
112 141
112 200
112 229
113 9
113 32
114 29
114 32
114 213
115 44
115 116
115 195
116 1
116 56
116 128
116 224
117 152
117 193
118 6
118 104
118 182
119 0
119 66
120 12
120 65
120 90
120 180
120 224
122 2
122 131
124 41
124 83
125 0
125 133
126 4
126 192
128 1
128 9
128 14
128 33
128 35
128 44
128 66
128 78
128 149
128 192
128 202
128 210
128 220
128 240
129 69
129 96
129 128
129 172
130 1
130 3
130 9
130 112
131 0
131 160
132 44
132 82
132 130
132 160
132 193
132 209
133 1
133 58
133 112
133 144
133 148
134 64
134 85
134 170
135 68
136 1
136 4
136 35
136 145
136 170
136 229
137 5
137 10
137 21
137 138
138 5
138 54
138 162
138 177
139 0
139 25
140 0
140 192
141 26
141 44
141 129
142 19
142 33
144 12
144 36
144 96
144 101
144 102
144 129
144 226
145 4
145 16
145 24
146 52
146 67
146 89
146 144
147 68
148 36
148 116
148 129
148 137
148 164
149 36
149 44
149 242
150 12
150 18
150 131
151 7
151 16
152 2
152 5
152 65
153 53
153 78
153 97
153 166
153 241
154 0
154 192
155 128
156 176
157 13
157 132
157 225
158 75
159 169
159 216
160 16
160 38
160 64
160 80
160 137
160 141
160 168
161 0
161 23
161 74
161 100
161 128
161 144
161 152
162 3
162 4
162 7
162 96
162 136
162 220
163 0
163 10
163 58
163 81
164 6
164 25
165 49
165 75
165 136
165 210
166 42
167 25
167 68
168 0
168 8
168 26
168 82
168 115
168 133
168 134
168 138
168 144
168 186
168 195
169 32
169 62
169 147
169 163
169 164
170 67
170 151
171 11
171 176
172 8
172 24
173 192
176 1
176 6
176 34
177 106
178 1
178 5
178 33
178 136
178 156
179 67
180 6
180 32
180 128
181 172
181 197
182 122
183 4
183 48
184 64
184 97
184 108
184 192
185 40
185 69
185 169
185 192
185 193
186 4
186 8
186 23
187 74
187 177
189 0
189 131
189 160
190 8
190 24
190 128
191 130
192 0
192 3
192 14
192 22
192 165
192 201
192 224
192 237
193 0
193 2
193 8
193 9
193 18
193 144
194 25
194 204
195 72
195 76
195 104
196 0
196 5
196 76
196 92
196 96
197 57
198 100
198 109
198 153
199 65
200 67
200 165
200 232
201 9
201 16
201 110
201 176
204 10
204 19
205 232
206 19
206 232
208 1
208 66
208 195
208 226
209 16
209 36
209 38
209 63
211 218
212 129
213 34
215 64
216 120
216 156
216 224
217 20
219 65
220 11
220 28
222 184
223 10
224 80
224 129
225 30
225 215
225 228
226 67
226 129
227 9
227 129
228 4
228 26
228 101
229 144
231 3
231 130
231 140
232 3
232 8
232 85
233 84
233 148
234 12
236 201
237 1
237 132
238 54
240 1
240 18
240 65
240 128
240 163
241 26
242 193
243 24
244 41
244 89
246 1
246 8
247 32
247 79
248 0
248 1
249 4
249 49
249 128
249 224
251 106
252 12
253 218
