# Synthetic Kronecker Graph 
# Edges are directed 
0 2
0 5
0 8
0 19
0 21
0 32
0 49
0 70
0 84
0 88
0 104
0 109
0 125
1 4
1 16
1 100
1 108
2 0
2 5
2 48
2 54
2 80
2 86
3 2
3 13
3 49
3 74
3 94
3 96
4 33
4 34
4 50
4 82
5 1
5 2
5 16
5 22
5 24
5 38
7 5
7 6
7 21
7 25
8 2
8 18
8 22
8 24
8 32
8 64
8 67
8 74
8 81
9 51
9 60
9 66
9 80
9 116
9 124
10 0
10 6
10 10
10 17
11 4
11 27
11 86
12 16
12 18
12 32
12 121
13 28
13 82
14 3
14 32
14 68
14 105
15 10
15 56
16 0
16 10
16 11
16 54
16 64
16 67
16 75
17 26
17 71
17 125
18 28
18 73
19 70
20 0
20 36
20 83
21 3
21 68
21 80
21 105
22 0
22 7
22 12
24 24
24 42
24 68
25 1
25 10
26 0
26 8
26 64
28 0
30 2
30 33
30 79
31 5
31 32
32 0
32 4
32 5
32 45
32 49
32 53
32 72
32 89
32 120
33 19
33 101
33 103
34 0
34 1
34 20
34 27
34 53
34 64
34 65
34 104
35 8
35 12
35 38
35 45
36 64
36 89
37 56
37 72
37 82
38 34
38 37
38 40
38 75
38 81
40 0
40 1
40 3
40 12
40 14
40 32
40 116
41 40
41 80
41 98
41 120
42 6
42 16
42 99
42 113
43 32
43 54
44 64
44 100
45 14
45 77
46 16
46 18
46 64
46 65
47 15
47 26
47 120
48 9
48 16
48 24
48 107
49 40
49 96
50 11
50 14
50 16
50 25
50 37
51 68
51 118
51 125
52 24
53 12
54 1
54 72
54 104
55 114
56 19
57 0
58 2
58 96
58 106
59 0
61 103
62 34
64 0
64 4
64 5
64 8
64 20
64 32
64 69
64 71
64 82
64 84
64 85
64 86
64 104
65 2
65 44
65 80
66 13
66 20
66 32
66 37
66 98
67 1
68 6
68 9
68 13
68 41
68 48
69 72
69 80
70 32
70 98
70 99
70 123
71 80
72 9
72 18
72 24
72 36
72 88
73 20
73 36
73 54
74 14
74 21
75 14
75 21
76 20
76 32
76 41
76 72
76 74
77 6
78 80
78 125
79 16
79 18
79 42
80 8
80 115
81 1
81 3
81 25
81 64
82 96
84 16
84 62
84 64
84 80
84 85
88 2
88 12
88 40
88 70
88 72
88 108
89 1
89 5
89 19
89 68
90 29
90 68
92 68
96 3
96 19
96 21
96 68
97 24
97 38
97 58
98 9
98 16
98 99
98 110
99 12
100 8
100 22
100 32
100 61
102 1
102 2
104 0
104 87
105 112
106 1
106 3
106 48
106 52
107 7
108 34
108 69
109 1
112 11
112 36
112 71
113 99
115 23
115 40
115 124
117 121
118 0
118 17
118 49
118 84
119 38
120 30
120 67
120 114
123 20
124 17
124 49
125 20
126 68
127 6
