# Synthetic Kronecker Graph 
# Edges are directed 
0 0
0 1
0 10
0 45
1 38
1 48
1 57
2 19
2 20
2 24
2 26
2 53
3 0
3 8
4 14
4 23
5 8
5 20
5 21
5 22
5 24
5 42
5 59
6 2
6 16
7 5
7 18
7 38
8 0
8 1
8 3
8 12
8 16
8 17
8 24
9 2
9 22
10 1
10 6
10 8
10 29
11 0
11 19
11 58
12 1
12 3
12 6
12 8
12 24
12 52
13 0
13 10
13 32
14 4
15 7
15 48
16 18
16 24
16 32
17 30
17 62
18 19
19 0
19 44
20 2
20 8
20 34
21 0
21 12
22 4
22 5
22 14
22 32
23 50
24 16
25 2
25 40
26 2
26 16
27 2
27 34
28 1
28 4
28 8
28 32
29 2
29 7
29 28
30 10
32 3
32 10
32 18
32 24
32 59
33 0
33 8
33 12
33 47
34 2
34 18
34 50
36 9
36 23
36 32
36 48
37 0
37 4
37 50
38 1
38 16
38 17
39 25
40 8
40 16
41 3
43 17
44 3
44 16
44 54
45 34
46 16
46 38
46 48
47 16
48 2
49 16
50 0
50 6
50 8
50 31
50 49
51 6
51 45
52 0
52 2
52 3
52 16
52 20
53 24
54 32
55 8
55 32
56 0
56 4
56 32
57 35
58 27
59 3
59 8
61 8
