# Synthetic Kronecker Graph 
# Edges are directed 
0 3
0 10
0 12
0 18
0 32
0 36
0 54
0 69
0 70
0 73
0 96
0 134
0 140
0 160
0 216
0 217
0 232
0 234
0 307
0 370
0 448
1 2
1 25
1 40
1 64
1 66
1 71
1 73
1 96
1 144
1 178
1 214
1 225
1 450
2 0
2 50
2 69
2 82
2 98
2 128
2 226
2 310
2 331
2 388
3 8
3 32
3 46
3 80
3 202
3 366
3 463
4 30
4 33
4 73
4 88
4 145
4 280
4 290
4 338
4 339
4 399
4 400
5 1
5 8
5 68
5 76
5 157
5 170
5 178
5 294
5 326
5 328
5 388
5 420
6 0
6 17
6 32
6 128
6 145
6 288
6 320
6 433
6 463
7 18
7 69
7 224
8 42
8 68
8 84
8 128
8 160
8 192
8 256
8 257
8 407
9 44
9 80
9 84
9 147
9 180
9 240
9 257
9 354
9 404
9 407
10 6
10 12
10 16
10 60
10 132
10 164
10 169
10 204
10 260
10 288
10 324
10 387
10 405
10 484
11 8
11 72
11 81
11 92
11 214
11 260
11 480
12 9
12 26
12 36
12 175
12 257
12 303
12 494
13 67
13 225
13 386
13 486
14 10
14 74
14 176
14 272
14 300
14 323
14 464
15 13
15 72
15 80
15 272
16 10
16 85
16 174
16 260
16 322
16 372
17 28
17 141
17 302
17 373
18 36
18 37
18 45
18 98
18 140
18 356
19 150
19 175
20 0
20 128
20 162
20 260
20 290
20 326
20 454
21 51
21 69
21 273
21 388
21 449
22 10
22 44
22 72
22 78
22 96
22 144
22 241
22 416
23 64
23 116
23 261
23 294
23 322
24 6
24 32
24 102
24 128
24 152
24 262
24 280
24 340
25 35
25 298
25 497
26 36
26 132
26 200
27 2
27 64
27 80
27 129
27 260
27 288
27 322
27 386
28 2
28 134
28 136
28 144
28 290
29 8
29 224
29 448
30 52
30 84
30 97
30 177
30 402
31 142
32 0
32 1
32 5
32 18
32 20
32 32
32 40
32 52
32 100
32 263
32 289
32 332
32 388
32 405
32 452
33 4
33 18
33 20
33 447
34 7
34 8
34 12
34 16
34 54
34 64
34 128
34 172
34 226
34 296
35 32
35 58
35 74
35 260
35 344
35 434
36 1
36 36
36 49
36 112
36 147
36 185
36 198
36 224
36 308
36 414
36 457
37 32
37 65
37 164
37 194
37 264
37 384
38 137
38 198
38 291
38 385
38 494
39 380
40 0
40 10
40 18
40 35
40 45
40 64
40 69
40 74
40 392
40 400
40 421
41 16
41 121
41 304
41 448
42 39
42 81
42 132
42 192
43 26
43 84
43 89
44 4
44 5
44 7
44 73
44 166
45 272
46 36
46 278
47 64
47 199
48 49
48 72
48 128
48 148
48 281
48 418
49 5
49 22
49 43
49 272
50 106
50 130
50 134
50 199
50 200
50 216
50 425
51 4
51 345
52 24
52 32
52 162
53 8
53 74
53 194
53 258
53 306
53 394
54 47
54 81
55 180
55 201
55 328
55 467
56 0
56 161
56 212
56 286
56 300
56 332
56 432
57 129
57 240
57 301
57 420
58 5
58 19
58 21
58 36
59 0
59 464
60 41
60 101
60 369
61 2
61 33
61 202
61 321
61 392
62 179
62 257
63 122
63 166
63 256
64 2
64 131
64 161
64 194
64 277
64 288
64 294
64 324
64 433
65 66
65 67
65 80
65 129
65 256
65 257
65 258
65 370
65 393
66 7
66 16
66 17
66 100
66 121
66 129
66 133
66 141
66 162
66 258
66 321
66 395
66 444
66 451
67 10
67 100
67 139
67 213
67 419
68 0
68 9
68 56
68 71
68 130
68 162
68 269
68 308
68 368
69 64
69 72
69 166
69 264
69 278
70 53
70 68
70 135
70 138
71 64
71 80
71 229
71 261
71 458
71 488
72 2
72 46
72 59
72 103
72 287
72 320
72 416
72 497
73 12
73 134
73 160
73 304
74 49
74 75
74 144
74 242
74 481
75 26
75 64
75 100
75 289
75 294
75 386
76 8
76 37
76 136
76 325
76 395
77 0
77 65
77 224
77 249
77 314
77 348
78 8
78 35
78 129
78 145
78 200
79 26
79 96
79 136
80 4
80 8
80 37
80 76
80 77
80 99
80 128
80 201
80 292
80 384
80 452
81 7
81 50
81 69
81 128
81 130
81 178
81 268
82 22
82 165
82 232
82 506
83 48
83 64
84 1
84 8
84 36
84 92
84 265
84 414
85 0
85 36
85 133
85 304
85 324
86 8
86 32
86 184
86 367
87 14
87 342
88 8
88 16
88 17
88 37
88 281
88 289
89 68
89 146
89 214
89 440
90 325
91 292
92 80
92 168
93 85
94 0
95 384
96 3
96 78
96 195
96 209
96 269
96 285
96 363
96 483
97 20
97 32
97 68
97 83
97 132
97 282
97 324
97 433
98 10
98 20
98 128
98 129
98 277
98 416
99 34
99 142
99 181
99 189
99 196
100 0
100 32
100 67
100 80
100 106
100 112
100 240
100 246
100 290
100 393
101 87
102 5
103 170
103 172
103 293
104 40
104 53
104 75
104 92
104 104
104 145
104 234
105 128
105 157
105 385
106 13
106 19
106 290
106 338
107 204
107 474
108 37
108 66
108 129
108 385
109 291
110 113
110 325
111 1
111 40
111 138
111 366
112 65
112 72
112 83
112 224
112 304
113 0
113 2
113 3
113 4
113 65
113 145
113 335
114 129
114 142
114 494
115 160
115 386
115 407
116 195
116 285
116 348
117 4
117 84
117 186
117 344
117 472
118 128
119 36
120 0
120 8
120 74
120 136
120 278
120 296
120 427
121 137
122 321
124 28
124 260
125 256
126 0
126 37
126 308
126 337
128 43
128 80
128 96
128 98
128 102
128 141
128 207
128 209
128 217
128 225
128 257
128 258
128 313
128 320
128 321
128 368
128 385
128 436
129 15
129 24
129 90
129 142
129 290
129 434
130 0
130 88
130 128
130 402
130 440
131 26
131 35
131 42
131 76
131 128
131 143
131 178
131 194
131 340
132 18
132 48
132 64
132 66
132 117
132 164
132 176
132 185
132 232
132 252
132 269
132 332
132 354
132 368
132 450
132 461
133 0
133 4
133 13
133 18
133 72
133 130
133 266
133 272
133 278
133 484
134 35
134 40
134 41
134 66
134 87
134 140
134 160
134 385
134 404
135 2
135 332
135 392
136 8
136 47
136 96
136 257
136 274
136 389
137 3
137 35
137 196
137 273
137 421
138 98
138 267
138 324
138 384
139 49
139 193
139 258
139 260
139 416
139 459
140 74
140 82
140 231
141 64
141 296
141 482
142 8
142 29
144 0
144 8
144 70
144 209
144 288
144 322
144 384
144 401
145 0
145 40
145 82
145 163
145 192
145 216
145 264
145 334
146 58
146 96
146 224
146 301
147 385
147 454
148 28
148 112
148 128
148 172
148 201
148 347
148 402
148 481
148 502
149 8
149 16
149 57
149 184
149 224
150 33
150 80
150 201
150 256
152 26
152 48
152 276
153 68
154 105
154 159
154 165
154 290
154 392
155 66
155 252
156 4
156 33
156 114
156 256
157 291
158 52
158 73
158 134
158 258
159 37
159 161
160 73
160 160
161 1
161 130
161 161
161 197
162 40
162 143
162 145
162 275
162 327
162 389
162 439
163 0
163 5
163 52
163 141
163 148
163 309
164 6
164 18
164 89
164 150
164 183
164 185
164 321
165 15
165 16
165 92
165 140
165 144
165 146
165 272
166 5
166 44
166 135
166 270
166 275
166 409
167 9
167 206
167 213
167 461
168 162
168 262
169 102
169 208
169 259
169 384
170 1
170 12
171 17
171 23
171 44
171 57
172 0
172 75
172 132
172 277
172 394
174 330
174 386
175 457
176 85
176 142
176 225
176 347
178 6
178 10
178 210
178 448
179 311
179 336
179 488
180 8
180 22
180 190
180 257
180 266
180 290
180 320
181 1
182 14
182 65
182 112
183 33
184 38
184 272
184 425
185 5
185 65
185 162
188 9
188 12
188 257
188 422
190 44
190 71
190 97
190 322
190 348
190 356
192 16
192 18
192 20
192 105
192 130
192 136
192 258
193 40
193 103
193 168
193 249
194 45
194 121
194 208
194 227
194 329
194 393
195 10
195 47
195 161
195 166
196 408
196 433
197 65
197 80
197 137
197 480
197 484
198 33
198 95
198 231
198 280
199 257
199 261
199 362
200 13
200 67
200 97
200 257
200 309
200 320
201 0
201 120
202 25
202 32
202 244
203 16
203 289
203 321
203 357
204 129
204 258
204 387
205 2
205 388
206 70
206 99
208 8
208 68
208 103
208 214
208 260
208 262
208 356
209 2
209 51
209 130
209 384
211 58
211 273
211 308
211 424
212 54
212 152
212 164
212 210
212 261
213 68
215 289
216 1
216 146
216 417
216 418
217 4
217 49
218 20
218 96
218 146
219 192
220 32
220 260
221 0
221 282
221 452
222 268
222 291
222 306
224 34
224 42
224 131
224 158
224 265
224 300
225 62
225 137
225 185
225 350
226 7
226 302
227 20
227 128
228 9
228 25
228 256
228 262
228 379
228 450
230 0
230 33
230 64
230 207
232 0
232 96
232 116
232 130
232 164
233 1
233 23
233 37
233 145
234 2
234 66
234 303
234 464
235 2
235 8
236 15
236 338
237 18
237 276
238 17
238 85
238 235
240 290
240 438
241 285
241 386
242 257
242 324
249 84
249 432
250 136
252 380
253 325
253 429
254 41
256 2
256 15
256 28
256 64
256 65
256 94
256 136
256 160
256 168
256 197
256 208
256 257
256 296
256 317
256 361
256 369
257 3
257 4
257 28
257 34
257 40
257 76
257 80
257 120
257 136
257 199
257 317
257 328
257 331
257 336
257 449
257 459
258 16
258 40
258 48
258 50
258 144
258 198
258 233
258 256
258 288
259 17
259 19
259 144
259 168
259 305
259 313
259 339
260 12
260 16
260 18
260 26
260 64
260 162
260 165
260 221
260 424
261 35
261 398
261 426
262 0
262 26
262 162
263 45
263 66
263 82
263 83
263 120
263 291
264 0
264 19
264 34
264 48
264 64
264 82
264 184
264 397
265 8
265 128
265 257
266 20
266 55
266 81
266 163
266 169
266 285
267 51
267 80
267 116
267 304
268 6
268 13
268 20
268 42
268 69
268 73
268 129
268 215
269 52
269 244
269 246
270 64
270 195
270 226
270 368
271 9
271 12
271 72
271 129
271 212
271 288
272 32
272 48
272 68
272 80
272 81
272 128
272 201
273 28
273 48
273 100
273 146
273 163
273 173
273 299
273 458
274 163
274 177
274 197
274 198
274 274
274 419
275 65
276 152
276 224
277 33
277 67
277 78
277 110
277 130
277 194
278 33
278 168
278 420
279 5
279 37
279 457
279 485
280 3
280 27
280 423
281 18
281 51
281 65
281 106
281 132
281 259
282 66
282 68
283 2
283 227
284 2
284 130
284 234
284 258
284 354
285 241
287 2
287 5
288 2
288 6
288 37
288 56
288 66
288 67
288 136
288 248
288 260
288 284
288 326
289 35
289 56
289 72
289 80
289 128
289 148
289 194
289 340
290 0
290 11
290 273
290 323
290 368
290 384
291 6
291 292
291 296
292 8
292 29
292 188
292 259
292 328
292 416
292 428
293 288
293 396
294 9
294 85
294 290
295 10
295 212
296 9
296 27
296 32
296 72
296 198
296 260
296 301
297 121
297 129
297 196
298 28
298 148
299 65
299 100
300 6
300 18
300 100
300 140
300 179
301 72
301 136
303 16
303 97
303 184
304 5
304 76
304 114
304 174
304 216
304 266
304 416
305 1
305 62
305 93
305 129
305 238
305 272
305 352
305 390
306 33
306 162
306 241
307 168
307 338
308 40
308 59
308 136
310 145
310 162
312 65
312 137
312 278
312 295
313 261
314 2
315 276
315 339
315 359
316 128
317 390
318 112
318 288
320 28
320 58
320 66
320 194
320 205
320 224
320 266
320 276
320 332
320 447
321 50
321 129
321 267
321 270
321 420
322 34
322 64
322 305
322 340
322 344
323 320
323 450
324 1
324 35
324 82
324 131
324 262
324 304
325 32
325 50
325 139
325 208
326 26
326 363
328 6
328 20
328 36
328 372
328 484
329 2
329 7
329 477
330 94
330 99
330 388
331 114
331 133
332 2
332 212
332 257
333 129
333 466
334 5
334 8
334 49
335 138
335 300
336 17
336 20
336 56
336 196
336 216
336 333
337 128
338 304
339 134
339 320
339 338
339 368
340 25
340 64
340 87
340 160
340 211
341 1
341 150
342 40
342 114
342 230
343 144
344 24
345 130
345 185
345 246
346 149
346 261
346 268
347 152
347 165
348 72
348 290
348 436
349 33
350 416
351 99
352 28
352 167
352 342
352 460
353 2
353 72
353 450
353 488
354 32
354 293
354 440
355 23
355 196
356 38
356 266
356 290
358 376
359 68
360 80
360 104
360 270
360 452
361 0
361 380
362 241
364 37
364 104
364 257
364 418
365 26
366 55
366 152
368 20
368 64
368 72
368 82
368 89
368 276
369 9
369 100
369 141
369 288
369 434
370 81
370 172
370 263
370 392
372 0
372 192
374 265
374 268
376 25
376 78
376 136
380 1
380 481
382 150
384 4
384 8
384 34
384 70
384 71
384 112
384 280
384 336
385 8
385 38
385 72
385 279
386 81
386 84
386 134
386 278
386 280
387 1
387 124
388 1
388 32
389 4
389 7
389 132
389 448
390 5
390 185
390 205
390 256
390 425
391 6
391 33
391 128
391 160
391 280
392 2
392 132
392 200
392 204
392 276
392 360
393 38
393 50
394 68
394 164
394 329
395 80
395 144
396 12
396 32
396 268
397 6
397 116
398 148
398 294
398 322
398 417
399 12
399 448
400 25
400 33
400 63
400 77
400 83
400 192
400 273
400 334
401 193
402 9
402 52
402 106
403 101
403 194
403 349
404 224
404 382
405 5
405 40
406 9
406 41
406 104
406 262
407 288
407 376
408 2
408 6
408 164
408 202
409 15
409 188
409 468
410 1
410 32
410 427
412 0
412 195
413 49
414 85
414 361
416 25
416 265
416 321
416 452
417 64
417 192
417 284
418 14
418 54
418 277
419 128
419 224
420 192
420 258
421 2
421 22
421 74
421 298
421 400
422 66
422 79
422 235
422 444
423 132
423 289
423 296
423 396
424 20
424 32
424 260
424 268
424 276
425 208
426 42
427 282
428 4
428 74
428 425
430 114
430 130
430 232
432 256
433 130
434 32
434 195
434 329
435 144
435 285
435 328
435 340
436 356
437 12
437 114
438 159
438 358
439 68
440 17
441 238
442 242
443 309
443 353
446 33
447 74
448 14
448 68
448 198
448 320
448 324
449 2
449 64
449 98
450 66
450 336
450 440
451 9
451 97
451 188
451 284
452 24
452 130
452 140
452 146
452 354
452 419
453 32
453 227
454 13
454 145
454 193
454 270
454 332
454 380
455 10
455 130
455 207
455 225
456 13
456 24
456 40
456 51
456 62
456 84
456 100
456 131
456 224
456 296
457 84
457 166
458 42
458 97
458 384
459 215
460 64
460 140
462 8
462 432
463 4
463 225
464 104
464 129
464 208
464 277
465 257
465 288
466 4
466 11
466 384
466 400
466 460
467 172
468 313
469 80
470 65
473 154
475 417
476 306
478 72
479 16
480 32
480 164
480 240
482 139
483 116
483 278
484 8
484 193
484 260
485 12
485 16
485 401
486 150
486 257
486 288
487 280
488 386
489 14
489 34
489 50
489 132
489 359
489 408
492 132
492 194
493 169
494 131
496 277
497 34
501 140
502 73
502 317
503 428
504 3
504 204
504 321
505 280
508 229
509 17
510 210
