# Synthetic Kronecker Graph 
# Edges are directed 
0 0
0 1
0 6
0 7
0 26
0 36
0 48
0 88
0 104
0 135
0 163
0 180
0 185
0 195
0 224
1 38
1 41
1 42
1 57
1 65
1 66
1 72
1 86
1 128
1 136
1 140
1 148
1 150
1 153
1 218
1 250
2 0
2 1
2 4
2 88
2 97
3 51
3 75
3 108
3 164
3 218
3 240
4 4
4 17
4 26
4 33
4 42
4 77
4 97
4 135
4 138
4 155
4 170
5 1
5 8
5 38
5 45
5 104
5 105
5 130
6 2
6 14
6 25
6 28
6 32
6 45
6 161
6 165
6 167
6 177
6 182
7 36
7 40
7 130
7 176
8 1
8 6
8 8
8 40
8 50
8 72
8 128
8 129
8 144
8 209
8 253
9 2
9 48
9 59
9 130
9 134
9 137
9 146
9 224
10 3
10 47
10 137
10 161
10 169
10 196
11 0
11 43
11 56
11 70
11 82
11 93
11 156
12 17
12 24
12 81
12 96
12 144
12 147
13 104
13 130
13 150
14 2
14 90
14 114
14 147
14 198
15 132
15 162
15 186
16 1
16 34
16 66
16 109
17 36
17 73
17 154
18 16
18 18
18 21
18 25
18 41
18 72
18 166
19 4
20 65
20 84
20 100
20 113
20 152
20 181
20 202
21 2
21 68
23 0
23 18
23 192
24 32
24 39
24 98
25 2
25 72
25 82
25 132
26 10
26 29
26 120
27 38
27 56
29 8
29 64
29 75
29 148
30 0
30 64
30 176
31 4
32 8
32 24
32 36
32 37
32 43
32 69
32 161
32 192
32 229
33 3
33 26
33 60
33 128
33 133
34 3
34 22
34 58
34 64
34 96
34 100
34 224
35 2
35 18
35 25
35 65
35 79
35 102
35 136
35 192
36 48
36 104
36 157
36 161
36 168
36 202
37 4
37 58
37 149
38 4
38 80
39 8
39 104
40 32
40 68
40 76
40 155
40 163
40 192
40 218
41 4
41 188
42 14
42 23
42 89
42 105
42 193
42 195
42 210
43 36
43 96
43 234
44 33
44 128
44 168
45 67
45 101
45 200
45 205
46 39
46 131
47 9
47 34
47 204
48 9
48 19
48 20
48 60
48 130
48 134
48 235
50 36
50 65
50 129
50 181
50 194
51 3
51 52
52 10
52 17
53 28
54 65
55 39
56 17
56 32
56 82
56 112
56 141
57 2
57 32
57 56
57 70
59 9
59 83
59 184
60 4
60 19
60 45
60 163
60 173
61 26
61 73
62 12
62 14
62 60
62 68
64 2
64 16
64 36
64 66
64 132
64 196
64 218
65 3
65 16
65 20
65 32
65 76
65 135
65 136
65 150
65 192
65 212
66 96
67 24
67 27
67 72
67 166
67 192
68 16
68 121
68 138
68 225
69 15
69 37
69 48
69 144
70 0
70 6
70 11
70 33
70 49
70 117
70 184
71 2
71 177
72 7
72 26
72 39
72 80
72 132
72 156
72 161
72 209
73 196
73 211
74 5
74 17
74 36
74 48
74 171
74 248
75 0
75 112
76 1
76 2
76 66
76 110
77 114
78 9
79 81
79 144
80 8
80 37
80 40
80 77
80 86
80 139
80 140
80 155
80 214
80 248
81 6
81 8
81 66
82 44
82 64
83 60
83 82
84 200
86 105
87 16
87 75
88 20
88 48
88 96
88 135
88 200
88 208
88 246
89 52
89 250
90 23
90 49
92 144
93 98
94 120
96 1
96 56
96 133
96 140
97 1
97 4
97 33
97 67
97 130
98 1
98 7
98 8
98 26
98 34
98 44
98 100
99 205
100 22
100 36
100 112
100 128
101 15
101 32
101 38
102 4
102 21
102 46
102 96
103 232
104 64
104 157
105 2
105 27
105 137
106 10
106 18
106 89
106 200
107 80
107 193
107 203
107 225
108 15
108 24
108 232
108 241
110 9
112 29
112 224
112 228
114 0
114 137
114 164
114 217
115 81
116 1
116 35
117 22
117 136
117 150
117 192
117 206
118 66
118 84
120 4
120 54
120 72
120 110
120 128
120 224
122 7
125 0
125 74
126 20
128 15
128 16
128 19
128 42
128 75
128 128
128 130
128 137
128 162
128 182
129 16
129 25
129 84
129 111
129 134
130 4
130 6
130 21
130 35
130 46
130 104
130 128
130 168
131 32
131 76
131 84
131 96
131 115
131 126
131 184
132 0
132 30
132 69
132 100
132 227
132 230
133 98
134 72
135 92
135 136
136 0
136 2
136 7
136 10
136 20
136 93
136 122
136 152
137 18
137 154
138 41
138 104
139 17
139 34
139 129
139 141
139 225
140 2
140 19
140 33
141 14
141 38
141 153
141 206
141 226
141 243
142 0
142 4
142 82
142 219
144 1
144 3
144 10
144 12
144 17
144 32
144 40
144 49
144 162
144 170
144 236
145 67
145 104
145 148
146 129
146 224
147 86
147 153
147 156
148 1
148 42
148 50
148 66
149 3
149 10
149 34
149 164
150 3
150 17
150 64
150 101
150 114
150 176
151 218
152 46
152 47
152 64
152 70
152 142
152 175
152 223
153 3
153 14
153 36
154 5
154 9
154 74
155 1
155 193
156 17
157 226
158 2
160 1
160 4
160 26
160 32
160 64
160 80
160 208
161 3
161 32
161 56
161 137
162 8
162 53
163 2
163 101
164 9
165 205
167 132
167 192
168 21
168 49
168 66
168 107
168 154
169 200
170 0
170 128
170 213
172 40
172 50
172 95
172 197
173 98
174 210
176 71
176 138
176 185
177 2
177 11
177 102
178 24
178 76
178 80
178 214
179 140
180 64
181 85
181 130
182 4
184 16
184 73
184 103
184 132
184 156
186 2
186 76
186 96
187 79
188 82
188 129
190 68
192 18
192 129
192 133
192 169
192 225
193 2
193 36
193 77
193 144
193 240
194 40
194 64
194 224
195 0
195 64
196 12
196 74
196 138
197 17
197 208
199 232
200 13
200 89
201 51
201 55
202 2
202 43
202 80
203 96
204 74
205 25
205 225
207 70
208 21
208 22
208 72
208 96
208 115
209 100
209 130
209 229
210 13
210 17
210 21
210 61
211 28
212 71
212 104
213 0
214 66
214 69
214 71
214 130
215 233
216 84
216 128
217 10
217 66
217 96
217 219
218 153
219 164
220 36
220 98
221 2
221 20
221 217
222 71
224 128
224 173
224 184
225 88
225 119
225 163
227 16
227 156
227 170
228 28
228 70
228 86
229 64
229 86
229 136
230 64
232 16
232 48
232 134
233 140
236 41
238 77
238 152
239 0
240 1
240 29
240 38
240 212
241 92
242 16
242 66
242 117
243 83
243 112
246 16
246 64
249 37
249 55
251 161
252 81
253 144
255 179
