# Synthetic Kronecker Graph 
# Edges are directed 
0 1
0 6
0 65
0 73
0 228
0 268
0 274
0 282
0 289
0 539
0 584
0 785
0 811
0 842
0 984
0 1008
0 1032
0 1047
0 1138
0 1165
0 1170
0 1176
0 1186
0 1200
0 1280
0 1320
0 1394
0 1409
0 1634
1 0
1 2
1 45
1 190
1 258
1 262
1 296
1 421
1 532
1 584
1 594
1 598
1 604
1 628
1 784
1 785
1 994
1 1050
1 1157
1 1206
1 1233
1 1288
1 1410
1 1482
1 1552
1 1562
1 1772
2 16
2 22
2 25
2 68
2 136
2 296
2 360
2 524
2 675
2 745
2 784
2 1024
2 1097
2 1104
2 1105
2 1112
2 1186
2 1301
2 1320
2 1554
2 1657
2 1868
3 8
3 44
3 77
3 82
3 99
3 139
3 154
3 343
3 547
3 640
3 645
3 692
3 916
3 1061
3 1169
3 1286
3 1300
3 1892
4 57
4 71
4 180
4 290
4 321
4 326
4 386
4 526
4 566
4 664
4 679
4 791
4 1082
4 1134
4 1172
4 1236
4 1281
4 1557
4 1582
4 1598
4 1604
5 0
5 1
5 85
5 477
5 596
5 738
5 1029
5 1058
5 1268
5 1794
5 1868
6 1
6 14
6 17
6 19
6 93
6 137
6 291
6 306
6 514
6 648
6 681
6 705
6 1024
6 1032
6 1058
6 1221
6 1361
6 1608
6 1633
6 1733
6 1795
6 1873
7 1
7 6
7 8
7 256
7 542
7 897
7 1026
7 1354
7 2036
8 16
8 145
8 148
8 153
8 197
8 202
8 216
8 305
8 312
8 368
8 471
8 520
8 542
8 588
8 676
8 708
8 839
8 905
8 961
8 1079
8 1099
8 1172
8 1450
9 40
9 64
9 136
9 370
9 592
9 672
9 688
9 744
9 790
9 857
9 885
9 966
9 1027
9 1088
9 1664
9 1731
9 1899
10 6
10 8
10 73
10 78
10 517
10 533
10 1024
10 1344
10 1665
10 1984
11 21
11 34
11 180
11 533
11 620
11 672
11 992
11 1026
11 1036
11 1177
11 1205
11 1606
12 4
12 56
12 64
12 210
12 256
12 261
12 264
12 275
12 608
12 1280
12 1352
12 1372
12 1643
12 1676
13 45
13 120
13 132
13 304
13 537
13 597
13 1028
13 1409
13 1600
14 9
14 47
14 320
14 642
14 718
14 1026
14 1256
14 1351
14 1568
15 10
15 231
15 384
15 721
15 728
15 1025
15 1379
15 1986
16 2
16 5
16 9
16 13
16 34
16 72
16 84
16 128
16 162
16 168
16 259
16 324
16 365
16 401
16 449
16 516
16 593
16 640
16 685
16 709
16 1024
16 1042
16 1089
16 1153
16 1234
16 1558
16 1616
17 0
17 6
17 32
17 53
17 74
17 96
17 98
17 230
17 330
17 530
17 536
17 774
17 778
17 1058
17 1062
17 1092
17 1096
17 1097
17 1104
17 1201
17 1548
17 1648
18 4
18 20
18 65
18 152
18 216
18 265
18 393
18 432
18 512
18 558
18 585
18 640
18 768
18 785
18 863
18 1036
18 1101
18 1225
18 1376
18 1509
18 1944
19 0
19 13
19 68
19 82
19 223
19 264
19 269
19 708
19 1041
19 1200
19 1412
19 1561
19 1600
19 1636
19 1640
20 150
20 274
20 383
20 416
20 898
20 1033
20 1157
20 1163
20 1472
20 1554
20 1577
21 0
21 14
21 96
21 104
21 160
21 264
21 281
21 362
21 532
21 544
21 554
21 896
21 1196
21 1306
21 1440
21 1666
21 1777
21 1921
22 3
22 5
22 176
22 563
22 658
22 777
22 1040
22 1061
22 1068
22 1168
22 1626
22 1628
22 1680
23 320
23 712
23 1234
23 1665
24 0
24 41
24 200
24 279
24 612
24 632
24 672
24 739
24 1224
24 1673
25 44
25 117
25 122
25 389
25 768
25 912
25 1093
25 1171
25 1798
26 25
26 64
26 106
26 136
26 142
26 204
26 289
26 337
26 518
26 688
26 1168
27 138
27 305
27 424
27 428
27 1080
27 1218
27 1920
28 0
28 138
28 272
28 416
28 657
28 658
28 898
28 901
28 1153
28 1789
28 1936
29 0
29 68
29 160
29 182
29 195
29 320
29 582
29 657
29 896
29 1389
29 1795
30 64
30 132
30 400
30 406
30 450
30 545
30 572
30 1348
31 131
31 264
31 356
31 841
31 1024
32 17
32 22
32 299
32 322
32 397
32 520
32 544
32 629
32 692
32 1026
32 1176
32 1288
32 1347
32 1367
32 1412
32 1491
32 1600
33 74
33 152
33 162
33 206
33 401
33 554
33 1056
33 1072
33 1171
33 1416
33 1424
33 1714
33 1826
34 3
34 65
34 72
34 80
34 153
34 258
34 578
34 594
34 608
34 807
34 811
34 1440
34 1441
34 1540
34 1584
34 1669
34 1797
35 261
35 272
35 276
35 362
35 392
35 1008
35 1064
35 1675
36 2
36 24
36 80
36 128
36 292
36 304
36 420
36 434
36 528
36 672
36 707
36 1024
36 1160
36 1286
36 1377
36 1732
36 1793
36 1848
37 79
37 148
37 208
37 369
37 564
37 701
37 750
37 1027
37 1104
37 1217
37 1360
37 1438
37 1527
38 0
38 14
38 132
38 394
38 434
38 471
38 474
39 0
39 285
39 320
39 696
39 1869
40 38
40 128
40 278
40 293
40 536
40 586
40 642
40 787
40 1040
40 1042
40 1050
40 1116
40 1556
40 1793
40 1959
41 19
41 21
41 133
41 183
41 199
41 212
41 216
41 352
41 533
41 548
41 1026
41 1117
41 1219
41 1233
42 34
42 56
42 101
42 192
42 326
42 512
42 562
42 899
42 1036
42 1156
42 1187
42 1426
43 10
43 307
43 416
43 642
43 1155
43 1304
44 15
44 68
44 80
44 546
44 587
44 705
44 850
44 1033
44 1096
44 1122
44 1153
44 1176
44 1392
44 1419
44 1494
44 1690
45 84
45 131
45 354
45 916
45 1039
45 1092
45 1120
45 1164
45 1170
46 0
46 5
46 76
46 128
46 673
46 1604
47 24
47 33
47 36
47 83
47 448
47 608
47 646
47 664
48 68
48 97
48 104
48 178
48 566
48 584
48 588
48 633
48 649
48 780
48 1048
48 1092
48 1098
48 1184
48 1216
48 1505
48 1600
48 1680
48 1905
48 1921
48 1976
49 44
49 64
49 517
49 605
49 650
49 838
49 1097
49 1347
49 1369
49 1872
50 0
50 54
50 62
50 82
50 96
50 136
50 268
50 284
50 426
50 944
50 1088
50 1299
50 1349
50 1359
50 1476
50 1972
51 77
51 150
51 384
51 522
51 648
51 1472
51 1632
51 1768
51 1869
52 102
52 295
52 657
52 1024
52 1041
52 1108
52 1120
52 1604
52 1733
53 10
53 82
53 208
53 405
53 515
53 666
53 1111
53 1728
54 17
54 34
54 137
54 227
54 566
54 1040
54 1564
54 1728
54 1732
55 32
55 96
55 209
55 292
55 774
55 1221
55 1897
56 512
56 569
56 843
56 900
56 1093
56 1716
56 2035
57 12
57 32
57 417
57 692
57 808
57 1282
57 1478
58 3
58 148
58 336
58 514
58 576
58 1080
58 1133
58 1176
58 1181
59 1894
60 29
60 981
60 1101
60 1333
61 544
61 603
61 1069
61 1208
61 1920
62 64
62 276
62 1054
62 1381
63 0
63 176
63 1222
64 12
64 20
64 52
64 98
64 146
64 160
64 176
64 248
64 261
64 267
64 324
64 388
64 492
64 546
64 650
64 662
64 664
64 723
64 784
64 1024
64 1060
64 1134
64 1368
64 1649
64 1698
64 1756
64 1811
64 1873
65 3
65 5
65 34
65 174
65 320
65 352
65 472
65 512
65 673
65 960
65 1094
65 1152
65 1161
65 1250
65 1806
66 131
66 161
66 178
66 182
66 186
66 401
66 415
66 1027
66 1159
66 1171
66 1422
66 1657
66 1699
66 1798
66 1812
67 124
67 408
67 512
67 1039
67 1162
67 1198
67 1222
67 1432
68 23
68 25
68 113
68 133
68 155
68 164
68 320
68 534
68 581
68 585
68 656
68 660
68 1054
68 1085
68 1538
68 1543
68 1968
69 322
69 436
69 644
69 750
69 856
69 1291
70 3
70 8
70 137
70 334
70 394
70 532
70 552
70 1095
70 1288
70 1315
70 1542
70 1780
71 256
71 548
71 1027
71 1056
71 1082
72 55
72 103
72 129
72 144
72 260
72 393
72 437
72 516
72 552
72 578
72 976
72 1061
72 1125
72 1158
72 1421
72 1602
72 1618
72 1702
72 1939
73 36
73 180
73 546
73 656
73 666
73 769
73 960
73 1252
73 1569
73 1874
74 4
74 16
74 213
74 266
74 1281
74 1461
74 1576
75 5
75 137
75 196
75 550
75 768
75 864
75 1100
75 1288
75 1533
75 1667
76 6
76 308
76 386
76 418
76 526
76 800
76 1047
76 1296
77 4
77 144
77 169
77 256
77 257
77 1088
77 1152
77 1792
78 70
78 256
78 287
78 588
78 736
78 1024
78 1152
78 1280
79 134
79 166
79 488
80 69
80 134
80 140
80 176
80 196
80 289
80 314
80 421
80 660
80 1066
80 1412
80 1418
80 1641
80 1777
81 35
81 92
81 128
81 512
81 581
81 604
81 1284
82 1
82 2
82 4
82 8
82 13
82 21
82 24
82 165
82 298
82 608
82 745
82 1024
82 1161
83 8
83 72
83 161
83 584
83 1168
84 8
84 12
84 40
84 94
84 205
84 544
84 740
84 944
84 1315
84 1388
84 1540
84 1915
85 9
85 43
85 260
85 515
85 706
85 1044
85 1385
85 1988
86 75
86 277
86 641
86 757
86 1163
86 1192
86 1408
86 1664
87 81
87 140
87 160
87 514
87 788
87 1684
88 65
88 128
88 156
88 181
88 264
88 649
88 693
88 774
88 808
88 1057
88 1089
88 1649
88 1704
89 161
89 546
89 788
89 1069
90 40
90 185
90 256
90 774
90 1149
90 1370
90 1642
90 1812
90 1990
91 1
91 4
91 8
91 705
91 715
91 1189
91 1388
91 1513
92 337
92 643
92 1116
93 292
93 1120
93 1572
94 517
94 936
95 143
95 396
95 698
95 1417
95 1679
96 10
96 68
96 316
96 769
96 1031
96 1101
96 1123
96 1282
96 1320
96 1338
96 1544
96 1632
96 1745
96 1920
97 105
97 135
97 256
97 388
97 470
97 600
97 648
97 783
97 848
97 915
97 1058
97 1538
98 4
98 53
98 117
98 133
98 176
98 270
98 516
98 540
98 1072
98 1165
98 1371
98 1505
99 7
99 1088
99 1545
100 0
100 4
100 130
100 240
100 285
100 592
100 905
100 1077
100 1115
101 1
101 264
101 363
101 528
101 554
101 1048
101 1420
102 680
102 1034
102 1036
102 1304
103 128
103 896
104 25
104 100
104 309
104 544
104 784
104 1049
104 1347
104 1761
105 36
105 65
105 286
105 604
105 665
105 830
105 880
105 1217
106 60
106 144
106 397
106 545
106 555
106 769
106 1082
107 70
107 1064
107 1235
107 1793
108 40
108 400
108 676
108 739
108 1794
108 1858
109 74
109 128
109 384
109 516
109 1188
109 1344
109 1444
109 1936
110 21
110 531
111 588
111 641
111 1319
111 1680
112 32
112 208
112 312
112 416
112 520
112 544
112 640
112 681
112 1100
112 1841
113 577
113 646
113 664
113 754
113 768
114 8
114 91
114 360
114 562
114 1040
114 1544
114 1601
114 1712
114 1796
115 24
115 336
115 740
116 17
116 133
116 264
116 500
116 929
117 1
117 89
117 129
117 1026
118 48
118 202
118 258
118 466
118 512
118 547
118 560
118 1076
119 306
119 429
119 514
119 1040
119 1288
120 40
120 128
120 322
120 522
120 700
120 1131
120 1538
120 1816
121 163
121 209
121 590
121 705
121 1068
122 369
122 370
122 534
122 581
122 655
122 1445
123 705
123 980
123 1139
123 1542
123 1564
124 10
125 558
125 1576
126 128
126 131
126 201
126 326
126 801
127 0
127 67
128 32
128 131
128 160
128 185
128 256
128 271
128 288
128 306
128 325
128 377
128 387
128 517
128 524
128 576
128 612
128 627
128 658
128 948
128 1072
128 1153
128 1158
128 1332
128 1408
128 1568
128 1891
129 19
129 40
129 65
129 97
129 264
129 290
129 320
129 348
129 512
129 528
129 740
129 921
129 964
129 987
129 1001
129 1028
129 1060
129 1064
129 1090
129 1096
129 1172
129 1319
129 2026
130 85
130 141
130 246
130 262
130 324
130 537
130 540
130 544
130 576
130 794
130 1029
130 1038
130 1095
130 1156
130 1200
130 1926
131 0
131 2
131 54
131 542
131 588
131 770
131 777
131 832
131 1076
131 1152
131 1315
131 1560
132 16
132 52
132 63
132 76
132 78
132 93
132 146
132 278
132 317
132 330
132 403
132 547
132 578
132 589
132 800
132 1058
132 1221
132 1376
132 1392
132 1539
133 12
133 20
133 388
133 536
133 578
133 774
133 1048
133 1082
133 1089
133 1200
133 1350
134 1
134 17
134 73
134 156
134 272
134 789
134 852
134 901
134 1074
134 1476
134 1844
135 192
135 259
135 512
135 662
135 1026
135 1107
135 1280
135 1552
135 1732
136 16
136 256
136 402
136 544
136 551
136 599
136 801
136 858
136 1059
136 1283
136 1457
136 1617
136 1801
137 1
137 52
137 158
137 218
137 1024
137 1031
137 1064
137 1410
137 1608
138 26
138 104
138 128
138 189
138 250
138 298
138 320
138 534
138 665
138 849
138 1028
138 1062
138 1841
139 50
139 84
139 88
139 257
139 284
139 514
139 520
139 583
139 768
139 1089
139 1528
139 1750
139 1816
140 24
140 141
140 192
140 224
140 516
140 629
140 1029
140 1105
140 1169
140 1272
140 1282
140 1318
140 1384
140 1568
141 105
141 213
141 581
141 1056
141 1188
141 1264
141 1292
141 1808
142 426
142 456
142 584
142 704
142 712
142 928
142 1024
142 1096
142 1888
143 131
143 206
143 300
143 405
143 1740
144 0
144 13
144 64
144 261
144 301
144 306
144 1064
144 1136
144 1160
144 1163
144 1320
144 1541
144 1570
144 1814
145 4
145 23
145 37
145 48
145 136
145 377
145 544
145 717
145 738
145 855
145 1060
145 1114
145 1152
145 1296
145 1324
145 1346
145 1437
145 1545
145 1585
145 1782
146 2
146 32
146 120
146 138
146 205
146 320
146 518
146 535
146 821
146 1024
146 1056
146 1170
146 1205
146 1217
146 1420
146 1616
147 57
147 120
147 160
147 161
147 264
147 838
147 968
147 1632
148 8
148 238
148 256
148 290
148 324
148 432
148 613
148 642
148 837
148 1112
148 1168
148 1281
148 1308
148 1492
149 128
149 162
149 281
149 402
149 856
149 977
149 1204
149 1601
150 85
150 92
150 234
150 1461
151 385
151 448
151 1028
151 1076
152 20
152 64
152 256
152 259
152 275
152 341
152 562
152 790
152 851
152 992
152 1089
152 1092
152 1839
152 1856
153 126
153 272
153 377
153 395
153 846
153 1092
153 1632
153 1761
154 89
154 105
154 516
154 665
154 721
154 1040
154 1298
155 161
155 228
155 259
155 588
155 1250
156 29
156 33
156 56
156 97
156 1040
156 1106
156 1167
157 103
157 1648
158 32
158 142
158 913
158 1906
159 672
160 84
160 292
160 320
160 513
160 667
160 704
160 708
160 756
160 1104
160 1160
160 1457
160 1572
160 1637
161 46
161 80
161 204
161 278
161 487
161 524
161 728
161 1034
161 1938
162 131
162 257
162 546
162 556
162 777
162 800
162 1122
162 1272
162 1282
162 1606
162 1757
163 18
163 26
163 57
163 180
163 584
164 97
164 212
164 428
164 514
164 584
164 605
164 855
164 1026
164 1152
164 1812
164 1880
164 1892
165 82
166 36
166 112
166 145
166 177
166 215
166 270
166 280
166 640
166 970
166 1548
167 2
167 130
167 145
167 1042
168 28
168 32
168 64
168 98
168 158
168 212
168 216
168 594
168 712
168 1126
168 1233
168 1802
169 34
169 74
169 262
169 320
169 518
169 545
169 616
169 812
169 840
169 900
169 1031
169 1145
169 1153
169 1348
169 1576
169 1740
170 37
170 56
170 132
170 273
170 484
170 1028
170 1040
170 1122
170 1489
170 1695
171 544
171 1488
172 277
172 512
172 640
172 1186
173 1
173 489
173 704
173 1536
173 2004
174 10
174 398
174 405
174 1280
174 1377
174 1666
175 531
175 683
176 16
176 48
176 257
176 460
176 549
176 1089
176 1093
176 1702
177 305
177 513
177 938
177 1176
177 1331
177 1397
177 2005
178 36
178 133
178 196
178 275
178 524
178 530
178 1893
179 48
179 228
179 324
179 648
179 1594
179 1672
180 417
180 517
180 795
180 1090
180 1173
180 1536
180 1994
181 144
181 272
181 738
181 1056
182 116
182 1003
183 537
183 1280
183 1794
184 0
184 16
184 113
184 128
184 529
184 590
184 613
184 712
184 1321
184 1424
185 0
185 320
185 1736
186 368
186 792
186 1104
186 1138
186 1649
187 1042
188 1
188 64
188 1033
188 1106
188 1795
189 164
189 290
189 828
189 1304
190 294
191 172
191 322
191 800
191 1043
191 1290
192 20
192 70
192 76
192 164
192 268
192 286
192 384
192 421
192 477
192 515
192 529
192 554
192 901
192 1026
192 1033
192 1057
192 1065
192 1091
192 1311
192 1382
192 1409
192 1418
192 1554
193 154
193 268
193 433
193 834
193 1070
193 1798
194 16
194 62
194 101
194 128
194 134
194 144
194 147
194 370
194 519
194 739
194 776
194 868
194 949
194 1092
194 1166
194 1425
195 20
195 533
195 1026
195 1040
195 1109
195 1579
196 208
196 301
196 657
196 775
196 1050
196 1220
196 1306
196 1318
196 1920
197 161
197 281
197 869
197 1167
197 1186
197 1218
197 1556
197 1564
197 1606
198 16
198 106
198 133
198 136
198 166
198 417
198 608
198 641
198 1030
198 1736
198 1891
199 658
199 897
199 1021
199 1312
200 5
200 76
200 183
200 404
200 484
200 514
200 520
200 1042
200 1104
200 1260
200 1523
201 16
201 40
201 536
201 616
201 1084
201 1106
201 1540
201 1800
202 16
202 67
202 70
202 420
202 1699
202 1705
202 1719
203 130
203 1376
203 1568
203 1600
203 1762
204 5
204 73
204 384
204 1281
205 1305
205 1670
206 922
207 156
207 403
207 688
207 1544
207 1672
208 3
208 11
208 58
208 86
208 91
208 189
208 256
208 627
208 1059
208 1324
208 1672
208 1824
209 0
209 5
209 531
209 720
209 764
209 834
209 1648
209 1940
210 328
210 424
210 1027
210 1106
210 1192
210 2042
211 56
211 635
211 897
211 898
211 1607
212 3
212 224
212 1404
212 1576
213 82
213 256
213 1046
213 1057
213 1062
213 1152
214 81
214 204
214 543
214 716
215 136
215 151
215 266
215 310
215 908
216 96
216 268
216 273
216 495
216 562
216 1014
216 1177
216 1609
216 1706
217 284
217 384
217 542
217 688
217 1068
218 0
218 84
218 160
218 346
218 462
218 1600
219 72
220 20
220 281
220 541
220 1217
220 1762
221 325
221 528
221 965
221 1089
221 1184
222 385
222 1672
223 693
224 3
224 844
224 1420
224 1856
225 6
225 449
225 781
225 1348
225 1622
226 22
226 40
226 51
226 160
226 326
226 510
226 796
226 896
226 1679
227 417
227 628
227 784
228 225
228 700
228 769
228 896
228 1178
228 1668
229 0
229 9
229 145
229 147
229 148
229 585
229 1193
229 1552
230 77
230 668
230 1032
231 129
231 315
231 1064
232 33
232 88
232 330
232 568
232 582
232 628
232 864
232 932
232 1082
232 1312
232 1537
233 266
233 400
233 760
233 1065
234 0
234 32
234 66
234 86
234 195
234 1369
235 244
235 291
235 1045
236 1
236 161
236 292
238 258
238 292
238 1016
238 1109
238 1127
238 1588
239 23
239 1436
240 530
240 640
240 776
240 1025
240 1035
240 1198
240 1351
240 1605
241 80
241 650
241 706
241 1046
242 5
242 20
242 131
242 354
242 465
242 514
242 1100
242 1368
242 1556
243 37
243 102
243 208
244 122
244 545
244 1025
244 1560
245 170
245 339
245 918
246 36
246 512
247 20
247 1445
248 30
248 273
249 264
249 1585
250 18
250 659
251 8
251 1048
252 128
252 785
253 3
253 200
256 5
256 7
256 28
256 40
256 264
256 288
256 456
256 513
256 570
256 594
256 623
256 1032
256 1037
256 1093
256 1114
256 1170
256 1203
256 1346
256 1409
256 1410
256 1858
257 19
257 24
257 30
257 200
257 344
257 405
257 520
257 573
257 682
257 1579
257 1656
257 1762
258 4
258 32
258 34
258 41
258 132
258 256
258 284
258 584
258 668
258 808
258 900
258 1030
258 1286
258 1617
259 17
259 43
259 48
259 108
259 114
259 134
259 138
259 208
259 235
259 513
259 542
259 759
259 1064
259 1122
259 1140
259 1168
259 1633
259 1660
260 134
260 144
260 187
260 209
260 268
260 528
260 800
260 808
260 1025
260 1056
260 1105
260 1152
260 1996
261 49
261 96
261 136
261 225
261 260
261 287
261 389
261 1126
261 1138
261 1251
261 1414
261 1794
262 5
262 102
262 186
262 405
262 464
262 816
262 1032
262 1057
262 1184
262 1313
262 1946
263 1
263 48
263 145
263 394
263 1106
263 1324
263 1560
263 1692
264 0
264 33
264 38
264 40
264 64
264 130
264 141
264 265
264 266
264 272
264 304
264 336
264 448
264 532
264 679
264 1193
264 1218
264 1548
264 1668
264 1969
265 54
265 86
265 147
265 150
265 348
265 434
265 540
265 740
265 1184
265 1192
265 1440
265 1568
265 1946
266 9
266 12
266 61
266 72
266 91
266 96
266 129
266 393
266 530
266 743
266 768
266 803
266 900
266 936
266 1154
266 1755
267 168
267 1678
267 1873
268 24
268 104
268 125
268 712
268 776
268 1129
268 1537
268 1921
269 2
269 265
269 526
269 1088
269 1127
270 34
270 176
270 594
270 1564
271 12
271 146
271 549
271 680
271 828
271 1360
271 1840
272 39
272 108
272 307
272 376
272 449
272 523
272 588
272 720
272 1095
272 1152
272 1156
272 1188
272 1229
272 1262
272 1460
272 1540
272 1689
272 1801
273 137
273 534
273 538
273 578
273 1025
273 1034
273 1060
273 1856
273 1868
274 72
274 160
274 290
274 1055
274 1056
274 1377
275 89
275 288
275 456
275 792
275 1232
275 1416
275 2001
276 28
276 59
276 194
276 541
276 559
276 662
276 880
276 1096
276 1152
276 1218
276 1572
276 1576
277 16
277 28
277 34
277 42
277 86
277 290
277 1059
277 1205
277 1241
277 1250
277 1280
277 1570
278 177
278 345
278 448
278 1045
278 1292
278 1304
278 1624
279 146
279 338
279 585
279 801
279 994
279 1062
279 1537
280 21
280 132
280 134
280 353
280 576
280 889
280 963
280 1037
280 1144
280 1447
280 1576
280 1672
281 258
281 480
281 874
281 1380
281 1741
282 292
282 300
282 622
282 1102
282 1172
282 1424
282 1637
282 1670
282 1769
283 238
283 520
283 543
283 1297
283 1803
284 18
284 81
284 298
284 673
284 930
284 1160
285 37
285 259
285 512
285 1051
285 1056
285 1360
285 1617
286 458
286 1494
286 1942
287 26
287 918
287 1292
288 128
288 148
288 513
288 528
288 536
288 884
288 1249
288 1558
288 2014
289 3
289 104
289 368
289 514
289 598
289 772
289 776
289 1615
289 1622
289 1624
290 48
290 240
290 268
290 646
290 654
290 1121
290 1160
290 1213
290 1552
290 1856
291 45
291 209
291 216
291 540
291 1027
291 1561
291 1872
292 27
292 141
292 153
292 282
292 456
292 512
292 520
292 530
292 552
292 836
292 1048
292 1537
292 1917
293 3
293 130
293 131
293 146
293 260
293 302
293 1079
293 1152
293 1178
295 114
295 577
295 1418
296 108
296 118
296 152
296 515
296 546
296 1091
296 1250
296 1608
297 838
297 916
297 1024
297 1057
297 1287
298 22
298 105
298 218
298 256
298 549
298 673
298 1061
298 1283
299 0
299 1
299 6
299 8
299 16
299 401
299 564
299 672
299 1122
299 1344
299 1716
300 7
300 834
300 1047
300 1068
300 1154
300 1280
300 1389
301 94
301 218
301 546
301 677
301 804
301 842
302 262
302 321
302 733
302 968
302 1232
302 1294
302 1640
303 257
303 729
303 767
303 866
303 1156
303 1318
303 1600
304 3
304 12
304 22
304 41
304 66
304 99
304 548
304 731
304 847
304 1560
304 1716
304 1717
304 1776
304 1801
305 3
305 80
305 82
305 84
305 274
305 980
305 1234
305 1312
305 1631
306 129
306 318
306 332
306 552
306 1031
306 1288
306 1953
307 48
307 213
307 418
307 435
307 602
307 1044
307 1825
308 64
308 263
308 747
308 1216
308 1352
308 1545
308 1721
309 90
309 402
309 659
309 1155
309 1347
310 211
310 425
310 1436
311 202
311 1604
312 276
312 510
312 516
312 1065
312 1068
312 1114
312 1169
312 1300
312 1477
312 1588
312 1664
313 689
313 1220
314 515
316 1072
316 1546
317 874
318 169
318 213
318 344
318 608
318 1058
319 0
319 268
319 768
319 1568
320 9
320 42
320 76
320 228
320 303
320 416
320 554
320 681
320 770
320 957
320 1045
320 1057
320 1065
320 1098
320 1354
320 1592
320 1672
320 1768
321 14
321 134
321 167
321 192
321 259
321 392
321 513
321 778
321 817
321 847
321 1074
321 1574
322 3
322 36
322 68
322 160
322 161
322 256
322 835
322 1352
323 56
323 105
323 229
323 266
323 424
323 737
323 1164
323 1370
323 1578
323 1608
323 1671
323 1792
324 0
324 1
324 12
324 48
324 88
324 142
324 272
324 328
324 1056
324 1097
324 1616
324 1701
325 17
325 1548
325 1572
326 18
326 144
326 475
327 8
327 17
327 865
327 1416
328 193
328 265
328 1044
328 1045
328 1092
328 1286
328 1689
328 1827
329 1392
329 1551
330 644
330 1056
330 1321
330 1547
330 1801
331 129
331 132
331 225
331 1680
332 318
332 1551
332 1621
332 1740
333 133
333 550
333 1060
334 129
334 561
334 1076
334 1392
334 1454
334 1824
335 769
335 1025
335 1265
336 43
336 98
336 353
336 400
336 417
336 576
336 1161
336 1216
336 1320
336 1371
336 1486
336 1537
336 1540
336 1669
336 1768
336 1793
336 1848
337 88
337 796
337 929
338 46
338 81
338 243
338 338
338 683
338 1032
338 1536
338 1615
339 136
339 326
339 1041
339 1392
340 294
340 520
340 736
340 906
340 982
340 1054
340 1408
340 1481
340 1666
340 1686
340 1872
341 266
341 744
341 1750
341 1948
342 21
342 72
342 517
342 597
342 806
342 968
342 1609
343 290
344 68
344 132
344 170
344 242
344 401
344 661
344 1146
344 1251
344 1317
346 32
346 60
346 1040
346 1092
346 1104
347 144
347 211
347 1092
347 2016
348 34
348 40
348 65
348 482
348 576
348 1056
349 328
349 784
349 1194
349 1418
350 1048
350 1488
351 725
351 1044
351 1297
351 1408
352 13
352 100
352 270
352 531
352 578
352 608
352 940
352 1026
352 1038
352 1125
352 1292
352 1439
352 1481
352 1555
352 1576
352 1691
352 1764
353 394
353 417
353 905
353 1165
353 1216
353 1235
353 1276
354 6
354 83
354 300
354 429
354 528
354 593
354 1040
354 1316
355 266
355 453
355 788
355 799
355 932
355 1747
356 120
356 129
356 194
356 197
356 214
356 497
356 776
357 309
358 515
358 719
358 833
358 1338
358 1564
359 257
359 258
359 625
359 1720
360 0
360 17
360 29
360 32
360 83
360 320
360 612
360 676
361 114
361 148
361 416
361 797
362 260
362 1344
362 1572
363 17
363 706
363 1283
363 1443
363 1539
364 6
364 99
364 272
364 528
364 548
364 626
364 1085
364 1132
365 20
365 128
365 1025
365 1946
368 59
368 476
368 514
368 612
368 678
368 1217
369 172
369 529
369 1159
369 1574
369 1850
370 7
370 105
370 388
370 425
370 617
370 802
371 80
371 304
371 346
371 1027
371 1537
371 1667
372 4
372 64
372 557
372 706
372 904
373 32
373 76
374 112
374 179
374 1067
374 1188
375 700
375 1053
375 1328
376 25
376 96
376 196
376 513
376 790
376 1591
377 0
377 1040
378 69
378 1028
378 1037
379 278
380 96
380 265
380 418
380 504
380 608
380 1437
381 18
382 644
382 1793
383 5
384 44
384 173
384 497
384 794
384 1058
384 1108
384 1174
384 1281
384 1429
384 1552
384 1614
385 0
385 129
385 280
385 321
385 356
385 514
385 551
385 1139
385 1176
385 1584
386 8
386 41
386 48
386 97
386 177
386 296
386 328
386 392
386 582
386 1106
386 1728
387 7
387 83
387 284
387 536
387 1248
387 1874
388 16
388 128
388 172
388 192
388 256
388 328
388 343
388 656
388 1024
388 1072
388 1581
388 1600
389 4
389 8
389 151
389 272
389 307
389 546
389 803
389 1024
389 1354
389 1592
390 320
390 523
390 714
390 1128
390 1256
390 1554
391 1153
391 1225
392 32
392 113
392 172
392 204
392 256
392 678
392 1026
392 1039
392 1194
392 1218
392 1476
392 1765
392 1856
393 25
393 1024
393 1059
393 1448
393 1589
394 29
394 72
394 145
394 203
394 289
394 416
394 800
394 1041
394 1155
394 1536
395 55
395 268
395 848
395 1030
395 1044
395 1856
396 49
396 147
396 1002
396 1091
396 1656
396 1986
397 585
397 1152
397 1162
397 1453
398 96
398 403
398 1250
399 282
399 293
399 1904
400 162
400 191
400 192
400 264
400 512
400 576
400 584
400 802
400 1160
400 1361
401 672
401 1066
401 1840
402 6
402 20
402 82
402 259
402 320
402 425
402 937
402 1289
403 357
404 0
404 2
404 1026
404 1137
404 1284
404 1573
404 1832
405 328
405 413
405 1539
406 31
406 169
406 338
406 1165
407 4
407 80
407 597
407 632
407 1847
408 36
408 239
408 394
408 449
408 791
408 1059
408 1337
408 1512
409 810
410 132
410 422
410 1288
411 674
411 804
411 1168
411 1292
412 164
412 524
412 1421
412 1888
413 362
413 771
413 1062
413 1363
413 1804
413 1970
414 1280
414 1538
414 1717
415 160
415 691
416 24
416 70
416 97
416 124
416 153
416 170
416 177
416 193
416 205
416 272
416 549
416 624
416 1323
416 1546
416 1799
417 261
417 384
417 496
417 605
417 776
417 1568
417 1664
418 19
418 142
418 260
418 528
418 768
418 1092
418 1152
418 1832
419 50
419 110
419 369
419 1441
419 1556
420 521
420 652
420 1284
420 1674
420 1806
421 1042
422 514
422 551
422 618
422 1157
422 1581
422 1752
423 36
423 773
423 1550
424 484
424 598
424 711
424 731
424 1293
425 52
425 584
425 588
425 802
425 978
426 0
426 12
426 16
426 22
426 64
426 74
426 91
426 108
426 836
427 33
427 56
427 690
427 1049
427 1068
427 1305
428 9
428 280
428 578
428 595
428 1160
429 8
430 0
430 50
430 84
431 72
431 141
431 172
432 167
432 606
432 1077
432 1139
432 1617
433 27
433 93
433 1452
433 1568
434 528
434 1060
434 1074
434 1234
435 17
436 75
436 592
436 928
436 1578
437 324
437 1120
437 1282
437 1288
438 512
438 1664
439 86
439 1096
439 1809
440 579
441 1658
442 68
442 185
442 512
442 532
442 928
442 1219
442 1424
442 1580
442 1808
444 617
444 1093
444 1464
445 1098
446 12
446 615
446 641
448 1
448 112
448 388
448 512
448 690
448 1434
448 1566
448 1769
449 101
449 288
449 1474
449 1481
449 1636
450 12
450 30
450 128
450 432
450 442
450 864
450 1040
450 1320
450 1688
451 0
451 112
451 847
451 1814
452 28
452 75
452 89
452 160
452 545
452 610
452 625
452 808
452 1230
452 1304
452 1601
453 578
453 791
453 1030
453 1104
453 1243
453 1726
454 0
454 577
454 784
454 1449
455 122
455 1882
456 12
456 531
456 1073
456 1316
457 656
457 717
458 4
458 17
458 52
458 78
458 562
458 1152
459 300
460 12
460 256
460 582
460 1208
460 1377
460 1983
461 704
461 800
463 182
464 68
464 194
465 18
465 70
465 97
465 868
466 6
466 9
466 171
466 392
466 515
466 849
467 1932
468 137
468 1142
468 1933
469 157
469 1048
470 192
470 1553
470 1936
471 20
471 80
471 802
471 1184
472 1029
472 1080
472 1104
473 41
473 352
473 358
473 928
473 1280
473 1962
474 132
474 487
476 1292
476 1485
477 128
477 149
477 256
478 2
478 1200
479 143
479 288
480 281
480 329
480 577
480 696
480 768
480 1094
481 16
481 308
481 1800
482 3
482 17
482 191
482 261
482 292
483 12
483 65
483 131
483 148
483 926
483 1634
484 1477
485 1
485 520
485 1201
486 216
486 975
486 1313
487 1484
488 130
488 143
488 1574
489 222
489 586
489 1676
491 796
491 1106
492 249
492 981
492 1054
492 1228
492 1299
493 1026
494 66
494 1048
495 283
496 180
496 199
497 1024
497 1248
498 128
499 4
500 1417
501 398
501 500
501 800
504 543
504 1070
504 1120
506 1153
507 1472
508 9
508 88
508 914
509 256
510 263
512 0
512 24
512 36
512 52
512 97
512 139
512 214
512 236
512 267
512 310
512 420
512 558
512 592
512 593
512 636
512 708
512 1025
512 1052
512 1476
512 1536
512 1556
512 1563
512 1680
513 2
513 43
513 75
513 77
513 88
513 133
513 144
513 258
513 272
513 273
513 352
513 623
513 672
513 1044
513 1105
513 1108
513 1152
513 1557
514 4
514 19
514 217
514 304
514 315
514 448
514 570
514 612
514 643
514 777
514 1056
514 1787
514 1809
515 64
515 66
515 208
515 241
515 320
515 388
515 548
515 906
515 1089
515 1096
515 1168
515 1232
515 1313
516 129
516 243
516 331
516 337
516 384
516 394
516 560
516 643
516 720
516 1061
516 1153
516 1280
516 1593
516 1665
516 1899
516 1921
517 24
517 42
517 53
517 227
517 328
517 498
517 523
517 945
517 1296
517 1536
517 1794
517 1883
518 80
518 134
518 187
518 272
518 592
518 619
518 1265
519 5
519 70
519 162
519 512
519 1266
519 1481
519 1876
520 1
520 10
520 69
520 76
520 152
520 256
520 259
520 264
520 408
520 512
520 529
520 705
520 832
520 1000
520 1164
520 1655
521 16
521 86
521 196
521 322
521 338
521 512
521 659
521 848
521 1137
521 1240
522 0
522 8
522 75
522 102
522 388
522 392
522 449
522 768
522 844
522 1154
522 1217
522 1431
523 164
523 724
523 1092
523 1213
523 1280
523 1542
523 1715
523 1884
524 98
524 288
524 875
524 1089
524 1091
524 1593
524 1600
524 1745
525 232
525 1056
525 1356
525 1568
525 1937
526 2
526 713
526 1093
526 1216
526 1235
526 1412
527 136
527 576
527 1144
527 1412
528 3
528 23
528 128
528 195
528 248
528 265
528 547
528 1144
528 1240
528 1319
528 1858
529 39
529 83
529 88
529 224
529 282
529 304
529 1025
529 1126
529 1277
529 1291
529 1640
530 4
530 20
530 100
530 130
530 228
530 274
530 397
530 413
530 530
530 1116
530 1704
531 130
531 686
531 914
531 1024
532 0
532 42
532 544
532 864
532 1032
532 1089
532 1109
532 1284
532 1536
532 1926
533 2
533 29
533 32
533 56
533 224
533 738
533 1288
533 1296
534 4
534 112
534 130
534 478
534 549
534 975
534 1196
535 135
535 338
535 1032
536 14
536 40
536 106
536 132
536 229
536 271
536 572
536 641
536 642
536 773
536 1168
536 1600
536 1670
536 1801
536 1850
537 42
537 92
537 317
537 468
537 609
537 1353
538 5
538 24
538 426
538 869
539 3
539 20
539 172
539 213
539 264
539 328
539 353
539 546
539 600
539 940
539 1076
539 1309
540 144
540 196
540 1401
540 1937
541 18
541 235
541 1026
541 1234
541 1978
542 32
542 124
542 236
542 380
542 914
542 1290
542 1742
543 18
543 166
543 348
543 482
544 87
544 220
544 268
544 273
544 325
544 642
544 783
544 1032
544 1568
544 1618
544 1627
544 1666
544 1684
544 1697
544 1745
544 2042
545 30
545 64
545 154
545 259
545 264
545 364
545 609
545 1092
545 1126
545 1667
545 1688
545 1777
545 1815
545 1934
545 1952
546 57
546 72
546 96
546 126
546 145
546 228
546 257
546 340
546 384
546 784
546 1161
546 1218
546 1351
547 8
547 65
547 133
547 171
547 596
547 640
547 752
547 1508
547 1758
548 88
548 197
548 216
548 233
548 244
548 327
548 348
548 1024
548 1081
548 1098
548 1240
548 1307
549 30
550 17
550 37
550 144
550 515
550 1611
551 588
551 612
552 24
552 73
552 75
552 232
552 268
552 352
552 551
552 882
552 1058
552 1376
552 1480
552 1701
553 2
553 48
553 166
553 168
553 556
553 578
553 626
553 646
553 847
553 1232
554 48
554 136
554 1031
554 1034
554 1728
555 8
555 274
555 604
555 1537
556 10
556 210
556 225
556 528
556 1024
556 1282
556 1606
556 1975
557 96
557 279
557 400
557 513
557 1164
558 35
558 140
558 588
559 556
559 1025
559 1186
560 110
560 128
560 193
560 433
560 621
560 708
560 1091
560 1328
560 1422
560 1509
561 0
561 145
561 420
561 592
561 832
561 936
561 1351
561 1352
562 37
562 40
562 68
562 167
562 1550
562 1728
563 94
563 392
563 418
563 1224
563 1763
564 200
564 640
564 1553
564 1669
565 22
565 128
565 1316
565 1817
566 24
566 268
566 360
566 1353
566 1378
566 1520
567 144
568 113
568 212
568 518
568 1028
569 72
569 152
569 360
569 671
569 784
569 1024
570 12
570 32
570 268
570 519
570 1294
571 273
571 580
571 850
571 1028
571 1283
571 1804
572 155
572 328
572 770
572 1548
573 284
573 600
574 601
574 1472
575 90
575 1025
576 34
576 74
576 173
576 176
576 267
576 268
576 308
576 600
576 1059
576 1241
576 1312
576 1799
577 21
577 26
577 264
577 271
577 292
577 537
577 647
577 758
577 1032
578 7
578 9
578 97
578 160
578 322
578 577
578 1067
578 1112
579 513
579 1100
579 1148
579 1468
579 1706
580 60
580 193
580 344
580 418
580 513
580 546
580 810
580 1026
580 1031
580 1060
580 1081
580 1579
581 24
581 96
581 412
581 696
581 1164
581 1654
582 4
582 64
582 65
582 265
582 489
582 657
582 1189
582 1191
582 2014
583 32
583 256
583 552
583 610
583 1156
584 11
584 150
584 200
584 288
584 522
584 654
584 788
584 915
584 1634
584 1953
585 80
585 105
585 406
585 1191
585 1410
585 1944
586 5
586 109
586 136
586 593
586 1037
586 1056
586 1093
586 1152
586 1380
587 98
587 258
587 672
588 533
588 1900
589 33
589 292
589 1536
590 24
590 337
590 416
590 450
590 582
590 645
591 112
591 377
591 462
591 789
591 1737
592 22
592 34
592 97
592 269
592 407
592 424
592 530
592 1028
592 1094
592 1227
592 1286
592 1568
592 1678
592 1682
593 647
593 660
594 16
594 280
594 554
594 1037
594 1170
594 1388
594 1856
595 161
595 292
595 772
595 859
595 1024
595 1032
595 1080
595 1444
595 1868
595 1923
596 231
596 281
596 312
596 400
596 523
596 782
596 810
596 1328
596 1808
597 32
597 78
597 130
597 908
598 102
598 261
598 281
598 928
598 1034
598 1120
599 118
599 720
599 832
599 1569
600 33
600 259
600 328
600 517
600 1116
600 1299
600 1353
600 1452
600 1636
601 32
601 292
601 944
601 1097
601 1104
601 1142
602 130
602 299
603 8
603 62
603 213
603 449
603 724
603 1132
603 1280
603 1902
604 359
604 1280
605 138
605 289
607 929
608 80
608 256
608 258
608 307
608 516
608 696
608 1056
608 1061
608 1217
608 1237
608 1957
609 8
609 160
609 256
609 1284
609 1290
610 4
610 9
610 132
610 521
610 792
611 576
611 578
611 768
611 796
611 1107
611 1811
612 320
612 372
612 448
612 560
612 616
612 841
612 1040
612 1065
612 1084
612 1175
612 1332
612 1807
613 2
613 96
613 365
613 544
613 1123
614 2
614 513
614 644
614 720
614 936
614 1068
614 1357
615 1
615 17
615 68
615 193
615 273
615 1584
616 66
616 112
616 137
616 273
616 324
616 1063
617 18
617 74
617 144
617 898
618 66
618 70
618 256
618 258
618 452
619 0
619 33
619 837
619 1044
619 1542
620 0
620 14
620 551
620 1182
621 588
621 728
621 1665
622 257
622 1090
623 66
623 514
623 644
623 1378
624 25
624 188
624 560
624 1045
625 3
625 12
625 576
625 1043
625 1476
626 48
626 258
626 780
626 1810
627 52
627 280
627 704
627 740
627 1056
627 1570
627 1700
628 384
628 416
628 1200
628 1353
629 5
629 9
629 1730
630 256
630 1336
631 1329
632 20
632 986
632 1088
633 14
633 260
633 684
633 688
633 1346
634 3
634 20
634 1224
634 1318
635 16
635 782
635 1131
635 1762
636 106
636 136
636 674
637 128
639 1578
640 4
640 34
640 85
640 94
640 114
640 120
640 206
640 286
640 328
640 350
640 416
640 534
640 560
640 1084
640 1255
640 1377
640 1548
641 16
641 45
641 273
641 288
641 416
641 656
641 712
641 865
641 1200
641 1534
641 1539
641 1671
642 8
642 83
642 176
642 284
642 469
642 551
642 555
642 608
642 800
642 928
642 1046
642 1056
642 1089
642 1459
642 1611
642 1876
643 8
643 90
643 108
643 140
643 1186
643 1212
643 1617
644 1
644 20
644 23
644 342
644 1171
644 1264
644 1568
645 4
645 362
645 418
645 473
645 1032
645 1281
645 1313
645 2013
646 10
646 344
646 1028
646 1253
646 2017
647 659
648 48
648 123
648 256
648 449
648 769
648 920
648 1176
648 1360
648 1458
648 1827
648 1885
649 20
649 50
649 813
650 529
650 664
651 192
651 268
651 1536
652 99
652 674
652 880
652 1664
653 17
653 115
653 324
653 984
653 1001
653 1280
653 1525
654 51
654 614
654 821
654 1265
655 258
656 94
656 110
656 129
656 512
656 540
656 1029
656 1165
656 1323
656 1521
656 1815
656 1939
656 1957
657 48
657 297
657 338
657 536
657 640
657 999
657 1668
658 27
658 32
658 518
658 1200
659 163
659 263
659 352
659 512
659 784
660 3
660 641
660 1073
660 1210
660 1226
660 1753
661 74
661 352
661 548
661 1028
661 1690
661 1972
662 1102
662 1170
663 1036
663 1570
664 448
664 1312
664 1323
664 1441
664 1863
665 0
665 432
665 749
665 820
665 1200
666 4
666 78
666 224
666 424
666 1127
666 1201
667 35
667 97
667 128
667 320
668 107
668 154
668 308
668 1765
669 77
669 402
669 490
669 1300
670 67
671 3
671 16
671 68
671 145
671 425
672 88
672 96
672 130
672 258
672 296
672 298
672 312
672 323
672 326
672 451
672 592
672 840
672 1044
672 1340
672 1408
672 1568
672 1570
673 36
673 54
673 186
673 261
673 284
673 645
673 732
673 908
673 1132
674 64
674 647
674 1035
675 151
675 302
675 306
675 418
675 810
675 1153
675 1212
675 1362
675 1964
676 64
676 98
676 122
676 203
676 362
676 541
676 553
676 1024
676 1027
676 1032
676 1099
676 1308
676 1313
676 1360
677 128
677 294
677 411
677 697
677 1156
677 1390
677 1682
678 285
678 339
678 398
678 518
679 52
679 268
679 1545
680 7
680 29
680 294
680 1047
681 18
681 21
681 36
681 41
681 257
681 309
681 776
682 800
683 53
683 165
683 193
683 327
683 528
683 594
683 1171
683 1542
684 800
684 1041
684 1284
685 36
685 1576
688 9
688 139
688 351
688 657
688 853
688 1322
689 80
689 1109
690 4
690 9
690 52
690 130
690 522
690 544
690 1024
690 1032
690 1113
690 1352
691 2
691 32
691 161
691 576
692 697
692 1040
692 1888
693 132
693 514
693 1426
693 1877
694 119
694 549
694 616
694 1031
695 82
695 208
695 642
696 44
696 1064
696 1189
696 1566
697 259
697 325
697 1056
697 1238
698 535
698 1542
698 1824
699 650
699 1160
700 64
700 776
702 76
702 288
703 550
703 1281
703 1476
704 4
704 21
704 113
704 133
704 135
704 362
704 529
704 554
704 660
704 768
704 872
704 962
704 1319
704 1956
704 1996
705 40
705 70
705 84
705 258
705 280
705 1040
705 1328
705 1634
706 1
706 78
706 570
706 1045
706 1291
707 136
707 544
707 1041
707 1346
707 1543
708 48
708 1282
708 1840
709 789
710 678
710 896
711 232
711 305
711 1664
712 2
712 512
712 1542
713 25
713 266
713 419
713 1585
713 1608
714 240
714 512
714 900
714 1225
715 1
715 35
715 160
715 578
716 1044
717 58
717 76
717 521
718 133
718 518
718 1216
718 1704
719 297
719 704
719 1296
720 108
720 208
720 756
720 1066
720 1101
721 2
721 290
721 328
721 577
721 1472
722 392
722 1600
724 295
725 96
725 272
725 276
725 300
725 1202
726 52
726 260
726 329
726 530
727 1075
728 18
728 130
728 1064
728 1178
728 1501
729 1026
730 220
730 266
730 405
730 1075
730 1141
731 64
731 977
731 1024
731 1216
732 432
733 515
733 788
733 1412
733 1840
735 867
735 1249
736 48
736 212
736 624
736 872
736 1040
736 1153
736 1358
737 64
737 306
737 865
737 1049
737 1076
738 193
738 320
738 871
738 1042
738 1057
738 1204
738 1419
738 1651
738 1758
739 84
739 133
739 848
740 26
740 130
740 201
740 768
740 1084
740 1153
741 295
741 976
741 1321
741 1824
742 312
742 588
743 1024
744 68
744 466
744 472
745 1000
745 1024
746 20
746 230
747 304
747 1733
748 550
749 523
749 1106
750 22
750 306
750 1537
750 1696
752 64
752 336
752 344
752 1552
753 1137
754 84
754 174
754 565
755 196
755 548
756 1040
756 1543
757 624
757 845
757 1296
758 14
759 1562
760 84
760 101
760 304
760 394
760 1186
760 1540
761 1042
762 516
762 616
762 1064
762 1160
763 64
763 1088
763 1562
764 55
764 649
764 1160
765 133
766 1172
766 1793
767 1675
768 16
768 64
768 266
768 272
768 400
768 721
768 772
768 779
768 1024
768 1086
768 1252
768 1390
768 1403
768 1545
768 1728
769 42
769 48
769 96
769 98
769 106
769 136
769 210
769 420
769 592
769 1276
769 1410
769 1540
770 65
770 82
770 92
770 262
770 308
770 514
770 520
770 526
770 584
770 781
770 924
770 1098
770 1384
771 134
771 1134
772 65
772 80
772 135
772 142
772 157
772 708
772 769
772 775
772 1169
772 1280
772 1441
773 21
773 66
773 547
773 570
773 660
773 1017
773 1536
774 80
774 166
774 199
774 600
774 609
774 655
774 833
774 1799
774 1808
774 1987
775 320
775 512
775 658
775 1141
775 1458
776 3
776 10
776 256
776 313
776 461
776 1364
776 1650
777 0
777 165
777 336
777 497
777 575
777 1796
777 1802
778 257
778 1028
778 1066
778 1538
779 32
779 354
779 784
779 1076
779 1536
780 553
780 672
780 1025
780 1062
780 1461
781 360
781 524
781 576
781 1216
782 258
782 686
782 1560
784 1
784 148
784 204
784 322
784 395
784 1034
784 1109
784 1580
785 5
785 56
785 232
785 433
785 522
785 618
785 688
785 1549
786 10
786 384
786 650
786 1254
786 1940
787 8
787 515
787 628
787 685
787 1029
788 3
788 9
789 9
789 77
789 288
789 306
789 422
789 1296
790 1149
791 260
791 1304
791 1554
792 545
792 988
792 1063
793 1750
794 117
794 224
794 1165
794 1222
794 1345
795 4
795 533
795 550
795 621
796 73
796 570
796 981
796 1044
796 1180
797 40
797 72
797 200
797 1675
798 144
798 724
798 1130
798 1800
799 1832
800 152
800 211
800 342
800 415
800 864
800 1070
800 1171
800 1573
801 208
801 274
801 593
801 1601
801 1721
801 1920
802 128
802 176
802 453
802 515
802 576
802 602
802 674
802 801
802 1273
802 1626
803 86
803 641
803 1088
804 1
804 4
804 162
804 419
804 454
804 724
805 34
805 36
805 128
805 144
805 2002
806 338
806 1024
806 1091
807 258
807 1124
807 1460
807 1571
808 32
808 81
808 145
808 336
808 513
808 523
808 654
808 799
808 1028
808 1155
808 1484
809 18
809 21
809 81
809 138
809 198
809 256
809 1112
809 1202
809 1289
810 194
810 788
810 1536
810 1931
811 271
811 1512
812 307
812 460
812 704
813 6
813 1031
814 596
815 1154
816 88
816 176
816 848
816 882
816 1195
816 1282
816 1346
816 1421
816 1733
816 2007
817 54
817 710
817 1056
817 1152
817 1378
818 2
818 102
818 261
818 265
818 1796
819 584
819 1588
820 48
820 226
820 1290
821 0
821 135
821 203
821 1921
822 827
823 314
823 770
824 561
824 1952
825 84
825 1034
825 1060
826 8
826 32
827 781
827 1026
828 23
828 1347
828 1536
830 22
830 1076
830 1097
832 206
832 377
832 427
832 486
832 576
832 620
832 729
832 872
832 1056
832 1072
832 1224
832 1555
833 12
833 74
833 512
833 1053
833 1360
833 1609
833 1720
834 7
834 41
834 568
834 1035
834 1083
834 1267
834 1776
835 43
835 68
835 71
835 81
835 323
835 1072
835 1096
836 604
837 0
837 596
837 1926
838 4
838 261
838 268
838 713
838 1296
838 1344
839 14
839 1125
840 32
840 48
840 59
840 148
840 212
840 274
840 325
840 688
840 1120
840 1152
840 1346
840 1443
841 0
841 7
841 529
841 1033
841 1154
842 300
842 323
843 1
843 1424
844 100
844 682
845 162
845 812
845 1581
846 81
846 87
846 281
847 4
847 668
848 141
848 531
848 640
848 742
848 1337
848 1564
849 260
849 1044
850 369
851 144
851 392
851 1283
852 69
852 236
853 365
853 608
853 1038
853 1483
853 1932
854 256
855 56
855 770
855 1297
856 70
856 73
856 545
856 1024
856 1025
857 1620
858 52
858 61
858 262
858 638
858 727
858 1559
859 156
860 40
860 135
860 421
860 605
861 384
861 682
861 1684
862 1184
862 1920
863 308
863 674
863 1029
864 67
864 74
864 86
864 390
864 512
864 681
864 769
864 900
864 1138
864 1155
864 1454
865 692
865 1048
865 1618
866 0
866 800
866 1170
866 1216
867 75
867 194
867 592
867 898
867 1140
868 0
868 16
868 677
868 1556
868 1880
869 328
869 898
869 1686
870 5
870 137
870 497
870 1024
870 1771
871 17
872 270
872 1026
872 1057
872 1283
873 646
874 24
874 43
874 156
874 518
874 1583
875 357
876 368
876 611
877 514
879 1088
880 28
880 512
880 516
880 641
880 873
880 1395
880 1538
880 1650
881 398
881 840
881 1240
882 163
882 192
882 1223
883 144
883 1090
883 1575
884 97
884 1064
884 1668
884 1744
886 71
886 389
886 762
887 1673
888 48
888 408
889 232
889 1954
890 256
890 1440
891 171
891 450
891 1081
891 1565
892 400
892 1152
893 1214
894 384
896 17
896 25
896 300
896 640
896 778
896 1040
896 1074
897 645
897 1028
897 1472
897 1573
898 4
898 16
898 18
898 260
898 1029
898 1280
899 246
899 1094
899 1412
900 322
900 688
900 1220
900 1323
900 1409
901 3
901 26
901 256
901 444
901 1128
902 149
902 325
902 696
902 1698
903 38
903 84
903 627
903 924
903 1163
904 4
904 22
904 52
904 160
904 323
904 948
904 1030
904 1590
905 7
905 1046
905 1186
905 1223
905 1353
906 64
906 452
906 524
906 640
907 64
907 491
907 1296
907 1332
907 1868
908 982
908 1067
908 1600
909 0
909 9
909 1061
909 1474
910 1092
910 1609
911 1057
911 1165
911 1565
912 313
912 1208
912 1568
912 1608
912 1736
912 1827
913 2
913 80
913 128
913 281
913 579
913 1068
913 1090
913 1258
913 1408
913 1542
914 39
914 298
914 417
914 999
914 1060
914 1993
915 1861
916 12
916 165
916 320
916 418
917 675
918 68
918 107
918 1218
918 1312
918 1553
919 300
919 322
920 2
920 66
920 97
920 256
920 282
921 80
921 242
921 391
921 1030
921 1152
922 108
922 719
923 96
924 134
924 1056
924 1057
925 204
925 1409
926 107
926 405
926 544
927 1409
928 128
928 144
928 416
928 619
928 977
928 1072
928 1366
928 1561
929 129
929 279
929 417
929 578
929 808
930 644
930 1224
930 1537
931 579
931 1073
932 535
932 1812
933 34
933 260
933 1041
933 1121
934 1163
935 21
935 147
935 466
935 1811
936 12
936 73
936 689
936 992
936 1350
937 481
937 628
937 1285
939 6
939 104
939 823
940 2
940 100
940 201
940 538
940 896
942 1298
944 256
944 336
944 1329
945 1092
945 1682
946 11
946 82
946 396
946 800
946 1285
947 356
947 1200
948 24
948 88
948 1604
950 18
950 128
950 406
951 924
952 131
952 900
953 584
956 1
956 1094
956 1342
957 1365
958 796
958 1050
958 1353
960 20
960 164
960 202
960 390
960 408
960 529
960 532
960 1288
960 1338
960 1565
960 1594
961 404
961 434
962 1
962 21
962 64
962 100
962 183
962 571
962 1108
962 1160
963 0
963 344
963 2024
964 24
964 768
964 870
964 1297
964 1802
965 30
965 112
965 217
965 1032
965 1198
965 1358
966 1816
967 10
967 68
968 1042
968 1412
969 10
969 34
969 176
969 1064
969 1568
969 1622
970 64
970 233
971 534
971 1096
972 0
972 264
972 344
972 720
974 1057
974 1280
976 26
976 41
976 786
976 973
976 1184
976 1990
977 72
977 362
977 1866
978 40
978 44
978 162
978 592
979 41
979 265
980 384
980 574
980 582
981 54
981 275
981 1175
981 1252
981 1749
982 1241
982 1475
984 320
984 486
984 623
984 820
984 1867
986 1104
990 1477
990 1648
991 512
992 20
992 227
992 512
992 513
992 768
992 1024
992 1026
992 1690
993 40
993 450
993 1282
994 1324
995 2
996 27
996 360
996 517
997 106
998 1360
998 1543
998 1939
999 1152
1000 1606
1001 292
1001 1248
1001 1284
1002 68
1004 72
1004 409
1004 525
1004 1556
1005 162
1005 204
1005 905
1006 436
1007 1316
1008 163
1008 355
1010 80
1011 40
1015 545
1016 912
1018 182
1018 360
1020 260
1020 263
1024 5
1024 11
1024 33
1024 36
1024 140
1024 162
1024 229
1024 340
1024 371
1024 398
1024 432
1024 549
1024 584
1024 648
1024 820
1024 1038
1024 1076
1024 1165
1024 1285
1024 1347
1024 1576
1024 1600
1024 1659
1024 1928
1024 1954
1025 18
1025 105
1025 113
1025 147
1025 296
1025 392
1025 400
1025 784
1025 802
1025 840
1025 1088
1025 1172
1025 1664
1026 64
1026 106
1026 198
1026 200
1026 414
1026 544
1026 578
1026 604
1026 674
1026 896
1026 917
1026 1035
1026 1576
1027 380
1027 469
1027 521
1027 529
1027 545
1027 596
1027 640
1027 824
1027 1386
1027 1920
1027 1984
1028 17
1028 32
1028 52
1028 68
1028 98
1028 128
1028 252
1028 288
1028 523
1028 788
1028 898
1028 1156
1028 1232
1028 1550
1028 1567
1029 48
1029 440
1029 526
1029 531
1029 756
1029 1654
1030 0
1030 245
1030 257
1030 524
1030 562
1030 660
1030 819
1030 1041
1030 1058
1030 1140
1030 1536
1030 1552
1030 1648
1031 58
1031 320
1031 388
1031 550
1031 1640
1032 16
1032 135
1032 168
1032 294
1032 330
1032 353
1032 381
1032 544
1032 771
1032 1031
1032 1041
1032 1157
1032 1302
1032 1544
1032 1664
1032 1860
1033 1
1033 9
1033 130
1033 158
1033 184
1033 266
1033 386
1033 618
1033 794
1033 804
1033 809
1033 1028
1033 1290
1033 1616
1033 1836
1034 5
1034 97
1034 402
1034 458
1034 576
1034 689
1034 744
1034 1202
1034 1682
1034 1923
1035 128
1035 148
1035 656
1035 658
1035 1024
1035 1117
1036 0
1036 9
1036 80
1036 141
1036 420
1036 429
1036 520
1036 706
1036 1053
1036 1100
1036 1164
1036 1345
1036 1388
1036 1416
1036 1984
1037 4
1037 54
1037 171
1037 336
1037 416
1037 537
1037 816
1037 1577
1037 1639
1038 42
1038 376
1038 611
1038 714
1038 1024
1038 1026
1038 1178
1038 1408
1038 1672
1039 0
1039 272
1039 666
1039 1168
1039 1472
1039 1713
1040 8
1040 32
1040 84
1040 218
1040 258
1040 354
1040 372
1040 389
1040 568
1040 589
1040 618
1040 793
1040 896
1040 1026
1040 1160
1040 1216
1040 1432
1040 1476
1040 1953
1041 56
1041 140
1041 216
1041 389
1041 396
1041 1248
1041 1356
1041 2042
1042 2
1042 58
1042 63
1042 144
1042 290
1042 647
1042 716
1042 936
1042 995
1042 1026
1042 1268
1042 1296
1042 1815
1043 53
1043 332
1043 541
1043 679
1044 231
1044 259
1044 350
1044 516
1044 744
1044 868
1044 978
1044 1180
1045 54
1045 1012
1046 2
1046 98
1046 324
1046 401
1046 583
1046 777
1046 1536
1046 1857
1047 67
1048 34
1048 226
1048 265
1048 336
1048 520
1048 544
1048 581
1048 1041
1048 1069
1048 1136
1048 1242
1048 1365
1048 1852
1049 35
1049 166
1049 277
1049 564
1049 641
1049 706
1049 784
1049 1316
1049 1554
1050 85
1050 116
1050 304
1050 1397
1050 1689
1051 270
1051 512
1051 541
1051 642
1051 708
1051 900
1052 129
1052 197
1052 787
1052 1102
1052 1169
1052 1336
1052 1408
1052 1930
1053 460
1053 560
1053 1036
1054 89
1054 1105
1054 1877
1054 2025
1055 167
1055 182
1055 853
1055 919
1055 1097
1056 65
1056 83
1056 101
1056 124
1056 215
1056 288
1056 348
1056 547
1056 1024
1056 1028
1056 1032
1056 1126
1056 1240
1056 1412
1056 1493
1056 1536
1056 1562
1056 1585
1057 4
1057 32
1057 50
1057 114
1057 129
1057 257
1057 287
1057 297
1057 400
1057 408
1057 521
1057 600
1057 608
1057 712
1057 724
1057 1003
1057 1042
1057 1046
1057 1170
1057 1440
1057 1558
1057 1608
1058 16
1058 296
1058 307
1058 327
1059 2
1059 40
1059 535
1059 645
1059 1168
1059 1808
1059 1817
1060 5
1060 11
1060 48
1060 64
1060 72
1060 373
1060 392
1060 545
1060 560
1060 576
1060 597
1060 653
1060 1189
1060 1200
1060 1755
1060 1916
1061 50
1061 331
1061 918
1061 1292
1062 8
1062 274
1062 312
1062 332
1062 873
1062 1048
1062 1121
1062 1323
1062 1992
1063 15
1063 31
1063 209
1063 628
1063 809
1063 974
1063 1026
1064 21
1064 32
1064 65
1064 161
1064 444
1064 648
1064 898
1064 1184
1064 1300
1064 1305
1064 1664
1065 14
1065 16
1065 96
1065 256
1065 950
1065 1232
1065 1576
1066 26
1066 207
1066 289
1066 322
1066 459
1066 544
1066 549
1066 1072
1067 75
1067 508
1067 610
1067 1060
1067 1098
1067 1186
1067 1293
1067 2047
1068 160
1068 161
1068 415
1068 438
1068 648
1068 829
1068 1040
1068 1234
1068 1284
1068 1292
1069 321
1069 812
1070 357
1070 544
1070 1028
1071 442
1071 1810
1072 59
1072 69
1072 100
1072 270
1072 292
1072 328
1072 332
1072 710
1072 1112
1072 1205
1072 1587
1072 1626
1073 46
1073 162
1073 298
1073 341
1073 417
1073 576
1073 612
1073 681
1073 721
1073 1034
1073 1219
1073 1904
1074 424
1074 1290
1074 1349
1074 1801
1074 1873
1075 67
1075 280
1075 340
1075 352
1075 661
1075 901
1075 1369
1075 1584
1076 23
1076 36
1076 40
1076 68
1076 96
1076 136
1076 155
1076 258
1076 386
1076 527
1076 646
1076 1011
1076 1027
1076 1186
1076 1490
1077 81
1077 1024
1077 1568
1078 1
1078 142
1078 1032
1078 1410
1078 1678
1079 172
1079 283
1079 913
1080 585
1080 808
1080 924
1080 1160
1080 1590
1080 1952
1081 0
1081 472
1081 864
1081 1540
1082 67
1082 528
1082 1184
1083 171
1083 516
1083 1428
1084 4
1084 41
1084 131
1084 181
1084 512
1084 1090
1084 1306
1085 352
1085 514
1085 1138
1086 649
1086 882
1086 1452
1087 0
1087 1037
1088 0
1088 29
1088 65
1088 79
1088 100
1088 102
1088 168
1088 208
1088 210
1088 256
1088 262
1088 310
1088 396
1088 409
1088 571
1088 592
1088 1040
1088 1072
1088 1460
1088 1729
1088 2010
1088 2016
1089 80
1089 129
1089 290
1089 352
1089 506
1089 518
1089 1292
1089 1538
1089 1539
1089 1661
1089 1668
1089 1987
1090 64
1090 88
1090 101
1090 610
1090 646
1090 1026
1090 1216
1090 1324
1091 14
1091 39
1091 499
1091 577
1091 906
1091 1072
1091 1396
1091 1555
1092 1
1092 32
1092 76
1092 534
1092 544
1092 615
1092 618
1092 976
1092 1026
1092 1056
1092 1162
1092 1349
1093 38
1093 62
1093 320
1093 520
1093 596
1093 1028
1093 1096
1093 1599
1094 10
1094 144
1094 265
1094 297
1094 556
1094 1040
1094 1961
1095 53
1096 109
1096 128
1096 136
1096 260
1096 322
1096 1060
1096 1620
1096 1812
1096 1896
1097 146
1097 210
1097 1073
1097 1477
1097 1561
1098 84
1098 138
1098 230
1098 1028
1098 1056
1098 1089
1098 1608
1098 1840
1099 0
1099 44
1099 381
1099 516
1099 1347
1099 1986
1100 246
1100 387
1100 1024
1100 1396
1100 1542
1101 33
1101 452
1101 547
1101 563
1101 580
1101 745
1101 1370
1101 1873
1102 18
1102 105
1102 328
1102 513
1102 664
1103 44
1103 128
1103 1345
1103 1574
1104 4
1104 132
1104 134
1104 150
1104 192
1104 512
1104 1120
1104 1384
1104 1440
1104 1545
1104 1570
1105 104
1105 386
1105 425
1105 481
1105 825
1105 1290
1105 1576
1106 72
1106 384
1106 569
1106 616
1106 640
1106 1544
1107 394
1107 1028
1107 1212
1108 160
1108 400
1108 929
1108 1024
1108 1064
1108 1804
1109 512
1110 53
1110 83
1110 121
1110 512
1110 568
1110 1034
1110 1057
1111 44
1111 57
1111 521
1112 7
1112 10
1112 25
1112 73
1112 82
1112 256
1112 497
1112 576
1112 746
1113 84
1113 386
1113 824
1113 907
1113 1975
1114 9
1114 12
1114 610
1114 836
1114 1536
1116 1058
1116 1526
1116 1667
1116 1891
1117 257
1117 258
1117 394
1117 1066
1118 704
1118 842
1118 1629
1118 1922
1119 786
1120 9
1120 76
1120 256
1120 412
1120 490
1120 854
1120 1036
1121 112
1121 392
1121 450
1121 528
1121 1670
1122 56
1122 133
1122 141
1122 160
1122 177
1122 200
1122 353
1122 464
1122 554
1122 581
1122 784
1122 1317
1122 1537
1122 1681
1123 1025
1123 1581
1123 1689
1124 19
1124 160
1124 195
1124 661
1124 972
1124 1954
1125 37
1125 304
1125 719
1125 784
1125 920
1125 1414
1126 90
1126 344
1126 448
1126 599
1126 1627
1127 897
1128 60
1128 80
1128 547
1128 816
1128 1072
1129 66
1129 130
1129 514
1129 1024
1129 1061
1129 1156
1130 1
1130 874
1132 6
1132 66
1132 149
1132 269
1132 836
1133 181
1133 1315
1133 1620
1134 536
1134 1024
1135 20
1135 85
1135 113
1135 385
1135 420
1136 3
1136 98
1136 449
1136 460
1136 573
1136 577
1136 676
1136 1042
1136 1604
1136 1696
1137 392
1137 592
1137 1160
1138 129
1138 266
1138 1040
1139 515
1139 531
1139 1128
1139 1628
1140 384
1140 1948
1141 352
1141 381
1141 512
1141 799
1141 1703
1141 1795
1141 1928
1142 72
1142 1162
1142 1448
1142 1809
1144 512
1144 773
1144 1114
1144 1154
1144 1637
1145 452
1145 1586
1146 270
1146 336
1146 480
1147 898
1147 1476
1148 128
1149 0
1149 544
1149 1283
1150 784
1150 937
1150 1036
1151 320
1151 1456
1152 0
1152 4
1152 22
1152 27
1152 40
1152 41
1152 67
1152 128
1152 276
1152 545
1152 643
1152 1571
1152 1860
1153 16
1153 128
1153 141
1153 197
1153 576
1153 1510
1153 1728
1153 1809
1154 11
1154 96
1154 232
1154 281
1154 524
1154 665
1154 720
1154 796
1154 1034
1154 1153
1154 1555
1154 1588
1154 1706
1155 64
1155 290
1155 334
1155 458
1155 741
1155 1032
1155 1041
1155 1352
1156 16
1156 53
1156 64
1156 113
1156 132
1156 260
1156 552
1156 676
1156 793
1156 1029
1156 1414
1156 1641
1157 273
1157 332
1157 1176
1158 131
1158 241
1158 280
1158 971
1158 1184
1158 1438
1158 1694
1159 482
1159 1284
1159 1706
1160 21
1160 34
1160 231
1160 296
1160 357
1160 514
1160 592
1160 777
1160 780
1160 1029
1160 1300
1161 290
1161 388
1161 722
1161 1088
1161 1536
1162 256
1162 296
1162 392
1162 653
1162 1168
1162 1638
1163 841
1163 1312
1164 413
1164 582
1164 640
1164 1040
1164 1167
1164 1824
1165 1088
1165 1802
1165 1892
1166 160
1166 1154
1167 248
1167 336
1167 1664
1168 41
1168 177
1168 800
1168 937
1168 1032
1168 1040
1168 1609
1169 0
1169 156
1169 264
1169 268
1169 808
1169 1050
1169 1054
1169 1088
1169 1099
1169 1578
1169 1862
1170 3
1170 9
1170 21
1170 152
1170 266
1170 1109
1170 1477
1171 270
1171 620
1171 1220
1172 40
1172 1088
1172 1176
1172 1299
1172 1444
1172 1520
1172 1724
1172 1804
1172 1970
1173 144
1173 147
1173 512
1173 548
1173 569
1173 870
1173 1132
1173 1418
1174 3
1174 100
1174 665
1174 876
1174 1106
1175 348
1175 404
1175 669
1176 19
1176 67
1176 276
1176 545
1176 714
1176 851
1176 1024
1176 1664
1177 289
1177 385
1177 851
1178 2
1179 40
1179 196
1179 1032
1179 1473
1180 225
1180 632
1180 1152
1180 1565
1181 258
1181 459
1181 1640
1182 230
1182 288
1182 532
1182 1036
1183 851
1184 104
1184 119
1184 216
1184 339
1184 1027
1185 24
1185 26
1185 160
1185 262
1185 304
1185 350
1185 584
1185 685
1185 932
1185 1103
1185 1287
1186 64
1186 112
1186 257
1186 266
1186 311
1186 573
1186 794
1186 1249
1186 1441
1186 1767
1187 16
1188 387
1188 515
1188 517
1188 526
1188 924
1188 1228
1189 428
1189 592
1189 1473
1190 705
1190 964
1190 1164
1191 162
1191 203
1191 498
1191 502
1191 1089
1191 1093
1192 443
1192 514
1192 584
1192 978
1192 1174
1192 1559
1193 112
1193 131
1193 276
1193 290
1193 446
1194 25
1194 51
1194 362
1194 523
1194 1588
1195 51
1196 8
1196 140
1196 436
1196 640
1196 1579
1197 1
1197 11
1197 619
1197 1026
1197 1300
1197 1619
1198 1036
1199 436
1200 74
1200 216
1200 616
1200 1088
1200 1188
1201 112
1201 264
1201 692
1201 1287
1201 1488
1202 23
1202 1123
1202 1185
1202 1311
1203 384
1203 704
1204 16
1204 170
1204 776
1204 1039
1204 1921
1204 1926
1205 97
1205 704
1205 1224
1206 64
1206 72
1206 91
1206 100
1206 424
1206 552
1206 772
1207 146
1207 553
1207 645
1207 1014
1208 42
1208 640
1208 1042
1208 1811
1209 512
1209 1050
1210 1372
1211 8
1211 151
1213 520
1214 410
1214 930
1215 80
1215 1259
1215 2020
1216 1
1216 10
1216 57
1216 168
1216 354
1216 520
1216 1528
1216 1552
1216 1921
1217 54
1217 56
1217 105
1217 274
1217 336
1217 452
1217 771
1217 776
1217 1219
1217 1560
1217 1809
1217 1816
1218 172
1218 529
1218 541
1218 738
1218 1172
1218 1420
1218 1585
1219 1209
1220 12
1220 162
1220 768
1220 805
1220 872
1220 1063
1220 1306
1221 5
1221 26
1221 85
1221 1104
1222 354
1222 745
1222 770
1223 11
1223 40
1223 261
1224 4
1224 26
1224 57
1224 152
1224 236
1224 256
1224 288
1224 548
1224 1088
1224 1379
1225 44
1225 137
1225 150
1225 480
1225 1025
1225 1064
1226 161
1226 526
1226 1625
1227 58
1228 47
1228 558
1228 592
1228 1093
1229 206
1229 788
1229 1280
1229 1671
1230 17
1230 1450
1231 534
1231 537
1231 1317
1232 315
1232 828
1232 1286
1232 1459
1233 2
1233 298
1233 380
1233 532
1233 552
1233 1032
1234 220
1234 322
1234 326
1234 517
1234 1954
1235 24
1235 1181
1235 1412
1237 112
1237 618
1237 1547
1238 0
1238 892
1240 63
1240 912
1240 1085
1240 1354
1241 32
1241 111
1241 795
1241 1294
1241 1480
1242 6
1242 66
1242 195
1242 214
1242 496
1243 25
1243 32
1243 208
1243 1164
1244 1379
1244 1424
1244 1634
1245 332
1245 836
1246 73
1246 886
1246 1808
1247 60
1247 260
1247 318
1247 336
1247 1564
1248 160
1248 449
1248 561
1248 1056
1248 1537
1249 0
1249 262
1249 441
1249 1109
1250 8
1250 178
1250 203
1250 216
1250 1057
1251 728
1251 1690
1252 5
1252 25
1252 256
1252 257
1252 842
1252 1282
1253 20
1253 484
1253 1105
1254 166
1254 522
1255 644
1256 10
1256 23
1256 681
1256 970
1256 1074
1256 1108
1257 12
1257 407
1257 1423
1257 1865
1258 578
1259 258
1259 1072
1260 28
1260 33
1260 1092
1261 66
1262 276
1263 31
1263 400
1264 145
1264 600
1264 1038
1264 1616
1265 257
1265 416
1265 1618
1266 65
1267 768
1267 776
1268 112
1268 263
1268 345
1268 712
1268 1026
1268 1033
1268 1456
1268 1825
1270 194
1270 384
1271 1686
1272 1096
1272 1553
1272 1586
1273 132
1274 12
1274 394
1274 1030
1275 337
1278 322
1278 903
1280 8
1280 48
1280 390
1280 528
1280 1089
1280 1169
1280 1314
1280 1682
1280 1925
1281 21
1281 38
1281 44
1281 65
1281 119
1281 168
1281 256
1281 514
1281 750
1281 848
1281 1024
1281 1184
1281 1302
1282 4
1282 86
1282 96
1282 136
1282 206
1282 256
1282 800
1282 841
1282 848
1282 1078
1282 1618
1282 1863
1283 544
1283 714
1283 873
1283 1582
1284 1
1284 12
1284 36
1284 78
1284 97
1284 209
1284 514
1284 679
1284 1032
1284 1664
1284 1954
1285 2
1285 33
1285 178
1285 320
1285 326
1285 513
1285 917
1286 32
1286 726
1287 53
1287 320
1287 586
1287 1033
1287 1060
1287 1834
1288 329
1288 460
1288 523
1288 548
1288 556
1288 664
1288 1104
1288 1108
1288 1120
1288 1651
1288 1668
1289 101
1289 339
1289 640
1289 641
1289 704
1290 62
1290 65
1290 206
1290 238
1290 602
1290 620
1290 959
1290 961
1290 1056
1291 24
1291 593
1291 728
1291 1680
1292 1289
1293 156
1293 266
1293 427
1293 656
1294 17
1294 52
1294 966
1294 1154
1295 300
1296 32
1296 82
1296 126
1296 207
1296 336
1296 337
1296 384
1296 392
1296 577
1296 707
1296 1032
1296 1053
1296 1058
1296 1620
1296 1636
1296 1665
1297 104
1297 387
1297 544
1297 987
1297 1347
1297 1576
1297 1766
1298 61
1298 417
1298 428
1298 660
1298 1056
1299 1294
1300 51
1300 413
1300 525
1300 555
1300 620
1300 846
1300 1190
1300 1536
1301 260
1301 641
1301 1217
1302 6
1302 16
1302 150
1302 416
1302 1934
1303 914
1304 99
1304 120
1304 145
1304 196
1304 521
1304 552
1304 641
1304 1032
1305 164
1305 299
1305 1282
1306 640
1307 145
1307 1617
1308 160
1308 193
1308 256
1308 548
1308 853
1309 276
1309 1664
1309 1780
1310 836
1310 1416
1310 1860
1311 292
1312 18
1312 105
1312 107
1312 144
1312 773
1312 1053
1312 1056
1312 1194
1312 1220
1312 1585
1312 1932
1313 0
1313 70
1313 165
1313 220
1313 336
1313 528
1313 545
1313 821
1313 1049
1313 1092
1313 1109
1313 1367
1313 1546
1314 69
1314 577
1314 912
1314 1046
1315 144
1315 193
1315 288
1315 1210
1316 117
1316 120
1316 128
1316 636
1316 680
1316 772
1316 1185
1317 16
1317 228
1318 4
1318 1020
1319 532
1319 1228
1319 1376
1320 88
1320 282
1320 1090
1320 1188
1320 1429
1321 2
1321 19
1321 588
1321 777
1321 1076
1322 156
1322 258
1322 324
1322 460
1322 1042
1323 396
1323 1345
1323 1694
1324 692
1324 962
1324 1339
1324 1673
1324 1894
1325 60
1326 1184
1327 64
1327 1809
1328 1
1328 57
1328 152
1328 217
1328 248
1328 416
1328 534
1328 554
1328 1026
1328 1180
1328 1304
1328 1708
1328 1720
1328 1952
1329 8
1329 57
1329 248
1329 329
1329 1030
1329 1220
1330 148
1330 195
1330 312
1330 421
1330 1173
1330 1290
1330 1730
1331 260
1331 466
1332 71
1332 1481
1333 82
1333 324
1333 452
1333 1216
1334 416
1334 430
1334 520
1335 962
1336 627
1336 1944
1337 68
1337 83
1337 92
1337 782
1338 1
1338 144
1338 448
1338 514
1338 1217
1339 256
1339 1051
1339 1056
1340 386
1340 1130
1341 97
1341 963
1342 0
1342 8
1342 332
1343 11
1343 19
1344 161
1344 275
1344 713
1344 832
1344 1080
1344 1351
1345 178
1345 269
1345 456
1345 522
1345 1091
1345 1092
1346 32
1346 99
1346 113
1346 129
1346 256
1346 388
1346 524
1346 838
1346 1090
1346 1280
1347 2023
1348 0
1348 130
1348 168
1348 300
1348 864
1349 166
1349 329
1349 687
1349 909
1350 9
1350 35
1350 157
1350 305
1350 552
1350 800
1351 4
1351 8
1351 40
1351 902
1352 295
1352 352
1352 527
1352 720
1352 1334
1352 1449
1353 4
1353 28
1353 122
1353 1346
1353 1840
1354 1536
1354 1581
1355 6
1355 17
1355 72
1355 88
1355 1025
1356 3
1356 184
1356 208
1356 437
1356 771
1356 1154
1356 1449
1357 1122
1357 1384
1357 1980
1358 26
1358 1650
1359 1102
1360 4
1360 256
1360 517
1360 518
1360 537
1360 898
1360 900
1360 1040
1360 1602
1360 2033
1361 257
1362 1
1362 19
1362 68
1362 314
1362 401
1362 473
1362 660
1362 676
1363 34
1363 280
1363 1284
1363 1541
1364 181
1364 209
1364 312
1364 960
1364 1088
1364 1558
1365 16
1365 519
1366 20
1366 81
1367 1553
1368 34
1368 500
1368 515
1368 578
1368 811
1368 920
1368 1074
1369 153
1369 1110
1369 1200
1369 1553
1369 1816
1370 194
1370 1117
1371 1824
1372 4
1372 9
1372 10
1372 1036
1373 785
1374 1036
1374 1285
1375 1367
1375 1777
1376 259
1376 266
1376 692
1376 707
1376 836
1376 1024
1376 1152
1376 1282
1376 1665
1377 59
1377 322
1377 646
1377 858
1377 1567
1378 513
1378 708
1378 1281
1379 602
1379 1044
1380 25
1380 68
1380 287
1380 523
1380 707
1380 769
1380 1994
1381 1683
1382 548
1382 1552
1383 18
1383 19
1383 802
1384 4
1384 21
1384 173
1384 356
1384 530
1384 536
1384 672
1385 17
1385 419
1385 902
1385 912
1386 114
1386 1333
1387 256
1387 1146
1388 12
1388 257
1388 258
1389 461
1389 727
1389 1024
1389 1602
1391 524
1391 1288
1391 2001
1392 49
1392 1024
1393 96
1393 325
1393 562
1393 1088
1393 1282
1394 19
1394 528
1394 806
1395 8
1395 292
1395 1046
1395 1664
1396 46
1396 367
1397 568
1398 32
1398 64
1398 226
1398 1617
1400 12
1400 155
1400 526
1401 182
1401 1174
1401 1540
1402 1
1402 1096
1402 1281
1404 1433
1407 98
1408 1
1408 69
1408 225
1408 226
1408 262
1408 323
1408 513
1408 657
1408 1657
1408 1797
1409 24
1409 37
1409 72
1409 394
1409 833
1409 1027
1409 1056
1410 2
1410 70
1410 386
1410 454
1410 645
1410 751
1410 803
1410 817
1410 1291
1410 1409
1411 64
1411 425
1411 600
1411 1152
1411 1499
1412 20
1412 25
1412 368
1412 500
1412 574
1412 707
1412 1024
1412 1091
1412 1296
1413 193
1413 246
1413 378
1413 1166
1413 1604
1414 8
1414 19
1414 24
1414 32
1414 100
1414 173
1414 180
1414 220
1414 513
1415 0
1415 596
1415 1574
1416 7
1416 166
1416 1305
1417 873
1417 1428
1417 1604
1418 625
1418 1728
1419 610
1419 1177
1419 1288
1420 114
1420 392
1421 519
1423 661
1424 13
1424 64
1424 96
1424 302
1424 455
1424 1632
1425 25
1425 27
1425 148
1425 193
1425 640
1425 646
1425 704
1426 261
1426 321
1426 858
1426 1805
1426 1828
1426 1984
1427 50
1427 216
1427 1029
1428 0
1428 512
1428 1392
1429 32
1429 205
1429 610
1429 1252
1429 1596
1430 480
1430 553
1430 1057
1430 1793
1431 4
1431 402
1431 448
1431 641
1431 1666
1432 514
1433 140
1433 960
1433 1036
1433 1344
1433 1728
1433 1800
1434 4
1434 522
1434 646
1434 1296
1435 1798
1436 67
1436 1186
1436 1292
1436 1304
1437 896
1438 50
1438 352
1438 640
1438 1942
1439 647
1439 752
1440 34
1440 214
1440 278
1440 536
1440 706
1440 913
1441 240
1441 464
1441 908
1441 1102
1441 1172
1442 76
1442 526
1442 561
1442 1061
1442 1185
1442 1502
1443 8
1443 621
1443 844
1443 1109
1443 1608
1444 36
1444 83
1444 548
1444 1027
1444 1042
1444 1136
1444 1412
1445 648
1445 1438
1445 1676
1446 40
1447 256
1447 344
1447 1688
1448 0
1448 19
1448 120
1448 529
1448 1171
1449 4
1449 560
1449 778
1449 1162
1450 34
1450 1123
1450 1797
1451 36
1452 0
1452 144
1452 528
1452 1320
1452 1381
1454 273
1454 832
1454 1108
1455 1952
1456 132
1456 253
1456 532
1456 1410
1457 256
1457 324
1457 517
1457 549
1457 556
1457 840
1457 1155
1458 9
1458 21
1458 1222
1458 1415
1459 1997
1460 266
1460 1265
1461 1305
1462 49
1462 514
1462 651
1464 88
1464 100
1464 784
1465 1617
1468 14
1468 256
1468 440
1472 5
1472 13
1472 394
1472 403
1472 1624
1472 2025
1473 128
1473 913
1473 1109
1474 12
1474 818
1474 1539
1475 649
1475 704
1475 907
1476 60
1476 198
1476 681
1476 837
1476 1061
1476 1632
1476 1641
1477 518
1477 1196
1477 1354
1477 1871
1478 33
1478 183
1478 1538
1479 244
1480 4
1480 68
1480 143
1480 324
1480 400
1480 549
1480 1034
1480 1072
1481 1428
1481 1676
1482 114
1482 513
1483 9
1483 35
1483 744
1483 1030
1484 6
1484 144
1484 401
1485 1038
1485 1344
1485 1353
1487 648
1487 1104
1487 1577
1487 1586
1488 96
1488 178
1488 260
1488 267
1488 370
1488 1028
1488 1224
1488 1377
1489 1158
1490 258
1490 597
1490 776
1490 1376
1492 454
1492 1796
1493 32
1493 664
1493 1025
1493 1286
1494 16
1494 1550
1496 660
1496 1378
1497 578
1498 1142
1499 830
1500 1049
1500 1158
1501 184
1501 451
1502 141
1503 4
1504 11
1504 131
1504 139
1504 256
1504 1200
1505 544
1506 16
1506 1402
1507 200
1507 572
1507 1096
1508 17
1508 33
1508 311
1508 370
1508 1057
1508 1435
1509 914
1510 36
1510 74
1510 515
1511 134
1511 543
1511 573
1513 1284
1514 265
1516 772
1516 1048
1516 1484
1517 148
1517 451
1520 226
1521 268
1521 626
1521 805
1522 576
1523 1084
1524 564
1524 896
1525 264
1526 0
1526 1253
1527 1554
1528 133
1528 150
1528 389
1528 1676
1529 801
1530 1296
1533 1094
1534 1586
1535 45
1536 9
1536 13
1536 26
1536 34
1536 49
1536 114
1536 240
1536 279
1536 515
1536 1024
1536 1032
1536 1481
1536 1568
1536 1714
1536 1836
1537 37
1537 134
1537 380
1537 532
1537 772
1537 1398
1537 1540
1538 237
1538 420
1538 560
1538 568
1538 1090
1538 1280
1538 1560
1538 1632
1538 1730
1539 74
1539 300
1539 650
1539 1906
1540 110
1540 208
1540 259
1540 283
1540 600
1540 612
1540 784
1540 950
1540 1041
1540 1396
1541 5
1541 10
1541 376
1541 515
1541 520
1541 1029
1541 1040
1541 1088
1542 10
1542 40
1542 256
1542 423
1542 1520
1543 528
1544 1
1544 4
1544 16
1544 148
1544 158
1544 366
1544 367
1544 429
1544 524
1544 1190
1544 1204
1544 1731
1544 1892
1545 72
1545 446
1545 678
1545 736
1545 838
1545 948
1545 1203
1545 1314
1545 1605
1546 145
1546 165
1546 293
1546 384
1546 763
1546 1089
1546 1767
1547 6
1547 69
1547 318
1547 1153
1548 80
1548 130
1548 131
1548 162
1548 181
1548 512
1548 710
1548 1090
1548 1742
1549 129
1549 452
1549 737
1549 1270
1549 1299
1549 1591
1550 18
1550 99
1550 774
1551 113
1551 352
1551 682
1551 1052
1552 28
1552 194
1552 195
1552 213
1552 408
1552 1038
1552 1089
1552 1696
1553 136
1553 262
1553 336
1553 573
1553 1026
1553 1104
1553 1225
1553 1312
1554 0
1554 1
1554 56
1554 203
1554 262
1554 264
1554 310
1554 384
1554 675
1555 12
1555 42
1555 262
1555 263
1556 464
1556 527
1556 660
1556 1933
1557 456
1557 688
1557 1323
1557 1564
1558 554
1558 625
1558 669
1558 769
1558 1388
1558 1421
1558 1450
1558 1538
1558 1542
1559 105
1559 512
1559 1126
1560 34
1560 144
1560 256
1560 288
1560 760
1560 831
1560 833
1560 1280
1560 1430
1560 1557
1561 84
1561 562
1561 589
1561 1303
1562 70
1562 258
1562 270
1562 869
1563 338
1563 624
1563 1817
1564 966
1564 1116
1564 1453
1564 1672
1565 120
1565 520
1565 1128
1568 9
1568 44
1568 80
1568 330
1568 446
1568 704
1568 1091
1568 1374
1568 1415
1568 1600
1568 1732
1569 27
1569 64
1569 114
1569 384
1569 584
1569 651
1569 788
1569 1001
1569 1403
1569 1455
1570 224
1570 1832
1570 2019
1571 113
1571 1472
1572 41
1572 64
1572 287
1572 388
1572 420
1572 518
1572 840
1572 1048
1572 1072
1572 1184
1572 1432
1572 1994
1573 144
1573 270
1574 82
1574 208
1574 519
1574 547
1574 884
1574 936
1574 968
1575 841
1576 52
1576 468
1576 566
1576 770
1576 1024
1576 1294
1577 404
1577 770
1577 1061
1577 1153
1577 1317
1578 1868
1579 13
1579 169
1579 560
1579 947
1579 1038
1579 1123
1580 1865
1581 199
1581 1224
1582 16
1582 80
1582 289
1582 944
1582 1037
1583 261
1583 1152
1583 1194
1584 66
1584 113
1584 164
1584 784
1584 1068
1584 1156
1584 1188
1584 1712
1585 1030
1586 301
1586 592
1586 620
1587 0
1587 148
1587 560
1588 514
1588 778
1588 1094
1588 1200
1589 2
1589 33
1589 196
1589 273
1589 1411
1590 168
1590 1290
1590 1795
1591 514
1591 780
1591 1280
1592 10
1592 267
1592 768
1592 859
1592 1108
1592 1602
1594 778
1594 1056
1594 1144
1594 1395
1594 2001
1595 196
1595 208
1595 1536
1595 1861
1597 875
1597 1674
1598 617
1598 1841
1600 0
1600 23
1600 41
1600 183
1600 379
1600 515
1600 529
1600 561
1600 656
1600 704
1600 1308
1600 1616
1601 8
1601 36
1601 262
1601 644
1601 1602
1601 1922
1602 40
1602 444
1602 525
1602 580
1602 664
1602 1033
1603 8
1603 10
1603 412
1603 1444
1604 544
1604 896
1604 1094
1604 1287
1605 129
1605 208
1605 584
1605 1176
1605 1796
1605 1928
1606 85
1607 358
1607 361
1607 1591
1608 192
1608 802
1608 902
1608 1089
1608 1317
1609 670
1609 1388
1609 1665
1610 130
1610 196
1610 294
1610 388
1610 656
1610 1248
1610 1251
1612 160
1612 552
1612 935
1612 1035
1612 1666
1613 2
1614 532
1614 694
1614 707
1614 864
1615 128
1615 203
1615 656
1615 714
1615 1556
1616 192
1616 617
1616 791
1616 900
1616 1130
1616 1825
1617 17
1617 1123
1617 1224
1617 1288
1618 435
1618 1088
1620 452
1620 514
1620 1042
1620 1136
1620 1185
1620 1472
1620 1792
1621 258
1621 298
1621 1388
1621 1816
1622 26
1622 162
1622 914
1623 6
1623 804
1623 1666
1624 352
1625 176
1625 192
1625 1840
1626 0
1626 5
1626 82
1626 1032
1626 1065
1627 320
1627 1173
1628 66
1628 1160
1628 1241
1628 1298
1630 161
1631 1208
1632 4
1632 107
1632 551
1632 781
1632 1505
1632 1562
1633 2
1633 24
1633 69
1633 128
1633 768
1633 1035
1633 1536
1634 274
1634 1070
1634 1700
1634 1750
1634 1842
1635 15
1635 147
1635 581
1635 752
1635 801
1636 77
1636 288
1636 387
1636 1536
1637 161
1637 264
1637 1226
1638 264
1638 354
1638 917
1639 264
1639 1030
1640 4
1640 556
1640 616
1640 1030
1640 1212
1641 24
1641 78
1641 1028
1641 1664
1642 281
1642 923
1642 1045
1642 1687
1643 323
1644 97
1644 263
1644 1158
1645 100
1645 306
1645 1681
1647 290
1647 304
1647 544
1647 784
1648 0
1648 217
1648 265
1648 282
1648 316
1648 482
1648 999
1648 1254
1648 1672
1649 298
1649 1070
1650 35
1650 112
1650 425
1650 480
1650 768
1651 274
1651 286
1651 1280
1651 1569
1652 1553
1653 132
1653 387
1654 522
1655 1890
1656 84
1656 256
1656 1026
1657 1158
1658 94
1658 348
1658 1952
1660 1110
1660 1140
1660 1347
1660 1513
1661 811
1661 1036
1663 40
1663 160
1663 1656
1664 10
1664 87
1664 849
1664 1551
1664 1553
1664 1803
1664 1832
1664 1923
1665 1
1665 136
1665 163
1665 416
1665 773
1665 1041
1666 18
1666 83
1666 312
1666 550
1666 741
1667 18
1667 34
1667 464
1667 515
1667 532
1667 1840
1668 128
1668 320
1668 336
1668 448
1668 689
1668 770
1668 898
1668 1068
1669 99
1669 184
1669 557
1669 1049
1670 0
1670 118
1670 307
1670 319
1670 520
1670 1600
1671 4
1671 1324
1672 83
1672 536
1672 769
1672 1025
1672 1266
1673 138
1673 364
1673 713
1673 1666
1674 140
1674 587
1674 624
1674 1216
1674 1284
1674 1636
1674 1796
1675 4
1675 1028
1676 208
1676 768
1676 824
1677 0
1677 10
1677 289
1677 512
1678 1
1678 671
1678 1280
1679 514
1680 276
1680 563
1681 347
1681 448
1681 544
1682 75
1682 308
1682 514
1683 26
1683 34
1684 861
1684 1024
1684 1064
1685 8
1685 64
1686 179
1686 608
1686 988
1687 452
1687 1107
1688 229
1688 588
1688 610
1688 1482
1688 1616
1689 259
1689 261
1689 565
1689 836
1689 1096
1689 1318
1690 1735
1691 10
1692 81
1692 130
1692 196
1692 914
1693 5
1693 258
1693 337
1694 32
1694 130
1695 6
1695 539
1695 552
1695 1476
1696 195
1696 336
1696 1344
1696 1573
1696 1617
1697 161
1697 1031
1697 1754
1697 1798
1697 1832
1698 634
1698 657
1698 676
1698 1096
1698 1666
1699 1034
1700 422
1700 640
1700 1544
1700 1813
1701 5
1701 260
1701 292
1702 16
1702 808
1702 1563
1702 1856
1703 86
1703 525
1703 1816
1704 236
1704 1542
1704 1696
1705 456
1705 558
1705 623
1705 1152
1705 1301
1706 49
1706 96
1706 147
1706 256
1706 650
1706 1764
1707 640
1708 864
1709 1408
1709 1819
1710 1209
1711 332
1711 1044
1712 533
1712 1032
1712 1165
1713 388
1713 427
1713 554
1713 1480
1714 64
1714 1070
1714 1876
1715 272
1715 530
1715 1536
1716 70
1716 912
1717 85
1718 1146
1719 588
1720 257
1720 263
1720 1411
1721 18
1722 518
1722 1090
1723 265
1723 1256
1724 0
1724 168
1724 296
1725 194
1726 160
1728 8
1728 296
1728 768
1728 1040
1729 40
1729 130
1729 1776
1730 2
1730 75
1730 336
1730 370
1730 545
1730 627
1730 993
1730 1312
1731 33
1731 156
1731 173
1731 683
1732 1216
1732 1457
1732 1793
1733 261
1733 528
1734 18
1734 83
1735 1022
1736 42
1736 362
1736 620
1736 690
1736 1106
1737 70
1737 308
1737 513
1737 1550
1738 513
1738 589
1738 806
1738 1872
1739 16
1740 128
1741 32
1741 486
1741 1089
1742 320
1742 515
1742 786
1742 1441
1744 280
1744 393
1744 560
1744 1184
1744 1672
1745 360
1745 612
1745 1040
1746 1337
1747 11
1748 17
1748 227
1748 459
1748 1538
1749 308
1749 784
1750 359
1750 953
1751 1136
1751 1346
1751 1796
1752 192
1752 256
1752 408
1752 829
1752 1858
1753 328
1754 139
1756 36
1758 45
1758 198
1758 320
1758 1538
1760 97
1760 128
1760 321
1760 374
1760 495
1760 1286
1761 21
1761 350
1762 0
1762 1360
1764 344
1765 66
1765 1440
1766 145
1766 577
1766 1582
1768 38
1768 528
1769 164
1769 452
1770 72
1770 337
1771 1028
1774 25
1775 2017
1777 134
1777 138
1777 142
1778 22
1779 276
1779 1577
1780 167
1783 36
1784 543
1784 725
1785 169
1785 360
1785 1513
1785 1830
1786 152
1786 384
1787 535
1787 1066
1792 148
1792 208
1792 249
1792 317
1792 329
1792 389
1792 1473
1792 1843
1793 64
1793 135
1793 242
1793 534
1793 1082
1793 1539
1793 1544
1794 76
1794 268
1794 419
1794 593
1794 658
1794 704
1794 1036
1794 1191
1794 1450
1794 1618
1794 1797
1795 482
1795 624
1795 656
1795 1026
1795 1038
1795 1743
1795 2022
1796 260
1796 373
1796 449
1796 546
1796 896
1796 992
1796 1134
1796 1412
1796 1857
1797 64
1797 512
1797 708
1798 742
1798 850
1798 1060
1798 1632
1799 1056
1799 1120
1800 20
1800 770
1800 868
1800 1029
1800 1281
1800 1383
1800 1425
1801 2
1801 128
1801 300
1801 352
1801 1905
1802 437
1802 648
1802 1069
1802 1088
1802 1345
1802 1488
1803 0
1803 10
1803 402
1803 608
1803 681
1803 1004
1804 18
1804 75
1804 148
1804 400
1804 1042
1804 1404
1805 33
1805 208
1805 272
1805 1181
1805 1616
1806 8
1806 16
1807 196
1808 160
1808 204
1808 288
1808 1051
1808 1152
1808 1524
1809 4
1809 19
1809 38
1809 270
1809 449
1809 737
1809 1280
1810 24
1810 161
1810 995
1810 1059
1810 1164
1810 1840
1811 224
1811 268
1811 308
1811 661
1811 1121
1811 1698
1811 1793
1812 40
1812 292
1812 513
1812 673
1812 1025
1812 1153
1812 1240
1813 18
1813 418
1813 728
1814 1100
1814 1233
1814 1874
1815 33
1815 212
1816 1920
1817 260
1817 1155
1818 386
1819 1409
1820 530
1820 1060
1821 413
1822 609
1822 1634
1823 420
1824 9
1824 229
1824 256
1824 259
1824 276
1824 358
1824 780
1824 840
1824 896
1824 1192
1825 58
1825 500
1826 51
1826 932
1826 964
1826 1025
1826 1809
1827 264
1828 26
1828 158
1828 561
1828 593
1828 624
1828 788
1828 887
1828 1361
1828 1546
1829 648
1829 1569
1830 12
1830 24
1830 51
1830 364
1830 836
1830 1112
1831 129
1831 138
1832 74
1832 75
1832 179
1832 588
1832 930
1832 1040
1832 1098
1832 1294
1832 1350
1833 66
1834 51
1834 80
1834 339
1834 2034
1835 245
1835 610
1836 324
1836 512
1836 1326
1837 163
1838 809
1839 24
1840 44
1840 336
1840 361
1840 590
1840 605
1840 711
1840 1057
1840 1202
1842 70
1843 1163
1844 14
1844 40
1844 296
1845 197
1845 271
1845 320
1845 2006
1846 163
1846 448
1846 569
1846 913
1846 1538
1848 656
1848 719
1848 1156
1848 1425
1849 106
1850 664
1851 571
1852 66
1852 262
1852 562
1852 644
1852 1142
1854 632
1855 547
1855 1025
1856 16
1856 240
1856 352
1856 402
1856 418
1856 800
1856 1024
1857 139
1857 176
1857 468
1857 595
1857 1614
1858 12
1858 993
1858 1008
1858 1184
1859 1106
1860 141
1860 161
1860 772
1860 1050
1860 1126
1860 1459
1860 1944
1861 1715
1862 99
1862 1724
1863 100
1863 128
1863 224
1863 576
1863 1098
1863 1188
1863 1328
1864 73
1864 164
1864 265
1864 606
1864 1048
1864 1073
1864 1211
1864 1650
1865 8
1865 1301
1865 1537
1865 1543
1865 1824
1866 155
1866 1184
1867 148
1868 77
1868 194
1868 563
1869 142
1870 64
1870 1196
1872 11
1872 81
1872 142
1872 157
1872 1230
1872 1712
1873 364
1873 517
1873 788
1874 132
1874 256
1874 344
1875 828
1876 227
1876 762
1877 1538
1878 872
1878 1059
1881 1064
1882 265
1882 988
1882 1545
1882 1805
1884 30
1884 772
1884 1404
1886 9
1887 1540
1887 1800
1888 872
1888 1401
1889 198
1889 901
1889 1097
1889 1124
1889 1190
1890 279
1890 1282
1890 1441
1891 1027
1891 1488
1892 0
1892 6
1892 320
1892 805
1893 338
1894 1541
1894 1602
1897 384
1898 840
1899 32
1900 265
1900 1970
1903 512
1904 64
1904 164
1904 200
1904 212
1904 538
1904 1079
1904 1195
1905 36
1907 48
1907 113
1907 1600
1908 1224
1909 85
1909 1057
1910 0
1911 520
1912 352
1912 836
1913 3
1914 1125
1915 14
1917 681
1918 1357
1920 92
1920 137
1920 533
1920 562
1920 837
1920 1558
1920 1571
1921 292
1921 384
1921 906
1921 1282
1921 1312
1922 32
1922 400
1922 1250
1923 332
1923 547
1923 600
1923 1507
1923 1600
1923 1714
1924 7
1924 1104
1924 1624
1925 1040
1925 1089
1925 1288
1925 1442
1926 1426
1926 1553
1926 1896
1927 771
1928 10
1928 306
1929 189
1929 264
1930 641
1931 880
1932 105
1932 660
1932 1152
1932 1280
1933 16
1933 288
1934 136
1936 36
1936 466
1936 527
1936 648
1936 653
1936 772
1936 904
1936 2000
1937 666
1937 1352
1938 312
1938 900
1938 1280
1939 88
1940 196
1940 261
1940 264
1940 818
1940 1686
1941 753
1942 168
1942 913
1942 1262
1942 1484
1942 1881
1942 2034
1943 748
1943 1056
1943 1162
1943 1314
1944 1064
1944 1081
1944 1907
1945 64
1946 523
1946 1089
1948 1034
1951 721
1952 22
1952 1154
1953 17
1953 100
1953 548
1953 688
1953 909
1954 18
1954 136
1954 1029
1955 680
1956 1329
1957 1024
1957 1088
1959 292
1960 25
1960 65
1960 81
1960 100
1960 610
1961 200
1962 456
1963 288
1964 33
1968 97
1968 291
1968 677
1968 1250
1968 1316
1968 1584
1969 4
1972 8
1973 1
1974 913
1974 1544
1976 228
1976 1846
1977 1830
1978 296
1980 4
1980 1026
1981 162
1982 1236
1984 256
1984 746
1984 1664
1984 1683
1985 1583
1986 37
1986 580
1986 768
1986 967
1987 6
1988 579
1988 1328
1989 20
1989 297
1989 1062
1990 1120
1990 1864
1992 40
1992 86
1992 324
1992 644
1992 1583
1993 18
1993 46
1994 625
1995 88
1995 1602
1996 1802
1998 137
1999 208
2000 20
2000 54
2000 634
2001 1019
2001 1546
2002 135
2002 524
2003 1033
2004 71
2004 812
2006 9
2006 292
2009 1544
2010 1456
2011 138
2012 841
2012 951
2012 1266
2016 4
2016 685
2016 1582
2019 647
2020 760
2021 743
2022 107
2022 130
2022 208
2022 1027
2023 5
2023 364
2023 659
2023 768
2024 209
2024 622
2025 149
2026 256
2027 1201
2028 64
2029 1618
2030 1604
2031 1320
2032 0
2032 80
2034 1092
2035 208
2035 384
2036 296
2036 803
2036 810
2037 1284
2038 1112
2039 146
2039 1560
2041 16
2041 1315
2043 550
2045 1624
