# Synthetic Kronecker Graph 
# Edges are directed 
0 0
0 3
0 5
0 6
0 12
0 16
0 20
0 24
0 37
0 73
0 104
0 116
0 129
0 136
0 138
0 163
0 168
0 205
1 3
1 4
1 5
1 16
1 128
1 181
1 200
1 233
2 33
2 65
2 129
2 144
2 152
2 200
3 0
3 36
3 42
3 136
3 149
4 4
4 8
4 17
4 19
4 22
4 69
4 85
4 94
4 112
4 178
5 0
5 19
5 31
5 64
5 76
5 136
5 154
6 1
6 97
6 160
7 0
7 22
8 10
8 11
8 24
8 32
8 33
8 49
8 65
8 72
8 78
8 80
8 179
9 1
9 6
9 8
9 16
9 38
9 80
9 120
9 216
10 18
10 29
10 40
10 73
10 132
11 8
11 12
11 77
11 79
11 99
12 2
12 28
12 40
12 47
12 132
12 160
12 208
12 214
12 227
13 0
13 16
13 18
13 67
13 128
13 139
13 204
13 220
13 228
14 16
14 48
15 8
15 136
15 159
16 17
16 18
16 26
16 34
16 105
16 129
16 132
16 205
16 210
17 35
17 96
17 132
17 180
18 6
18 16
18 42
18 66
18 74
18 100
18 104
18 192
19 27
19 51
19 169
19 180
19 226
20 14
20 21
20 65
20 91
21 4
21 168
21 189
21 192
22 13
22 43
22 59
22 72
22 138
23 2
23 80
23 94
23 131
23 164
24 0
24 8
24 36
24 48
24 50
24 83
24 129
24 134
24 172
24 208
25 12
25 13
25 68
25 99
25 109
26 37
26 139
26 184
26 237
28 0
28 4
28 8
28 11
28 156
28 162
29 1
29 66
29 80
29 133
30 106
31 1
31 8
31 68
31 72
32 0
32 12
32 20
32 34
32 67
32 144
32 168
33 5
33 16
33 64
33 128
33 145
33 186
33 192
33 243
34 8
34 49
34 70
34 88
34 184
35 3
35 90
35 99
36 11
36 16
36 48
36 160
37 10
37 68
37 220
38 2
38 18
39 32
39 228
40 2
40 8
40 64
40 74
40 104
40 133
40 145
40 204
40 215
41 4
41 128
42 32
42 72
42 76
42 84
42 138
43 0
43 48
43 66
44 1
44 8
44 16
44 41
44 48
44 204
44 253
45 1
45 52
45 87
45 128
46 105
47 11
47 104
47 129
48 1
48 2
48 8
48 38
48 41
48 80
48 107
48 131
48 192
48 249
49 90
49 114
49 144
49 208
49 216
50 38
50 41
50 59
51 136
52 3
52 4
52 200
54 4
54 74
55 124
55 154
56 129
57 1
57 138
58 0
58 149
59 184
60 2
60 5
60 12
60 15
61 48
62 40
62 91
62 112
62 137
63 0
63 50
64 7
64 9
64 24
64 49
64 61
64 66
64 67
64 95
64 151
64 164
64 174
64 184
65 21
65 38
65 68
65 72
65 162
66 18
66 32
66 76
66 84
66 108
66 135
66 170
67 37
67 136
67 142
68 8
68 26
68 43
68 52
68 66
68 142
68 146
68 209
69 27
69 136
69 144
69 156
69 178
70 1
70 75
70 148
70 162
70 192
71 0
71 54
71 129
71 153
71 211
72 4
72 12
72 49
72 129
72 163
72 164
73 42
73 68
73 114
73 133
73 145
74 13
74 24
74 46
74 64
74 85
74 193
75 11
75 216
76 26
76 66
76 72
76 73
76 74
76 100
76 112
76 148
76 192
77 36
77 96
77 129
78 134
78 145
79 214
80 8
80 41
80 133
80 156
80 250
81 16
81 38
81 73
81 146
82 48
83 19
83 37
83 66
83 189
84 33
84 50
84 224
85 64
85 104
85 160
86 1
86 36
87 110
87 198
87 217
88 68
88 136
89 6
89 58
92 2
92 17
92 166
93 33
94 0
95 10
95 57
96 1
96 18
96 24
96 33
96 69
96 81
96 128
96 132
97 33
97 36
97 130
97 240
98 2
98 13
98 85
99 196
100 3
100 6
100 81
100 140
101 35
101 175
102 36
102 178
104 0
104 4
104 11
104 26
104 66
104 76
104 143
105 5
105 67
106 31
106 134
108 1
108 71
108 139
109 0
109 3
112 0
112 1
112 69
112 133
113 24
113 73
113 234
114 12
114 36
114 154
115 6
115 176
116 6
116 80
117 186
118 44
119 39
120 52
120 201
122 149
123 38
123 128
125 16
125 170
125 195
127 209
128 46
128 73
128 98
128 112
128 172
128 192
128 248
129 11
129 33
129 35
129 114
130 0
130 12
130 16
130 44
130 112
130 134
130 180
130 206
130 210
131 53
132 33
132 129
132 142
132 238
133 11
133 160
133 161
136 11
136 41
136 54
136 79
136 105
136 140
136 233
137 17
137 64
137 90
137 104
137 128
137 192
138 40
138 44
138 64
138 72
138 123
138 136
138 150
139 32
139 89
140 0
140 4
140 208
141 0
141 4
141 36
141 188
142 17
142 80
142 100
142 160
143 5
143 66
144 4
144 44
144 154
144 168
145 13
145 18
145 40
145 164
146 3
146 32
146 34
146 40
146 64
146 96
146 100
147 136
148 8
148 18
148 68
148 96
148 143
149 1
149 120
150 100
150 112
150 192
150 210
151 8
151 16
151 180
152 0
152 24
152 38
152 47
152 67
152 68
152 83
153 6
153 48
153 50
153 216
154 4
154 50
154 80
154 192
155 36
155 39
156 40
156 89
157 37
157 123
157 129
158 29
158 156
158 192
159 129
160 4
160 5
160 16
160 24
160 99
160 136
160 196
161 21
161 107
161 129
161 224
162 27
162 65
163 0
163 194
164 2
164 20
164 34
164 68
164 110
164 142
164 164
165 102
165 137
166 49
167 8
167 152
167 231
168 2
168 35
168 65
170 4
170 56
170 112
171 149
171 196
172 40
174 2
174 99
174 122
176 69
176 152
176 160
177 24
178 6
178 33
178 65
178 129
180 30
181 133
182 120
184 35
184 107
184 160
185 53
185 213
186 73
186 78
186 133
188 221
189 224
190 180
192 3
192 135
192 168
193 50
193 128
193 160
193 225
194 48
194 92
194 192
196 11
196 16
196 89
196 178
197 5
198 4
198 6
198 16
198 66
198 80
198 203
199 35
199 193
200 32
200 35
200 97
200 131
200 140
201 21
201 132
202 32
202 36
202 65
203 34
203 64
204 2
204 6
204 48
204 169
204 238
206 3
208 197
209 48
209 186
210 64
211 16
212 32
212 38
212 128
212 183
213 18
214 156
216 32
216 96
216 99
216 160
217 11
217 25
218 12
218 68
219 147
220 132
221 5
221 80
223 55
224 5
224 16
224 32
224 159
225 37
226 45
226 84
226 116
226 134
226 161
227 0
227 17
227 66
228 3
228 15
228 18
228 81
228 136
229 95
229 136
229 145
230 0
230 5
231 129
232 0
232 41
232 80
232 193
233 0
233 112
233 198
234 120
234 121
234 128
234 129
234 142
234 153
234 209
235 5
237 16
238 128
238 213
240 41
242 224
244 77
245 0
245 106
248 50
252 39
252 98
253 42
253 162
253 169
253 216
