# Synthetic Kronecker Graph 
# Edges are directed 
0 0
0 1
0 4
0 8
0 15
0 18
0 29
0 38
0 41
0 44
0 52
0 71
0 73
0 75
0 115
0 162
0 165
0 188
0 200
0 248
0 260
0 274
0 373
0 392
0 411
0 483
1 1
1 14
1 138
1 144
1 170
1 200
1 262
1 272
1 321
2 20
2 24
2 65
2 68
2 75
2 96
2 128
2 144
2 162
2 193
2 312
2 442
2 478
3 6
3 8
3 33
3 38
3 257
3 314
3 321
3 384
3 505
4 1
4 3
4 5
4 17
4 19
4 83
4 128
4 171
4 178
4 257
4 258
4 360
4 392
4 394
4 453
5 0
5 17
5 97
5 144
5 147
5 176
5 256
5 288
5 298
5 448
6 37
6 40
6 74
6 82
6 128
6 166
7 138
8 0
8 6
8 16
8 21
8 42
8 48
8 68
8 72
8 80
8 158
8 165
8 325
8 333
8 376
8 419
8 422
8 458
9 46
9 73
9 84
9 326
9 337
9 398
10 4
10 9
10 14
10 50
10 68
10 153
11 31
11 128
11 342
11 452
12 10
12 80
12 90
12 102
12 139
12 231
12 272
12 280
12 297
12 352
12 412
12 422
13 14
13 40
13 66
13 192
13 220
13 320
13 464
14 0
14 67
14 100
14 128
14 156
14 355
15 63
15 140
16 0
16 3
16 19
16 156
16 168
16 271
16 322
16 505
17 6
17 28
17 65
17 170
17 285
17 292
17 421
17 469
18 4
18 79
18 136
18 162
18 194
18 263
18 304
18 344
18 436
19 10
19 113
19 128
19 256
19 272
19 275
19 288
19 321
19 360
20 49
20 62
20 128
20 131
20 144
20 153
20 162
20 216
20 250
20 288
20 352
20 388
21 2
21 3
21 36
21 115
21 165
21 265
21 276
21 308
21 313
22 4
22 18
22 32
22 134
22 204
22 248
22 321
23 16
23 41
23 81
23 408
24 1
24 16
24 49
24 251
24 264
24 300
24 305
24 309
24 382
24 424
25 74
25 256
25 292
25 320
25 417
26 14
26 49
26 194
26 201
26 472
27 60
28 198
28 265
28 276
28 292
28 326
28 349
28 391
29 137
29 257
29 290
29 445
30 18
30 161
31 33
31 57
31 326
31 339
31 392
32 11
32 32
32 34
32 36
32 45
32 64
32 211
32 272
32 293
32 309
32 337
32 394
32 450
32 487
33 1
33 264
33 274
34 50
34 65
34 73
34 81
34 145
34 256
34 301
34 315
34 321
34 368
34 416
34 448
35 8
35 36
35 66
35 81
35 136
35 157
35 184
35 341
35 383
35 415
36 18
36 39
36 132
36 136
36 265
36 288
36 321
36 333
36 343
36 407
37 147
37 201
37 240
37 277
37 330
38 9
38 16
38 92
38 112
38 260
38 389
38 392
39 312
40 16
40 20
40 45
40 97
40 128
40 184
40 261
40 276
40 323
40 368
40 460
41 2
41 97
41 154
41 201
41 290
41 315
41 342
42 272
42 330
43 4
43 196
44 137
44 360
45 390
46 6
46 198
46 325
47 9
47 96
47 320
48 10
48 11
48 34
48 145
48 274
48 282
48 292
48 299
49 36
49 44
49 88
49 223
49 329
49 338
49 345
50 80
50 128
50 235
50 259
50 276
50 282
50 296
50 317
50 387
51 68
51 97
52 9
52 10
52 71
52 192
53 40
54 121
55 72
55 440
56 17
56 25
56 72
56 101
56 163
56 183
56 258
58 90
58 258
59 6
60 0
60 27
60 136
60 202
61 482
62 264
63 236
64 3
64 52
64 144
64 318
65 1
65 3
65 29
65 259
65 284
65 294
65 297
65 322
65 352
65 353
65 371
65 400
65 443
66 0
66 40
66 74
66 169
66 192
66 238
67 198
68 2
68 322
68 394
68 420
69 2
69 66
69 160
69 260
70 0
70 24
70 57
70 69
70 135
70 384
70 440
70 454
71 32
71 64
71 165
72 0
72 49
72 116
72 148
72 152
72 161
72 257
72 264
72 272
72 388
73 0
73 7
73 56
73 224
73 262
73 265
73 268
73 370
73 386
74 76
74 212
74 256
74 282
74 408
74 417
75 132
75 144
75 161
75 356
76 76
76 257
76 420
77 12
77 144
77 197
77 264
77 288
78 32
79 64
79 162
79 176
79 364
80 14
80 132
80 200
80 201
80 208
80 252
80 359
80 387
80 401
81 57
81 75
81 165
81 257
81 272
81 345
82 11
82 43
82 53
82 157
82 260
82 264
82 300
82 328
83 0
83 28
83 133
83 222
84 113
84 213
84 315
84 342
85 42
86 32
87 82
87 96
87 193
88 6
88 17
88 28
88 32
88 84
88 126
88 251
88 263
89 29
89 36
89 269
89 357
90 5
90 52
90 133
90 148
90 272
90 312
91 65
91 174
91 385
92 8
92 294
93 0
93 36
93 44
94 141
94 174
95 459
96 4
96 92
96 97
96 269
96 385
96 468
97 1
97 44
97 228
97 330
97 452
98 4
98 42
98 323
99 40
99 47
99 128
99 268
100 5
100 162
100 176
100 178
100 376
101 48
101 184
101 224
101 381
102 25
102 310
102 371
103 133
103 256
103 266
104 1
104 18
104 339
104 420
105 2
105 64
105 161
105 453
106 169
106 229
106 368
107 98
107 99
108 2
108 6
108 70
108 195
108 260
108 267
108 278
109 32
109 153
109 455
110 154
110 341
111 72
111 220
112 17
112 43
112 48
112 60
112 140
112 201
112 340
113 42
113 96
113 458
114 6
114 74
114 136
114 143
114 400
115 130
116 11
116 88
116 145
116 177
116 260
116 261
117 20
117 37
117 152
119 50
119 301
119 387
119 472
120 37
120 72
120 316
121 29
121 34
122 33
122 121
122 145
122 154
122 192
123 66
124 8
124 392
125 178
126 7
126 115
126 258
128 10
128 32
128 82
128 200
128 246
128 385
129 0
129 3
129 16
129 22
129 137
129 196
129 278
129 418
129 440
130 43
130 123
130 136
130 141
130 144
130 148
130 187
130 189
130 196
130 203
130 225
130 257
130 324
130 337
131 74
131 125
131 330
131 385
131 396
132 11
132 23
132 37
132 41
132 139
132 347
132 468
132 473
133 67
133 131
133 256
133 266
133 298
133 337
134 3
134 47
134 87
134 272
134 294
134 307
134 393
135 69
135 194
136 2
136 40
136 166
136 481
137 130
137 156
137 339
138 24
138 72
138 89
138 416
139 128
139 129
140 0
140 49
140 74
140 137
140 208
140 263
140 322
141 4
141 324
142 12
142 18
142 33
142 64
143 35
143 64
143 319
143 484
144 66
144 87
144 194
144 204
144 234
144 315
144 366
145 104
145 136
145 170
145 392
145 449
146 10
146 64
146 116
146 225
147 80
147 115
147 234
148 35
148 42
148 132
149 275
149 464
150 65
150 96
151 204
152 1
152 80
152 83
152 393
153 450
154 1
154 20
154 234
154 354
154 433
155 26
155 33
155 322
156 36
156 401
157 7
157 169
158 2
158 13
158 52
158 266
158 268
158 316
159 0
159 9
159 32
159 69
160 1
160 16
160 34
160 48
160 68
160 74
160 90
160 226
160 265
160 301
161 1
161 56
161 64
161 168
161 268
161 451
162 2
162 32
162 160
162 225
162 264
162 292
162 392
163 2
163 33
163 503
164 35
164 104
164 323
165 64
165 77
165 114
166 136
166 159
167 104
168 8
168 10
168 196
168 416
169 48
169 68
169 128
169 387
170 23
170 261
170 480
171 19
171 146
172 33
172 286
172 437
173 10
173 323
174 129
174 162
174 304
175 301
176 0
176 23
176 24
176 28
176 302
176 331
177 11
177 97
177 134
177 376
178 1
178 47
178 66
178 171
178 224
178 323
180 2
180 98
180 434
181 192
181 347
182 128
183 49
184 83
184 102
184 153
184 266
184 324
185 2
185 293
185 327
185 384
186 49
186 353
186 378
187 20
187 272
188 41
188 184
189 66
189 393
189 450
190 0
191 106
191 416
192 4
192 16
192 20
192 32
192 80
192 130
192 164
192 232
192 296
192 334
192 461
193 14
193 64
193 350
194 18
194 32
195 79
196 1
196 8
196 45
196 68
196 71
196 129
196 154
196 257
196 292
196 308
197 4
197 34
197 199
197 280
198 29
198 34
198 36
198 112
198 229
198 274
199 0
199 266
200 200
200 202
200 288
201 40
201 131
202 24
202 259
202 355
202 359
202 394
203 99
203 125
203 176
204 10
204 315
205 354
206 126
206 144
206 464
207 257
207 472
208 51
208 340
209 129
209 309
209 432
210 157
210 220
210 274
210 304
210 354
210 401
210 460
210 481
211 0
211 32
211 470
212 12
213 137
216 89
216 356
217 66
217 69
218 420
219 136
219 304
220 257
221 67
222 72
224 8
224 23
224 69
224 70
224 164
224 286
224 342
225 2
225 146
225 218
225 288
226 4
226 100
226 181
227 131
228 24
228 97
228 197
228 415
229 261
229 397
229 441
231 37
232 20
232 162
232 171
232 430
233 290
233 293
233 353
234 21
234 161
234 176
234 334
234 400
235 2
235 8
235 76
235 88
235 100
235 226
236 193
238 145
240 0
240 17
240 56
240 163
240 211
241 262
242 68
242 77
242 85
242 259
244 24
244 324
244 482
245 22
245 90
245 136
245 271
247 24
248 292
249 20
249 194
249 288
250 428
252 1
252 24
252 55
252 160
254 258
254 259
255 391
256 22
256 33
256 34
256 41
256 113
256 142
256 169
256 288
256 395
256 426
256 463
256 484
257 12
257 37
257 52
257 65
257 151
257 196
257 241
257 276
257 336
258 6
258 10
258 52
258 137
258 172
258 339
258 460
259 4
259 72
259 163
259 353
260 39
260 57
260 58
260 80
260 162
260 360
260 389
260 394
260 407
260 442
261 96
261 198
261 416
262 2
262 138
262 292
263 16
263 56
263 152
263 368
264 1
264 45
264 82
264 97
264 145
264 288
264 305
264 356
264 397
264 510
265 92
265 160
265 192
265 388
266 0
266 12
266 26
266 272
266 364
267 32
268 68
268 193
268 234
268 277
268 394
269 148
269 333
270 1
270 9
270 28
270 32
270 163
270 221
270 267
271 0
271 44
271 168
272 2
272 3
272 8
272 16
272 17
272 24
272 33
272 49
272 51
272 89
272 105
272 132
272 135
272 164
272 320
272 340
273 3
273 84
273 96
273 180
273 196
273 320
273 337
273 369
274 1
274 11
274 35
274 41
274 94
274 113
274 115
274 120
274 135
274 154
274 320
275 0
275 4
275 16
275 72
275 272
275 336
276 49
276 52
276 258
276 482
277 32
277 39
277 49
277 57
277 60
277 144
277 196
277 320
277 340
278 2
278 8
278 88
278 258
279 9
279 48
279 123
279 143
279 202
279 260
280 0
280 2
280 16
280 66
280 140
280 171
280 214
280 232
280 304
281 72
281 98
282 72
282 134
283 16
283 32
283 91
283 132
283 426
284 316
285 80
285 101
286 17
286 33
287 74
288 34
288 39
288 256
288 261
288 297
288 328
289 1
289 34
289 96
289 260
289 437
290 12
290 16
290 20
290 66
290 110
290 256
290 275
290 326
291 257
291 258
292 78
292 260
292 264
292 336
293 4
293 65
293 196
294 11
294 176
295 16
296 34
296 52
296 138
296 328
296 454
297 63
297 70
297 194
297 448
298 16
298 100
298 259
298 301
299 137
299 412
299 464
300 132
301 332
302 264
303 225
304 3
304 17
304 70
304 142
304 149
304 176
304 194
305 193
305 400
306 30
306 264
306 430
307 40
307 41
307 138
307 264
310 4
310 8
310 12
310 162
312 330
313 6
313 372
313 477
314 4
314 118
314 193
316 68
316 86
316 355
317 192
318 70
319 80
320 4
320 18
320 19
320 31
320 56
320 79
320 139
320 145
320 273
320 278
320 338
321 49
321 133
321 181
321 197
321 248
321 324
321 388
322 2
322 33
322 100
322 275
322 288
322 306
322 426
322 432
323 176
323 284
323 321
323 422
324 0
324 22
324 24
324 40
324 212
324 284
324 290
324 393
324 492
325 35
325 84
325 129
325 176
325 269
325 272
326 50
326 102
326 249
327 32
327 34
327 42
327 71
327 144
327 220
327 308
328 4
328 20
328 36
328 117
328 261
329 128
329 244
329 365
330 69
330 137
330 268
331 97
331 168
331 177
332 0
332 81
332 105
332 131
332 256
332 434
333 258
334 177
334 214
335 96
335 147
335 306
335 328
336 229
336 380
336 430
337 25
337 72
337 157
337 310
338 19
338 92
338 158
338 211
339 23
339 41
339 205
340 70
340 134
340 223
341 147
344 258
344 289
345 82
346 46
346 82
346 282
347 39
347 398
348 48
348 258
348 490
349 160
350 485
352 27
352 28
352 128
352 236
352 261
353 49
353 60
353 144
354 129
355 16
355 23
355 402
356 23
356 48
356 49
356 72
356 193
356 273
356 292
356 356
357 302
358 4
358 26
358 208
360 9
360 76
360 198
361 132
361 218
362 350
363 81
364 36
364 48
364 76
364 88
365 297
366 2
366 23
366 448
367 410
368 48
368 75
368 160
368 304
370 189
370 192
370 353
370 385
370 404
372 2
372 104
372 324
373 44
373 64
373 272
375 25
376 41
376 388
377 265
378 48
378 178
378 386
380 36
382 16
384 0
384 41
384 55
384 105
384 130
384 155
384 174
384 192
384 208
384 292
384 487
385 27
385 46
385 135
385 280
385 468
386 40
386 82
386 157
386 224
386 313
386 386
386 425
387 4
387 106
387 141
387 149
387 264
387 439
388 10
388 74
388 262
388 320
388 392
389 0
389 72
389 86
389 116
389 194
389 201
389 468
390 146
391 39
391 40
392 64
392 260
392 263
392 289
392 321
392 353
393 8
393 9
394 5
394 194
396 33
396 50
396 97
396 137
396 209
397 146
398 68
398 92
398 232
399 64
399 136
399 272
399 322
400 8
400 24
400 138
400 240
400 262
400 356
401 32
401 50
401 83
401 134
401 297
401 364
403 276
404 51
404 142
404 391
404 484
406 33
406 352
407 64
407 272
408 3
408 292
409 37
409 389
410 32
410 190
410 326
412 0
412 2
412 67
412 257
413 208
413 420
415 10
415 159
415 163
416 18
416 215
416 262
416 330
416 404
417 24
417 97
417 156
418 1
418 57
418 96
418 192
418 210
418 288
418 325
418 372
419 14
419 151
420 82
421 168
421 264
421 384
422 32
422 148
424 70
424 72
424 144
424 269
425 88
425 221
426 256
426 260
426 261
426 264
426 368
428 208
428 212
429 323
430 135
430 156
431 6
432 112
432 187
433 2
433 76
435 19
436 234
436 260
437 10
437 203
438 64
440 13
440 33
440 389
441 472
442 54
442 129
443 67
443 200
444 32
446 2
446 129
447 64
448 164
448 198
448 256
448 268
448 272
448 288
448 345
448 389
448 431
449 24
449 260
449 485
450 27
450 274
450 312
452 49
452 52
452 168
452 218
453 20
453 321
453 393
454 0
454 20
454 101
454 320
454 368
455 284
455 299
455 480
456 4
457 52
457 279
457 325
458 16
458 136
458 302
460 38
460 233
460 259
460 451
461 194
461 299
462 64
463 96
464 160
464 256
464 291
464 468
465 40
465 158
465 160
465 409
466 15
466 16
466 40
466 169
467 66
468 33
468 156
469 100
470 0
470 36
470 144
472 5
472 8
472 449
473 44
475 32
475 115
475 150
475 288
476 257
477 2
477 16
477 344
478 42
479 8
479 184
479 421
480 389
481 47
481 67
481 447
482 105
484 4
484 9
486 64
486 88
486 264
486 448
487 477
488 17
488 384
488 392
489 3
489 312
490 38
490 393
490 410
492 67
493 2
493 298
494 241
496 48
496 281
496 289
496 308
497 97
498 86
499 90
500 7
500 14
502 153
504 358
505 0
508 3
510 258
510 314
511 225
