# Synthetic Kronecker Graph 
# Edges are directed 
0 28
0 41
0 46
0 48
0 71
0 121
0 165
0 202
0 212
0 226
0 253
0 256
0 304
0 308
0 338
0 344
0 361
0 396
0 437
0 520
0 524
0 587
0 588
0 673
0 776
0 920
0 928
0 1008
0 1180
0 1235
0 1350
0 1416
0 1448
0 1504
0 1620
0 1640
0 1844
0 1859
0 1942
1 0
1 4
1 66
1 70
1 96
1 106
1 169
1 208
1 397
1 436
1 463
1 512
1 604
1 630
1 656
1 692
1 780
1 828
1 903
1 915
1 1029
1 1033
1 1217
1 1287
1 1396
1 1448
1 1637
1 1640
1 1732
1 1794
2 4
2 78
2 146
2 152
2 178
2 184
2 238
2 257
2 276
2 280
2 472
2 512
2 538
2 676
2 680
2 752
2 817
2 874
2 934
2 949
2 1026
2 1157
2 1158
2 1369
2 1668
2 1778
3 52
3 54
3 137
3 164
3 299
3 304
3 320
3 449
3 642
3 644
3 648
3 792
3 1057
3 1096
3 1409
3 1422
3 1858
4 6
4 144
4 145
4 153
4 304
4 320
4 409
4 553
4 632
4 800
4 808
4 814
4 818
4 1057
4 1120
4 1152
4 1284
4 1795
4 1813
5 13
5 66
5 88
5 140
5 154
5 284
5 640
5 840
5 962
5 1045
5 1280
5 1408
5 1570
5 1606
5 1633
5 1889
6 48
6 76
6 131
6 659
6 868
6 1064
6 1160
6 1325
6 1720
7 97
7 145
7 160
7 162
7 194
7 580
7 1073
7 1223
7 1492
7 1664
8 106
8 136
8 184
8 202
8 278
8 290
8 291
8 547
8 576
8 756
8 784
8 800
8 1090
8 1156
8 1216
8 1260
8 1312
8 1381
8 1829
8 1965
8 2003
9 43
9 92
9 143
9 148
9 170
9 284
9 290
9 368
9 464
9 553
9 629
9 647
9 648
9 768
9 977
9 1029
9 1154
9 1345
9 1364
9 1372
9 1435
9 1540
9 1588
9 1857
9 1873
9 1915
10 19
10 64
10 203
10 515
10 549
10 771
10 773
10 855
10 1051
10 1075
10 1804
11 133
11 183
11 272
11 331
11 344
11 681
11 1038
11 1088
11 1383
11 1922
12 128
12 171
12 176
12 194
12 196
12 280
12 384
12 409
12 458
12 594
12 652
12 779
12 800
12 804
12 1024
12 1059
12 1083
12 1112
12 1680
12 1740
13 0
13 4
13 36
13 54
13 55
13 72
13 261
13 417
13 681
13 692
13 1060
13 1064
13 1094
13 1299
13 1428
13 1450
13 1541
13 1561
13 1579
14 98
14 568
14 640
14 1193
14 1253
14 1365
14 1480
14 1889
15 4
15 225
15 264
15 305
15 532
15 946
15 1121
16 2
16 64
16 104
16 163
16 166
16 194
16 196
16 278
16 293
16 319
16 328
16 364
16 449
16 514
16 526
16 739
16 776
16 803
16 823
16 960
16 1466
16 1553
16 1560
16 1604
16 1657
16 1665
17 256
17 272
17 793
17 1040
17 1120
17 1216
17 1317
17 1416
17 1572
17 1744
18 9
18 34
18 64
18 67
18 82
18 321
18 364
18 388
18 402
18 568
18 608
18 755
18 763
18 901
18 940
18 1060
18 1356
18 1572
18 1796
19 24
19 38
19 506
19 546
19 584
19 870
19 1041
19 1061
19 1580
19 1772
20 3
20 9
20 36
20 40
20 104
20 128
20 268
20 280
20 771
20 976
20 1045
20 1104
20 1334
20 1484
20 1645
21 84
21 130
21 238
21 300
21 560
21 580
21 608
21 620
21 1034
21 1282
21 1605
21 1953
22 98
22 113
22 128
22 135
22 513
22 569
22 777
22 1152
22 1744
23 261
23 1096
24 2
24 403
24 544
24 658
24 903
24 948
24 1632
24 1678
24 1780
24 1927
25 0
25 69
25 161
25 292
25 608
25 1082
25 1556
26 0
26 4
26 40
26 56
26 137
26 576
26 1306
26 1544
26 1654
26 1696
26 1737
26 1957
27 240
27 873
27 892
27 1212
28 144
28 256
28 340
28 512
28 1078
28 1408
28 1702
29 196
29 1037
29 1054
29 1176
29 1333
30 15
30 21
30 33
30 574
30 592
30 1794
31 11
31 14
31 216
31 258
31 641
31 1574
31 1824
32 0
32 4
32 44
32 58
32 66
32 96
32 146
32 170
32 226
32 264
32 292
32 520
32 529
32 576
32 609
32 1025
32 1026
32 1082
32 1184
32 1205
32 1264
32 1282
32 1344
32 1355
32 1425
32 1482
32 1536
32 1697
33 19
33 32
33 138
33 177
33 324
33 400
33 520
33 642
33 1072
33 1616
33 1650
33 1792
34 37
34 41
34 51
34 104
34 291
34 296
34 340
34 392
34 480
34 602
34 664
34 784
34 1169
34 1172
34 1186
34 1222
34 1281
34 1344
34 1529
34 1632
34 1656
34 1684
34 1912
35 53
35 128
35 160
35 264
35 276
35 470
35 520
35 1029
36 0
36 13
36 33
36 67
36 129
36 146
36 166
36 258
36 1109
37 128
37 755
37 910
37 1033
37 1051
37 1552
37 1908
38 4
38 19
38 39
38 128
38 183
38 208
38 520
38 578
38 685
38 1027
38 1180
38 1706
38 1745
38 1816
39 20
39 80
39 657
39 832
39 1028
39 1296
40 5
40 129
40 336
40 423
40 514
40 585
40 849
40 964
40 986
40 1089
40 1275
40 1344
40 1921
40 1922
41 33
41 72
41 153
41 258
41 332
41 928
41 1036
41 1417
42 17
42 50
42 58
42 138
42 324
42 368
42 537
42 932
42 1095
42 1160
42 1236
42 1296
43 0
43 105
43 594
43 1040
43 1057
43 1116
43 1306
43 1445
43 1733
44 110
44 114
44 178
44 196
44 391
44 672
44 1564
45 25
45 88
45 96
45 868
45 1160
45 1366
45 1424
45 1637
45 1712
45 1724
45 1797
46 140
46 183
46 404
46 1042
46 1549
46 1843
47 416
47 465
48 33
48 37
48 140
48 193
48 256
48 288
48 520
48 542
48 546
48 992
48 1068
48 1161
48 1280
48 1760
48 1802
48 1992
49 36
49 45
49 308
49 421
49 664
49 736
49 1044
49 1046
49 1120
49 1228
49 1818
49 1948
50 22
50 71
50 76
50 194
50 544
50 688
50 790
50 1024
51 161
51 261
51 288
51 328
51 512
51 777
51 944
51 1411
51 1584
52 5
52 8
52 150
52 340
52 392
52 445
52 512
52 596
52 812
52 928
52 1477
52 1538
52 1609
52 1992
53 0
53 22
53 104
53 130
53 1089
53 1296
53 1666
54 36
54 66
54 81
54 342
54 602
54 790
54 1200
54 1298
55 96
55 132
55 168
55 288
55 544
55 586
55 1112
55 1690
55 1803
56 219
56 320
56 470
56 645
56 658
56 663
56 1006
56 1036
57 10
57 12
57 316
57 512
57 538
57 552
57 1105
57 1448
57 1538
58 48
58 830
58 1032
58 1076
58 1192
58 1986
59 72
59 128
59 330
59 384
59 762
59 1082
59 1861
60 73
60 266
60 284
60 322
60 392
60 519
60 1153
60 1169
60 1280
60 1422
60 1545
60 1664
62 4
62 13
62 49
62 96
62 401
62 640
62 1024
62 1944
63 846
63 1106
63 1618
64 0
64 8
64 36
64 48
64 280
64 288
64 376
64 404
64 454
64 609
64 672
64 991
64 1032
64 1065
64 1202
64 1285
64 1321
64 1360
64 1380
64 1536
64 1544
64 1582
64 1824
64 1881
65 34
65 193
65 272
65 404
65 480
65 512
65 545
65 548
65 578
65 743
65 801
65 896
65 1090
65 1099
65 1156
65 1168
65 1197
65 1256
65 1296
65 1330
65 1461
66 68
66 104
66 139
66 150
66 170
66 232
66 266
66 393
66 410
66 678
66 734
66 853
66 916
66 1041
66 1056
66 1106
66 1665
66 1880
67 65
67 156
67 170
67 257
67 332
67 504
67 512
67 969
67 1312
67 1537
67 1657
67 1683
68 40
68 64
68 70
68 204
68 536
68 839
68 861
68 917
68 1026
68 1108
68 1154
68 1156
68 1344
68 1392
68 1536
68 1979
69 144
69 150
69 246
69 608
69 812
69 996
69 1044
69 1106
69 1198
69 1585
69 1671
69 1760
70 124
70 263
70 513
70 591
70 656
70 1012
70 1297
70 1377
70 1604
70 1734
71 225
71 273
71 317
71 586
71 1253
71 1624
71 1726
71 1833
71 1844
72 5
72 40
72 51
72 129
72 280
72 289
72 386
72 512
72 516
72 684
72 771
72 864
72 1032
72 1184
72 1848
73 1
73 85
73 129
73 388
73 408
73 512
73 769
73 1032
73 1598
73 1620
74 144
74 162
74 320
74 327
74 420
74 425
74 1223
74 1390
75 81
75 281
75 512
75 517
75 644
75 672
75 1074
75 1080
75 1608
75 1697
76 28
76 101
76 112
76 304
76 352
76 527
76 530
76 560
76 808
76 1170
76 1202
76 1536
76 1544
76 2032
77 93
77 256
77 272
77 289
77 512
77 593
77 1056
77 1718
78 8
78 161
78 264
78 576
78 770
78 799
78 1249
78 2002
79 8
79 70
79 150
79 257
79 532
79 1019
79 1168
79 1588
80 6
80 102
80 160
80 232
80 296
80 538
80 555
80 594
80 640
80 908
80 1154
80 1170
80 1248
80 1291
80 1394
80 1688
81 36
81 44
81 115
81 177
81 182
81 258
81 578
81 876
81 972
82 201
82 338
82 544
82 566
82 576
82 1117
82 1280
82 1332
82 1541
82 1730
83 36
83 128
83 276
83 1614
84 4
84 34
84 128
84 166
84 567
84 1287
84 1697
85 70
85 218
85 388
85 476
85 785
86 46
86 96
86 146
86 241
86 320
86 774
86 1096
86 1226
86 1294
86 1441
87 43
87 412
87 1423
88 71
88 113
88 128
88 211
88 288
88 297
88 422
88 521
88 561
88 700
88 804
88 868
88 1034
88 1036
88 1184
88 1251
88 1316
88 1608
89 16
89 326
89 548
89 646
89 768
89 793
89 1798
90 35
90 64
90 263
90 706
90 1345
90 1537
91 420
91 537
91 1024
91 1028
91 1193
92 515
92 672
92 922
92 1190
93 56
93 105
93 130
93 523
93 576
93 592
93 1154
93 1186
93 1554
94 20
94 32
94 1312
94 1967
94 2000
96 152
96 337
96 393
96 525
96 526
96 584
96 620
96 648
96 694
96 1572
96 1840
97 2
97 7
97 104
97 136
97 137
97 151
97 302
97 508
97 654
97 840
97 841
97 1281
97 1608
98 0
98 222
98 323
98 1058
99 28
99 1084
100 11
100 20
100 272
100 297
100 324
100 369
100 449
100 626
100 1060
100 1280
101 116
101 128
101 150
101 187
101 243
101 568
101 592
101 780
101 1080
102 145
102 258
102 696
102 1109
102 1228
102 1552
102 1580
103 12
103 780
103 834
103 1312
104 0
104 130
104 391
104 528
104 546
104 572
104 576
104 1236
104 1418
104 1765
104 1801
105 19
105 28
105 35
105 288
105 394
105 844
105 870
105 903
105 1022
105 1024
105 1185
105 1668
106 179
106 512
106 1054
106 1364
106 1418
106 1475
107 9
107 20
107 90
107 260
107 485
108 12
108 144
108 408
108 525
108 1296
110 2
110 683
110 1304
110 1602
110 1605
110 1620
111 143
111 356
111 593
111 1069
112 200
112 518
112 537
112 900
112 925
112 937
112 1795
113 56
113 293
113 1029
113 1284
114 301
114 623
114 1068
114 1578
115 112
115 150
115 292
115 336
115 1108
115 1330
115 1352
116 134
116 202
116 402
116 580
116 682
116 728
116 810
116 1603
117 114
117 274
117 324
117 536
117 577
117 1024
117 1200
118 19
118 64
118 69
118 384
118 432
118 1284
118 1363
118 1432
119 2
119 452
119 918
120 36
120 81
120 105
120 163
120 262
120 513
120 1050
120 1515
121 258
121 276
121 1028
121 1484
121 1793
122 38
122 111
122 607
122 1216
122 1284
123 345
124 516
124 1408
124 1941
125 170
125 552
125 576
125 1328
126 527
126 533
126 836
127 1347
127 1552
128 2
128 66
128 81
128 103
128 132
128 274
128 292
128 301
128 305
128 313
128 337
128 372
128 380
128 433
128 529
128 556
128 609
128 898
128 933
128 1027
128 1028
128 1046
128 1057
128 1101
128 1269
128 1290
128 1292
128 1354
128 1409
128 1552
128 1560
128 1801
128 1809
128 1870
128 1888
129 7
129 16
129 18
129 150
129 208
129 224
129 257
129 269
129 316
129 513
129 1089
129 1252
129 1280
129 1310
129 1330
129 1352
129 1417
129 1561
129 1632
130 14
130 16
130 36
130 97
130 129
130 144
130 522
130 728
130 774
130 777
130 910
130 1033
130 1141
130 1184
130 1405
130 1410
130 1448
130 1884
131 24
131 46
131 320
131 609
131 1362
131 1564
132 19
132 144
132 173
132 272
132 348
132 360
132 385
132 417
132 522
132 579
132 584
132 592
132 769
132 977
132 1088
132 1232
132 1281
132 1483
132 1998
133 0
133 266
133 537
133 588
133 1075
133 1194
133 1280
133 1361
134 21
134 129
134 136
134 309
134 696
134 1616
134 1872
134 1921
135 24
135 167
135 350
135 514
135 591
135 772
136 19
136 73
136 82
136 146
136 171
136 184
136 302
136 338
136 483
136 530
136 816
136 936
136 1029
136 1062
136 1128
136 1169
136 1253
136 1320
136 1473
136 1611
137 27
137 340
137 523
137 768
137 953
137 1072
137 1280
137 1443
137 1536
137 1628
138 21
138 64
138 106
138 130
138 224
138 329
138 534
138 544
138 597
138 784
138 824
138 1064
138 1080
138 1303
138 1410
139 64
139 295
139 304
139 329
139 512
139 835
139 836
139 865
140 70
140 288
140 388
140 524
140 544
140 662
140 914
140 1056
140 1294
140 1606
140 1713
140 1912
140 1988
141 236
141 330
141 387
141 459
141 1544
141 1568
142 16
142 576
142 1028
142 1136
142 2024
143 1046
143 1392
143 1428
144 68
144 150
144 551
144 1050
144 1097
144 1218
144 1320
144 1538
144 1654
144 1668
144 1810
145 94
145 109
145 156
145 276
145 351
145 584
145 644
145 664
145 689
145 768
145 1037
145 1056
145 1110
145 1706
145 1749
145 1822
146 1
146 10
146 19
146 20
146 81
146 898
146 1058
146 1152
146 1515
146 1716
146 1724
147 29
147 392
147 481
147 512
147 668
147 1065
147 1798
147 1810
148 1
148 128
148 129
148 256
148 289
148 302
148 323
148 625
148 778
148 1032
148 1283
148 1792
148 1800
148 1826
149 422
149 631
149 660
149 714
149 774
149 1920
150 32
150 162
150 462
150 872
150 1892
151 320
151 528
151 782
151 802
151 820
151 1612
152 9
152 66
152 530
152 548
152 744
152 775
152 792
152 1082
152 1158
152 1296
152 1792
152 1922
153 20
153 89
153 464
153 487
153 520
153 529
153 537
153 787
153 1029
153 1336
154 119
154 441
154 464
154 532
154 1038
154 1088
155 180
155 781
155 1124
156 24
156 36
156 195
156 199
156 706
156 768
156 1029
156 1122
156 1189
157 28
157 578
157 617
157 1125
157 1194
157 1554
158 1170
158 1252
159 57
159 97
159 139
159 266
160 66
160 67
160 81
160 162
160 348
160 354
160 650
160 797
160 1048
160 1112
160 1154
160 1698
161 35
161 66
161 82
161 440
161 554
161 1222
162 81
162 282
162 353
162 598
162 768
162 799
162 1113
162 1423
162 1669
162 1698
162 1716
162 1754
163 264
163 589
163 656
163 1040
163 1156
163 1808
164 0
164 17
164 90
164 139
164 188
164 194
164 306
164 512
164 537
164 690
164 726
164 770
164 1423
164 1990
165 256
165 472
165 518
165 772
165 1024
165 1353
166 0
166 66
166 405
166 581
166 610
167 116
167 490
167 968
167 1680
168 47
168 294
168 336
168 480
168 1366
168 1414
168 1693
169 99
169 193
169 306
169 370
169 420
169 572
169 640
169 648
169 992
169 1345
170 5
170 322
170 544
170 726
170 1064
170 1260
170 1429
170 1923
171 14
171 80
171 348
171 1030
171 1136
171 1188
172 1
172 220
172 266
172 385
172 1230
173 8
173 226
173 318
173 385
173 400
173 801
173 1344
174 528
174 1389
174 1822
175 4
175 266
175 1281
176 7
176 211
176 544
176 768
176 1685
176 1698
177 32
177 46
177 195
177 641
177 1153
177 1158
177 1938
178 24
178 32
178 68
178 132
178 231
178 344
178 545
178 586
178 1286
179 337
179 1200
180 124
180 276
180 610
180 709
180 1206
180 1330
180 1352
180 1668
181 258
181 450
181 640
182 139
182 144
182 267
182 338
182 405
182 662
182 1302
182 1536
183 212
183 256
183 1636
184 3
184 338
184 384
184 451
184 453
184 880
184 1794
185 74
185 211
185 545
185 656
185 1795
186 753
186 1328
186 1633
187 1280
188 34
189 0
189 551
189 1241
189 1474
191 69
191 87
191 268
192 16
192 280
192 364
192 401
192 403
192 473
192 514
192 557
192 673
192 809
192 884
192 1154
192 1297
192 1657
193 130
193 516
193 549
193 776
193 1206
193 1297
194 2
194 77
194 243
194 263
194 288
194 394
194 1036
194 1044
194 1602
195 128
195 520
195 768
195 1156
195 1280
195 1313
196 4
196 34
196 256
196 266
196 300
196 342
196 384
196 545
196 689
196 840
196 1239
196 1256
196 1260
196 2017
197 12
197 36
197 64
197 66
197 77
197 548
197 902
197 1152
197 1218
198 38
198 73
198 185
198 200
198 588
198 1225
198 1552
199 136
199 626
199 1203
200 17
200 36
200 93
200 159
200 160
200 192
200 193
200 229
200 257
200 260
200 390
200 394
200 625
200 835
200 912
200 1028
200 1109
200 1232
200 1367
200 1811
201 3
201 42
201 385
201 538
201 1064
201 1218
202 16
202 18
202 87
202 104
202 523
202 736
202 1228
203 180
203 224
203 808
203 1074
203 1169
203 1665
204 0
204 34
204 97
204 321
204 416
204 527
204 624
204 1800
205 102
205 200
205 1113
205 1476
205 1775
206 0
206 31
206 256
206 1081
207 32
207 553
207 1104
207 1538
208 32
208 56
208 124
208 130
208 133
208 180
208 520
208 843
208 1088
208 1729
209 35
209 261
209 758
209 1192
210 6
210 32
210 34
210 162
210 275
210 592
210 771
210 1155
210 1197
210 1408
211 296
211 297
211 822
211 1164
211 1170
211 1482
211 1812
211 1936
212 289
212 338
212 512
213 12
213 214
213 642
213 852
213 1484
214 8
214 302
214 783
215 418
215 1298
216 141
216 173
216 277
216 522
216 1024
216 1062
216 1196
216 1632
217 304
217 777
217 1091
217 1242
218 35
218 146
218 280
218 1794
219 26
219 99
219 290
219 296
219 806
219 1236
219 1254
219 1796
220 169
220 267
220 547
220 772
220 1283
220 1589
221 308
222 1216
222 1857
223 35
223 176
224 9
224 263
224 264
224 280
224 313
224 520
224 659
224 680
224 818
224 1096
224 1112
224 1672
224 1928
225 75
225 80
225 100
225 1282
225 1307
225 1612
226 209
226 389
226 519
226 881
226 1300
227 80
227 282
227 810
227 1140
227 1348
227 1448
227 1633
228 9
228 73
228 88
228 272
228 872
228 1040
229 3
229 160
229 518
229 576
229 944
229 1665
230 14
230 352
230 1037
230 1040
230 1152
231 133
231 134
231 1668
232 28
232 328
232 924
233 21
233 371
233 772
233 1243
234 257
234 325
234 329
234 954
234 1152
234 1703
234 1836
235 128
235 132
235 365
235 978
235 1552
236 78
236 161
236 226
236 937
236 1445
236 1804
237 265
237 1148
237 1192
237 1870
238 1154
238 1369
239 1328
239 1543
240 4
240 52
240 384
240 564
240 648
240 1032
240 1250
240 1601
241 170
241 554
241 832
241 1090
241 1936
242 128
242 264
243 34
243 147
243 266
243 572
243 610
244 156
244 558
244 720
245 50
245 126
245 1288
245 1568
246 1034
246 1103
247 1184
247 1210
247 1536
248 109
248 163
248 320
248 341
248 610
248 620
248 1290
249 166
251 1460
251 1548
252 6
252 624
252 781
252 1289
252 1346
254 1037
254 1825
256 4
256 45
256 66
256 70
256 150
256 152
256 185
256 211
256 264
256 315
256 522
256 588
256 600
256 631
256 671
256 691
256 745
256 820
256 858
256 865
256 1060
256 1152
256 1305
256 1517
256 1565
256 1796
256 1890
257 3
257 42
257 81
257 130
257 139
257 438
257 552
257 587
257 1553
257 1577
257 1728
257 1928
258 64
258 65
258 124
258 245
258 246
258 293
258 338
258 448
258 537
258 577
258 672
258 967
258 1030
258 1169
258 1287
258 1314
258 1363
258 1443
258 1478
258 1561
258 1580
258 1616
259 32
259 532
259 937
259 1152
259 1594
259 1864
259 1896
260 80
260 152
260 173
260 224
260 236
260 427
260 520
260 1028
260 1168
261 11
261 74
261 128
261 257
261 520
261 672
261 840
261 1105
261 1578
261 1873
262 35
262 182
262 268
262 433
262 748
262 1069
262 1294
262 1641
263 6
263 41
263 404
263 554
263 769
263 897
263 1211
264 0
264 65
264 69
264 70
264 80
264 120
264 200
264 374
264 517
264 602
264 616
264 644
264 1029
264 1312
264 1554
264 1761
265 67
265 177
265 256
265 552
265 590
265 1044
265 1204
265 1362
265 1825
266 3
266 110
266 218
266 260
266 308
266 322
266 464
266 986
266 1041
266 1074
266 1092
266 1274
266 1432
266 1600
267 436
267 767
267 1106
267 1374
267 1664
267 1795
267 1819
268 36
268 64
268 102
268 136
268 528
268 548
268 1028
268 1536
268 1553
269 20
269 529
269 532
269 921
269 1091
269 1226
269 1550
270 145
270 323
270 722
270 928
270 937
270 1407
270 1548
270 1850
271 0
271 70
271 200
271 260
271 515
271 787
271 869
271 988
271 1115
272 4
272 17
272 64
272 100
272 101
272 130
272 150
272 168
272 288
272 290
272 545
272 871
272 960
272 1076
272 1280
272 1368
272 1440
273 32
273 264
273 268
273 272
273 370
273 448
273 499
273 775
273 882
273 1028
273 1202
273 1798
274 17
274 134
274 146
274 188
274 520
274 612
274 1170
274 1227
274 1540
275 12
275 99
275 464
275 1053
275 1170
275 1312
276 68
276 107
276 393
276 402
276 642
276 1032
276 1168
276 1267
276 1281
276 1337
276 1412
276 1429
276 2002
277 22
277 147
277 203
277 568
277 584
277 778
278 5
278 50
278 60
278 269
278 275
278 528
279 101
279 1056
280 0
280 35
280 290
280 332
280 528
280 816
280 976
280 1058
280 1968
281 338
281 658
281 992
281 1536
282 102
282 261
282 436
282 541
282 1120
283 306
283 331
283 410
283 1074
283 1268
283 1280
283 1483
283 1616
284 75
284 270
284 356
284 440
284 704
284 1067
284 1308
285 303
285 1664
285 1890
286 34
286 232
286 1040
286 1089
286 1610
286 1801
287 397
287 577
287 1777
287 1896
288 2
288 6
288 17
288 32
288 80
288 83
288 260
288 340
288 497
288 517
288 769
288 918
288 1024
288 1034
288 1172
288 1180
288 1192
288 1194
288 1224
288 1350
288 1408
288 1536
288 1544
288 1566
288 1680
288 1808
288 1921
289 60
289 278
289 524
289 640
289 912
289 1108
289 1148
289 1233
289 1986
290 113
290 129
290 682
290 1068
290 1216
290 1536
290 1543
290 2017
291 0
291 49
291 65
291 166
291 393
291 825
291 1612
291 2034
292 5
292 6
292 128
292 230
292 272
292 486
292 1554
292 1669
293 160
293 220
293 277
293 288
293 1537
293 1544
293 1605
293 1687
294 253
294 260
294 1177
294 1383
295 443
295 1008
295 1292
295 1931
296 20
296 22
296 128
296 296
296 336
296 1220
296 1553
296 1844
296 1881
297 48
297 200
297 1538
298 91
298 516
298 612
298 729
298 865
298 1049
298 1300
298 1570
298 1663
298 1933
299 49
299 68
299 644
299 1072
300 8
300 144
300 197
300 229
300 404
300 1060
300 1380
300 1399
300 1620
300 1717
301 504
301 629
301 1048
301 1056
301 1170
301 1550
302 129
302 682
302 1187
302 1797
303 64
303 268
303 291
303 390
303 640
304 44
304 136
304 526
304 560
304 587
304 841
304 1024
304 1077
304 1858
304 1936
305 4
305 31
305 96
305 384
305 566
305 1064
305 1076
305 1124
306 18
306 40
306 116
306 186
306 232
306 256
306 304
306 530
306 1040
306 1052
306 1226
306 1360
307 75
307 96
307 705
307 793
307 1026
307 1168
307 1756
307 1868
308 144
308 563
308 1025
308 1038
308 1172
308 1300
308 1412
309 46
309 512
309 896
310 45
310 430
310 548
310 626
310 1024
310 1536
311 386
311 514
311 1477
311 1592
312 0
312 81
312 451
312 685
312 753
312 1684
312 1920
313 448
313 1219
313 1248
313 1344
314 24
314 46
314 877
314 1253
315 448
315 1214
316 0
316 772
317 194
317 617
317 666
317 1153
317 1221
317 1364
317 1704
318 88
318 385
318 520
318 528
318 608
319 640
320 0
320 12
320 96
320 192
320 194
320 264
320 307
320 456
320 522
320 1106
320 1188
320 1285
320 1331
321 0
321 6
321 140
321 299
321 580
321 870
321 959
321 1160
321 1874
322 244
322 260
322 407
322 516
322 556
322 614
322 796
322 810
322 821
322 850
322 1364
322 1369
322 1810
323 4
323 160
323 174
323 425
323 1592
324 5
324 78
324 104
324 127
324 145
324 559
324 848
324 997
324 1062
324 1101
324 1110
324 1159
324 1949
325 421
325 626
325 638
325 901
325 1776
326 3
326 594
326 1647
327 169
327 276
327 645
327 842
328 0
328 6
328 16
328 145
328 197
328 216
328 528
328 542
328 741
328 1026
328 1056
328 1348
329 4
329 69
329 386
329 561
329 1240
329 1980
330 259
330 522
330 786
330 1107
330 1116
330 1280
330 1317
330 1585
330 1830
331 49
331 128
331 131
331 564
331 770
331 1041
331 1410
331 1424
332 130
332 570
332 666
332 818
333 4
333 52
333 574
333 1134
333 1169
333 1296
333 1568
334 24
334 109
334 132
334 535
334 648
334 1040
335 176
335 288
335 386
335 577
336 16
336 103
336 243
336 348
336 384
336 584
336 785
336 1232
336 1856
337 16
337 726
337 1026
337 1621
338 99
338 266
338 520
338 1040
338 1168
338 1541
338 2018
339 281
340 137
340 145
340 293
340 1292
341 275
341 400
341 530
342 18
342 512
342 833
342 1134
342 1181
342 1430
343 192
344 620
344 1037
344 1113
345 345
345 612
345 628
345 668
345 690
345 907
346 145
346 217
346 664
346 1093
346 1118
346 1185
347 4
347 292
347 1666
348 33
348 1332
349 162
349 1297
349 1540
350 38
350 49
350 97
351 512
351 520
351 1032
351 1545
351 1782
352 8
352 420
352 648
352 1308
353 365
353 1810
354 105
354 1105
354 1383
355 8
355 33
355 137
356 264
356 265
356 289
356 293
356 1413
357 22
357 124
357 165
357 305
358 672
358 699
359 133
359 217
359 1306
360 36
360 213
360 480
360 897
361 132
361 216
361 257
361 396
361 1187
361 1250
362 132
362 552
362 897
362 1184
363 412
363 648
364 19
364 129
364 144
364 384
364 577
365 115
365 449
365 824
366 30
366 145
366 258
366 590
367 20
368 138
368 456
368 835
368 884
368 1057
369 865
369 1426
369 1677
370 13
370 64
370 70
370 521
370 1546
370 1572
370 1666
371 80
371 402
371 580
371 771
372 616
372 779
372 1848
373 256
374 216
374 672
375 5
375 322
375 768
376 80
376 736
376 812
376 1245
378 292
378 320
378 1168
378 1296
378 1956
379 0
379 84
379 1157
380 896
380 1640
381 184
381 1556
382 1420
383 20
383 70
383 520
384 11
384 15
384 21
384 36
384 106
384 153
384 404
384 528
384 532
384 617
384 724
384 768
384 912
384 1027
384 1056
384 1074
384 1179
384 1474
384 1545
384 1593
384 1641
384 1928
385 0
385 64
385 92
385 105
385 481
385 523
385 559
385 564
385 1289
385 1374
385 1449
385 1636
385 1793
386 34
386 51
386 104
386 186
386 264
386 298
386 339
386 388
386 503
386 642
386 792
386 896
386 1077
386 1126
386 1223
387 21
387 68
387 932
387 1942
388 20
388 21
388 128
388 170
388 292
388 720
388 764
388 832
388 1034
388 1118
388 1217
388 1280
388 1289
388 1448
388 1582
388 1602
388 1794
388 1816
388 1867
389 448
389 1708
390 580
390 1023
390 1097
390 1330
391 17
391 103
391 194
391 515
391 522
391 594
391 1036
391 1052
391 1430
391 1552
392 2
392 16
392 88
392 140
392 328
392 535
392 550
392 676
392 1196
392 1428
392 1798
392 1976
393 2
393 68
393 192
393 760
393 1029
393 1537
393 1544
393 1832
394 3
394 64
394 259
394 512
394 689
394 896
394 1544
394 1924
395 400
395 787
395 1173
395 1282
396 987
396 1027
396 1036
396 1282
396 1713
396 1986
397 512
398 44
398 970
398 1809
399 48
399 233
399 657
399 1680
400 20
400 1050
400 1202
400 1728
401 369
401 518
401 520
401 570
401 680
401 1042
401 1570
401 1634
401 1944
402 2
402 9
402 56
402 185
402 209
402 270
402 839
403 264
403 452
403 963
403 1334
403 1476
403 1538
403 1864
404 7
404 33
404 66
404 113
404 257
404 379
404 939
404 1554
405 210
405 1304
405 1677
406 131
406 528
406 689
406 1080
407 387
407 1280
408 54
408 110
408 752
408 1072
408 1177
408 1425
409 144
409 492
409 650
409 1929
410 162
411 1556
412 576
413 1120
414 283
414 657
414 1088
414 1282
415 1176
416 26
416 384
416 526
416 775
416 1132
416 1417
416 1544
416 1828
417 268
417 462
417 518
417 834
417 1486
418 135
418 272
418 969
418 1027
418 1598
418 1622
418 1628
419 56
419 515
419 675
419 1506
420 8
420 832
420 1313
420 1494
420 1682
421 559
421 768
421 907
421 1293
422 137
422 162
422 446
422 673
422 1089
422 1208
422 1234
422 1905
423 273
423 305
423 604
424 257
424 545
424 794
424 804
424 1074
424 1491
424 1594
425 138
425 224
425 849
425 1537
426 22
426 229
426 264
426 556
426 978
426 1282
426 1347
426 1728
427 94
427 96
428 1068
429 42
429 708
429 1088
429 1296
430 9
430 1288
431 1262
432 80
432 256
432 266
432 1044
432 1958
433 12
433 534
433 1024
433 1041
433 1204
433 1437
434 450
435 387
435 1442
436 544
436 689
436 1161
436 1213
436 1327
436 1445
438 62
438 200
438 1043
438 1153
438 1253
439 124
439 319
439 612
440 45
440 355
440 530
440 1156
440 1280
441 544
441 1122
441 1546
442 1066
444 514
445 515
445 1121
445 1703
446 3
447 640
448 0
448 50
448 388
448 642
448 1050
448 1122
448 1167
449 256
449 259
449 361
449 1224
450 129
450 204
451 32
451 403
452 5
452 19
452 803
452 1088
452 1537
453 266
453 288
453 802
454 0
454 196
454 528
454 737
454 1043
454 1170
455 1409
456 5
456 8
456 260
456 301
456 409
456 774
456 1299
457 1164
457 1203
457 1580
458 90
458 770
458 1027
458 1284
459 263
459 384
459 556
459 1217
460 12
460 115
460 1032
460 1223
460 1569
460 1826
461 4
461 42
461 1496
462 1920
463 264
463 768
463 1640
464 4
464 137
464 193
464 267
464 580
464 642
464 778
464 1092
464 1111
464 1221
464 1956
465 42
465 66
465 193
465 667
465 1088
466 14
466 75
466 625
466 1030
467 25
468 156
468 160
468 647
468 1376
468 1574
469 5
469 270
469 1040
470 193
470 1121
470 1248
470 1314
471 308
471 1024
471 1060
471 1328
472 1238
473 131
474 114
474 304
475 1
475 836
475 838
475 1043
476 1154
477 1251
478 145
480 48
480 103
480 518
480 1062
480 1236
480 1291
481 404
481 541
481 651
481 818
481 848
481 1073
481 1082
482 1
482 536
482 581
483 30
483 305
484 4
484 56
484 545
484 646
484 1100
484 1110
484 1282
484 1559
485 208
485 1437
486 513
486 1556
488 433
488 548
488 654
488 1683
488 1802
489 775
489 1626
490 526
491 50
492 406
492 527
492 577
493 52
493 289
495 76
495 136
495 262
496 194
496 546
496 641
496 1032
496 1441
496 1632
497 102
497 141
497 342
497 640
498 706
500 272
500 1668
502 2
504 362
505 524
506 160
506 732
506 1197
507 12
508 484
508 815
509 2
512 0
512 138
512 195
512 386
512 388
512 420
512 433
512 512
512 610
512 644
512 790
512 864
512 867
512 1283
512 1301
512 1602
512 1661
512 1829
512 1954
513 0
513 24
513 520
513 572
513 600
513 602
513 672
513 704
513 896
513 1228
513 1344
513 1451
514 64
514 176
514 197
514 256
514 273
514 421
514 595
514 617
514 1033
514 1160
514 1287
514 1306
514 1328
514 1539
515 5
515 91
515 203
515 223
515 320
515 457
515 514
515 668
515 817
515 835
515 994
516 8
516 133
516 162
516 266
516 329
516 459
516 1060
516 1072
516 1093
516 1109
516 1110
516 1498
516 1546
516 1596
516 1884
517 1
517 128
517 179
517 202
517 454
517 1287
517 1882
518 120
518 136
518 438
518 816
518 1064
518 1121
518 1228
518 1288
518 1345
518 1688
519 32
519 128
519 361
519 1226
519 1248
520 5
520 96
520 155
520 216
520 225
520 291
520 478
520 545
520 922
520 1096
520 1474
520 1510
520 1666
520 1761
521 36
521 46
521 108
521 272
521 592
521 600
521 640
521 649
521 660
521 1537
521 1824
522 32
522 38
522 112
522 264
522 640
522 641
522 1120
522 1345
522 1434
523 31
523 325
523 552
523 772
523 1596
523 1876
524 24
524 80
524 216
524 649
524 1033
524 1041
524 1371
524 1680
524 1810
525 38
525 106
525 139
525 171
525 1112
526 18
526 1186
526 1218
526 1681
527 52
527 96
527 552
527 625
527 746
527 1067
527 1292
528 73
528 74
528 125
528 199
528 263
528 266
528 290
528 312
528 344
528 537
528 864
528 1092
528 1285
528 1347
528 1437
528 1925
529 24
529 198
529 364
529 547
529 553
529 1056
529 1092
529 1236
529 1360
530 3
530 45
530 66
530 360
530 384
530 422
530 440
530 680
530 1042
530 1066
530 1288
530 1357
530 1461
531 2
531 384
531 707
531 914
531 1124
531 1440
531 1626
531 2006
532 0
532 2
532 513
532 676
532 1033
532 1160
532 1328
532 1361
532 1668
532 1683
533 202
533 257
533 292
533 521
533 1578
533 1676
534 14
534 1261
535 565
535 773
535 1376
535 1536
536 19
536 22
536 52
536 129
536 306
536 418
536 521
536 575
536 929
536 1098
536 1129
536 1417
536 1541
537 63
537 345
537 579
537 658
537 961
537 1416
537 1610
538 135
538 144
538 616
539 1674
540 105
540 122
540 133
540 235
540 552
540 856
540 1637
540 1856
541 65
541 169
541 392
541 1538
541 1792
542 224
542 394
542 536
542 544
542 565
542 618
542 793
542 1032
543 4
543 201
543 524
543 961
544 3
544 6
544 28
544 32
544 34
544 38
544 162
544 344
544 644
544 673
544 817
544 918
544 921
544 1000
544 1121
544 1151
544 1171
544 1553
544 1610
544 1799
544 1904
545 4
545 18
545 133
545 134
545 152
545 155
545 274
545 328
545 384
545 520
545 776
545 1283
545 1299
545 1358
546 277
546 581
546 643
546 705
546 791
546 1032
546 1082
546 1091
546 1284
546 1620
547 128
547 129
547 305
547 458
547 773
548 68
548 256
548 263
548 288
548 372
548 491
548 580
548 792
548 859
548 1129
548 1281
548 1293
548 1688
549 45
549 54
549 148
549 653
549 801
549 930
549 1074
549 1922
550 35
550 48
550 512
550 676
550 747
550 1280
550 1764
551 95
551 1172
551 1779
552 66
552 194
552 291
552 543
552 653
552 704
552 705
552 977
552 1056
552 1298
552 1305
552 1552
553 262
553 291
553 304
553 529
553 1055
553 1140
553 1572
554 16
554 144
554 390
554 785
554 1536
554 1913
555 535
555 856
555 1105
555 1282
555 1573
556 1
556 36
556 131
556 264
556 944
556 964
556 1106
557 65
557 90
557 131
557 159
557 404
558 37
558 244
558 352
558 416
558 418
560 70
560 149
560 188
560 209
560 232
560 276
560 1226
560 1316
560 1521
560 1584
560 1674
561 142
561 334
561 418
561 1024
561 1094
561 1295
561 1408
562 68
562 77
562 533
562 616
562 776
562 1248
562 1868
563 213
563 1322
563 1362
563 1440
563 1593
563 1756
563 1838
564 74
564 258
564 542
564 544
564 644
564 731
564 1045
564 1152
564 1642
565 0
565 256
565 1949
566 64
566 513
566 1703
567 512
568 1
568 64
568 258
568 269
568 778
568 837
569 458
569 530
569 781
569 1296
569 1924
570 2
570 485
570 560
570 767
570 1092
572 112
572 130
572 140
572 1043
572 1075
573 45
573 140
573 822
574 86
574 240
575 408
575 1293
576 0
576 164
576 240
576 277
576 320
576 548
576 564
576 604
576 668
576 1005
576 1052
576 1156
576 1318
576 1568
576 1793
576 1955
577 5
577 18
577 136
577 153
577 272
577 370
577 508
577 528
577 544
577 629
577 648
577 664
577 921
577 1041
577 1229
577 1611
577 1754
578 16
578 19
578 529
578 612
578 840
578 1033
578 1037
579 3
579 221
579 1692
579 1757
580 4
580 40
580 261
580 321
580 384
580 537
580 1189
580 1397
580 1416
580 1546
581 164
581 232
581 272
581 644
581 664
581 868
582 42
582 46
582 69
582 272
582 338
582 1029
582 1031
582 1666
583 764
583 1153
584 0
584 4
584 304
584 346
584 442
584 796
584 1225
585 34
585 132
585 258
585 370
585 644
585 1035
585 1280
585 1441
585 1680
586 129
586 167
586 512
586 536
586 561
586 820
586 1319
586 1675
587 137
587 193
587 608
587 708
587 914
588 231
588 288
588 321
588 533
588 544
588 1140
588 1233
588 1424
589 6
589 202
589 257
589 348
589 1118
589 1548
589 1898
590 2
590 37
590 49
590 161
590 173
590 208
590 912
590 1664
590 1799
591 1044
591 1193
591 1379
592 9
592 10
592 11
592 86
592 150
592 387
592 1644
593 386
593 592
593 714
593 1026
593 1669
594 115
594 261
594 336
594 899
594 1323
594 1817
595 48
595 1050
595 1508
596 397
596 726
596 1045
596 1154
596 1568
596 1885
597 8
597 17
597 128
597 584
597 762
597 774
597 1118
597 1324
598 1
599 4
599 387
599 546
599 576
600 12
600 193
600 277
600 460
600 927
600 1042
600 1124
601 2
601 161
601 295
601 946
601 1330
602 8
602 226
602 1272
603 0
603 320
603 642
603 1060
604 163
604 256
604 304
604 1201
605 186
606 443
606 1035
606 1985
607 5
608 36
608 264
608 292
608 512
608 768
608 794
608 805
608 1347
608 1664
608 1798
609 770
609 1792
609 1807
609 1938
610 72
610 468
610 789
610 1027
610 1296
610 1620
611 73
611 204
611 535
611 632
611 1073
612 17
612 266
612 647
612 741
612 1220
612 1410
613 14
613 264
613 481
613 521
613 1254
613 1671
614 130
614 568
614 644
614 1184
615 134
615 257
615 1345
616 192
616 203
616 286
616 298
616 325
616 520
616 524
616 1411
617 625
618 24
618 132
618 768
618 1024
618 1040
618 1073
619 1
619 324
619 897
620 147
620 229
620 256
620 384
620 450
620 1538
620 1800
622 54
622 66
622 128
622 1028
623 2
623 312
624 16
624 22
624 32
624 156
624 360
624 643
624 1045
624 1288
625 0
625 32
625 75
625 257
625 274
625 1167
625 1252
625 1412
625 1546
625 1865
625 2038
626 137
626 146
626 161
626 581
626 1060
627 490
627 1171
627 1333
628 136
628 480
628 522
628 663
628 1686
629 849
629 1296
630 5
630 42
630 704
631 275
631 1061
631 1201
631 1449
632 65
632 1403
633 1106
634 613
635 384
635 1056
636 48
636 64
636 648
636 796
637 515
638 1057
638 1723
640 5
640 42
640 160
640 203
640 384
640 416
640 518
640 531
640 592
640 600
640 640
640 944
640 1267
640 1553
640 1600
641 86
641 277
641 368
641 1028
641 1085
641 1573
641 1601
641 1996
642 16
642 96
642 200
642 257
642 306
642 353
642 384
642 540
642 577
642 786
642 1034
642 1054
642 1152
642 1442
642 1538
642 1629
643 154
643 835
643 1158
643 1572
643 1672
644 16
644 34
644 64
644 256
644 419
644 555
644 632
644 664
644 743
644 767
644 772
644 782
644 793
644 1104
644 1153
644 1538
644 1558
645 468
645 1000
645 1421
646 34
646 47
646 70
646 128
646 146
646 186
646 332
646 513
646 1057
646 1184
646 1496
647 38
647 421
647 1041
647 1056
647 1088
647 1290
648 17
648 19
648 160
648 226
648 256
648 326
648 328
648 536
648 549
648 704
648 1085
648 1092
648 1094
648 1256
649 67
649 155
649 400
649 547
649 548
649 1549
649 1576
650 153
650 282
650 433
650 802
650 1049
650 1094
650 1188
650 1218
651 70
651 484
651 800
651 1344
651 1354
652 19
652 229
652 449
652 684
652 1097
652 1235
652 1671
653 16
653 48
653 129
653 1026
653 1076
654 37
654 87
654 228
654 321
654 777
654 1841
655 712
655 768
655 929
655 942
655 1299
656 2
656 10
656 16
656 130
656 318
656 402
656 595
656 641
656 1062
656 1084
656 1203
656 1267
656 1661
657 59
657 328
657 1031
657 1325
657 1600
657 1761
658 18
658 48
658 84
658 271
658 336
658 1049
658 1091
658 1110
658 1116
658 1302
658 1932
659 141
659 1033
659 1118
660 24
660 744
660 1696
660 1824
661 102
661 753
661 992
661 1928
662 33
662 778
662 1356
663 4
663 153
663 1123
664 18
664 230
664 438
664 1104
664 1297
664 1558
664 1569
664 1938
665 36
665 99
665 164
665 270
665 385
665 458
665 520
665 836
665 1284
665 1796
666 135
666 136
666 643
666 664
666 922
667 499
667 1156
668 96
668 199
668 614
668 768
668 792
669 144
669 213
670 48
670 314
670 533
670 584
670 632
670 1138
671 0
672 62
672 148
672 273
672 288
672 465
672 523
672 532
672 592
672 840
672 877
672 912
672 930
672 1024
672 1040
672 1220
672 1409
672 1505
672 1584
672 1670
673 1146
673 1731
674 17
674 21
674 159
674 631
674 771
674 776
674 1295
674 1457
674 1668
674 1684
675 386
675 656
675 769
675 832
675 1289
676 0
676 516
676 696
676 772
676 776
677 295
677 1032
678 50
678 84
678 151
678 581
678 641
678 929
678 1172
679 192
679 485
679 545
679 825
679 1238
680 148
680 176
680 325
680 834
680 1906
681 200
681 270
681 419
681 1504
681 1667
681 1963
682 312
682 384
682 528
682 1040
682 1052
682 1419
682 1582
682 1937
683 897
683 1028
684 12
684 100
684 721
684 809
684 944
685 490
685 512
687 133
687 704
687 1154
687 1208
687 1676
688 0
688 12
688 21
688 331
688 521
688 562
688 1130
689 65
689 132
690 17
690 839
690 891
690 1492
691 10
691 430
691 1416
691 1512
692 129
692 130
692 1060
692 1478
693 327
693 513
693 679
693 1388
693 1546
694 72
695 136
696 288
696 520
696 529
696 1167
696 1603
696 1682
697 128
697 1554
698 112
698 148
698 260
698 1045
699 197
699 264
699 328
700 44
700 258
700 932
700 960
701 786
702 940
703 38
703 64
703 528
703 771
704 12
704 44
704 87
704 89
704 208
704 228
704 257
704 268
704 280
704 306
704 512
704 513
704 772
704 864
705 138
705 146
705 147
705 307
705 411
705 656
705 810
705 1036
705 1056
705 1224
706 48
706 96
706 99
706 160
706 280
706 579
706 920
706 1172
706 1632
707 80
707 112
707 129
707 292
707 1059
708 17
708 512
708 566
708 1025
708 1296
708 1428
708 1554
708 1931
709 149
709 156
709 392
709 401
709 1095
710 50
710 130
710 174
710 590
710 913
710 1745
710 1860
711 0
711 16
711 72
711 462
711 931
712 248
712 282
712 1041
712 1112
712 1698
712 2021
713 211
713 786
713 1536
713 1541
714 353
714 1032
715 113
715 1198
716 38
716 76
716 100
716 209
716 899
716 1064
716 1162
716 1474
717 482
717 1161
718 160
718 563
720 1010
720 1032
721 0
721 131
721 265
721 313
721 1024
722 9
722 265
722 1032
723 674
723 1067
723 1712
723 1729
724 49
724 306
724 1076
724 1349
726 44
726 791
727 656
727 658
728 1217
728 1606
728 1676
729 38
729 147
729 161
729 744
730 138
730 393
730 768
731 1080
732 200
732 262
732 346
732 547
733 165
733 793
733 1424
734 48
734 60
734 398
735 4
736 0
736 131
736 205
736 800
736 1162
736 1290
736 1900
737 52
737 681
737 794
737 837
737 1778
738 1281
738 1762
739 387
739 720
739 1450
740 689
740 1216
740 1904
741 1898
742 32
742 68
742 858
742 1900
743 530
743 598
744 44
744 178
744 521
744 800
745 23
745 396
746 5
746 132
746 133
746 136
746 258
747 303
747 579
748 0
748 120
750 42
750 512
750 710
750 1308
751 4
752 33
752 192
752 1169
752 1204
752 1578
753 67
753 320
753 364
753 577
753 774
753 1205
753 1680
754 1286
755 265
756 323
756 591
756 936
756 1048
758 1584
759 185
759 263
760 21
760 86
760 262
760 455
760 1242
760 1281
761 75
761 592
762 329
762 1282
763 1046
763 1080
764 2
764 1377
765 276
768 4
768 39
768 46
768 98
768 265
768 304
768 899
768 1021
768 1151
768 1156
768 1325
768 1539
768 1546
769 8
769 84
769 129
769 258
769 537
769 1041
769 1163
769 1346
769 1570
769 1892
770 0
770 5
770 24
770 72
770 276
770 413
770 1026
770 1127
771 206
771 267
771 518
771 624
771 646
771 992
771 1205
771 1315
771 1553
772 32
772 130
772 145
772 321
772 392
772 453
772 647
772 756
772 1041
772 1249
772 1252
772 1281
773 70
773 136
773 392
773 712
773 1392
774 29
774 155
774 442
774 581
774 658
774 793
774 1068
774 1134
774 1298
774 1986
775 672
775 1408
775 1428
776 4
776 1060
776 1250
776 1394
776 1412
776 1505
776 1536
777 337
777 537
778 128
778 552
778 913
778 1281
778 1403
778 1576
778 1602
779 43
779 896
779 1185
779 1892
780 137
780 140
780 296
780 355
780 680
780 1481
781 256
781 513
781 525
781 581
781 1224
782 21
782 256
782 516
782 1680
783 386
783 793
783 1030
784 23
784 38
784 146
784 194
784 201
784 205
784 208
784 328
784 435
784 681
784 901
784 912
784 1036
784 1085
784 1456
784 1475
784 1552
784 1556
785 26
785 80
785 327
785 532
785 1056
786 0
786 354
786 416
786 1288
786 1443
787 68
787 377
787 652
787 770
787 1031
787 1646
788 2
788 176
788 272
788 297
788 322
788 512
788 1097
788 1122
789 389
789 566
789 628
789 1776
790 18
790 268
790 388
790 536
790 672
790 753
790 801
790 1059
791 361
792 376
792 538
792 721
792 964
792 1028
792 1418
792 1672
793 258
793 385
793 901
793 1543
793 1633
793 1976
794 1
794 35
794 843
796 132
796 264
796 419
796 515
796 932
796 1032
797 12
797 950
797 1281
797 1705
798 72
798 424
798 537
798 1031
799 1233
799 1590
800 10
800 12
800 44
800 104
800 249
800 267
800 320
800 323
800 671
800 676
800 691
800 719
800 772
800 1043
800 1397
800 1553
800 1564
800 1729
800 2004
801 133
801 192
801 436
801 574
801 800
801 1026
801 1442
802 0
802 36
802 77
802 145
802 178
802 1029
802 1226
802 1544
803 283
803 556
803 651
804 108
804 163
804 273
804 342
804 576
804 883
804 1046
805 6
805 84
805 216
805 793
806 5
806 49
806 176
806 336
806 1342
807 294
807 359
807 1240
808 258
808 332
808 524
808 1026
808 1160
808 1960
809 1545
810 1306
812 2
812 168
812 272
812 320
812 1536
813 131
813 357
813 1095
814 512
815 8
815 1309
815 1392
815 2005
816 524
816 1316
817 163
817 356
817 1029
817 1878
818 584
818 896
818 1125
818 1536
818 1792
819 16
819 1543
820 14
820 28
821 464
821 1320
822 295
822 1368
824 1049
824 1106
825 30
825 1068
826 74
826 364
827 518
828 364
828 1602
829 516
830 518
830 1504
830 1571
830 1646
831 369
831 860
832 2
832 88
832 136
832 210
832 589
832 598
832 896
832 1041
832 1445
833 30
833 1452
833 1553
833 1796
834 3
834 181
834 493
834 512
834 768
834 1028
835 1
835 83
835 819
836 300
836 305
836 1337
836 1344
836 1704
837 160
837 233
837 384
837 584
837 1158
837 1674
838 24
838 144
838 425
838 1072
838 1120
839 330
839 1173
839 1576
840 1080
840 1382
840 1409
841 256
841 294
841 549
841 1025
842 74
842 141
842 204
842 1108
842 1588
844 1043
844 1241
845 73
845 677
845 1162
846 18
846 664
846 817
846 1040
847 585
847 1064
847 1556
848 324
848 642
848 1031
848 1057
849 32
849 68
849 552
850 194
850 227
850 257
850 267
851 0
851 1210
852 323
852 596
852 678
853 44
853 218
853 276
853 353
854 269
854 773
854 1464
854 1585
855 0
856 66
856 388
856 592
856 1573
857 53
857 182
857 1041
858 219
859 1040
860 258
860 704
860 1258
860 1374
860 1458
861 1452
863 52
863 132
864 260
864 370
864 1185
864 1552
864 1796
865 195
865 352
865 355
865 429
865 463
865 906
866 10
866 193
866 526
866 551
866 1192
866 1616
866 1777
867 20
867 74
867 160
867 1194
867 1668
868 610
868 1028
868 1319
869 256
869 441
869 680
869 1320
870 658
870 1140
871 384
871 1107
872 210
872 305
872 821
873 1095
875 21
875 96
875 1080
876 6
876 216
877 1186
878 4
879 1286
880 3
880 442
881 86
881 266
881 386
881 437
881 522
881 1201
882 0
882 80
882 385
882 790
882 1714
883 516
883 1570
884 416
884 522
884 1379
885 128
885 820
886 17
886 268
886 288
888 772
889 1781
890 0
890 1360
891 1462
893 64
893 427
894 1030
894 1296
895 192
896 32
896 51
896 128
896 139
896 145
896 239
896 245
896 258
896 368
896 522
896 524
896 525
896 592
896 806
896 1176
896 1559
896 1717
897 26
897 322
897 546
897 717
897 816
897 1034
897 1564
898 16
898 88
898 268
898 416
898 728
898 1698
898 1928
899 272
899 752
899 1454
899 1936
900 10
900 273
900 330
900 1234
900 1602
901 47
901 52
901 217
901 300
901 772
901 879
901 1024
901 1032
901 1182
901 1280
901 1298
902 60
902 130
902 1026
902 1046
902 1154
903 177
903 1066
903 1735
904 25
904 297
904 924
904 1233
904 1290
904 1608
905 328
905 1116
905 1877
906 73
906 128
906 1152
906 1620
907 38
907 241
907 448
908 326
908 361
908 1057
908 1216
909 267
909 514
909 524
909 528
909 1281
909 1345
910 399
910 483
910 792
911 1363
911 1573
912 51
912 640
912 651
912 768
912 1033
912 1445
912 1899
913 23
913 381
913 577
913 851
914 96
914 214
914 296
914 486
914 646
914 1000
914 1101
914 1561
915 1858
915 1860
916 1314
917 1736
918 40
918 514
918 594
918 710
919 796
920 69
920 442
920 505
920 804
921 65
921 1164
922 1128
923 321
923 501
923 541
923 802
923 1348
923 1797
924 72
924 77
924 207
924 1618
925 397
925 1042
927 648
928 8
928 531
928 536
928 640
928 1220
928 1226
928 1326
928 1622
928 1780
929 101
929 386
929 900
930 138
930 282
930 473
930 549
931 1412
932 262
932 786
932 1074
932 1560
933 395
933 527
933 699
933 775
933 1068
933 1345
934 3
934 52
934 520
934 647
934 1179
934 1298
934 1568
936 76
936 141
936 176
936 231
936 288
936 752
936 1112
937 244
938 64
938 1837
939 516
939 1347
940 272
940 584
940 1294
940 1740
941 1250
941 1800
944 12
944 615
944 1826
945 1028
945 1088
945 1275
946 40
946 170
946 410
946 1088
946 1284
947 1028
948 1248
949 1090
950 256
950 1810
951 1320
952 261
952 1089
952 1536
954 77
954 196
954 1634
955 1289
957 520
957 852
958 65
958 664
959 1540
960 166
960 277
960 297
960 352
960 809
960 1195
960 1484
960 1552
960 1682
961 6
961 22
961 104
961 265
961 1540
962 49
962 147
962 182
962 192
962 818
962 833
962 1069
962 1845
963 84
963 496
964 309
964 389
964 583
964 1076
964 1120
964 1705
964 1991
966 0
966 73
967 133
967 778
968 16
968 102
968 299
968 1024
968 1068
968 1323
968 1605
970 177
970 596
971 146
971 288
971 1026
971 1538
972 1
972 924
973 0
973 567
973 772
973 1226
976 84
976 451
976 513
977 275
977 320
977 648
977 1158
978 1216
978 1878
979 280
979 320
980 832
980 1124
980 1604
981 644
981 775
981 800
981 1036
981 1132
982 612
983 66
983 256
983 608
984 88
984 261
984 264
985 528
985 745
985 916
985 1120
987 294
987 1186
987 1962
988 965
988 1092
989 118
989 836
989 873
990 1345
991 128
992 258
992 467
993 141
993 224
993 1033
994 543
994 554
995 64
995 515
995 594
996 36
996 273
996 768
997 6
997 22
997 582
998 424
998 545
999 576
1000 68
1000 78
1000 136
1000 368
1000 1145
1001 1369
1002 13
1002 25
1002 1076
1003 46
1003 515
1005 1314
1006 2
1006 34
1007 1181
1008 136
1013 9
1013 1131
1014 49
1014 710
1015 1336
1016 11
1016 512
1016 1654
1017 58
1017 1265
1018 134
1018 196
1018 349
1019 1617
1020 516
1020 772
1022 791
1022 1094
1024 20
1024 21
1024 47
1024 66
1024 73
1024 80
1024 130
1024 202
1024 292
1024 328
1024 352
1024 458
1024 568
1024 729
1024 794
1024 810
1024 833
1024 1064
1024 1072
1024 1184
1024 1675
1024 1705
1024 1888
1024 1952
1025 0
1025 4
1025 145
1025 193
1025 314
1025 512
1025 515
1025 530
1025 591
1025 853
1025 928
1025 944
1025 1653
1025 1801
1026 0
1026 17
1026 35
1026 68
1026 72
1026 194
1026 448
1026 453
1026 464
1026 960
1026 1006
1026 1036
1026 1126
1026 1146
1026 1366
1026 1568
1026 1930
1026 2028
1027 64
1027 608
1027 738
1027 846
1027 1033
1027 1092
1028 32
1028 65
1028 75
1028 76
1028 171
1028 200
1028 224
1028 229
1028 232
1028 264
1028 302
1028 450
1028 549
1028 577
1028 906
1028 1027
1028 1156
1028 1316
1028 1572
1028 1633
1029 4
1029 14
1029 39
1029 111
1029 210
1029 608
1029 948
1029 1216
1029 1285
1029 1433
1030 148
1030 261
1030 290
1030 300
1030 307
1030 578
1030 1092
1030 1099
1030 1344
1030 1385
1030 1540
1030 1922
1031 72
1031 132
1031 148
1031 548
1031 757
1031 872
1031 1668
1032 4
1032 106
1032 153
1032 209
1032 236
1032 310
1032 322
1032 346
1032 357
1032 388
1032 516
1032 560
1032 606
1032 743
1032 1173
1032 1336
1032 1345
1032 1556
1032 1568
1032 2009
1033 17
1033 42
1033 51
1033 244
1033 515
1033 544
1033 576
1033 751
1033 776
1033 784
1033 992
1033 1090
1033 1272
1033 1323
1033 1667
1033 1760
1034 16
1034 80
1034 251
1034 288
1034 301
1034 320
1034 396
1034 413
1034 498
1034 561
1034 676
1034 1076
1034 1109
1034 1281
1034 1316
1034 1816
1035 17
1035 195
1035 252
1035 260
1035 357
1035 1795
1036 164
1036 356
1036 400
1036 579
1036 642
1036 1044
1036 1602
1037 0
1037 1
1037 128
1037 220
1037 291
1037 392
1037 609
1037 627
1037 771
1037 844
1037 1031
1037 1408
1037 1570
1037 1626
1038 1
1038 8
1038 17
1038 72
1038 126
1038 216
1038 372
1038 1054
1038 1572
1039 264
1039 412
1040 2
1040 16
1040 71
1040 176
1040 240
1040 278
1040 308
1040 528
1040 580
1040 594
1040 651
1040 724
1040 981
1040 1033
1040 1037
1040 1277
1040 1282
1040 1464
1040 1774
1040 1804
1040 1811
1041 13
1041 40
1041 70
1041 134
1041 1046
1041 1062
1041 1158
1041 1172
1041 1314
1041 1440
1041 1688
1042 12
1042 27
1042 136
1042 594
1042 884
1042 1168
1042 1169
1042 1346
1042 1495
1042 1748
1043 1033
1043 1232
1043 1685
1044 37
1044 44
1044 300
1044 606
1044 609
1044 775
1044 1304
1044 1562
1044 1672
1045 107
1045 704
1045 1034
1045 1057
1045 1078
1046 80
1046 81
1046 163
1046 1460
1046 1582
1047 4
1047 56
1047 364
1047 1117
1047 1444
1047 1529
1048 1997
1049 129
1049 270
1049 661
1049 1057
1049 1864
1050 4
1050 16
1050 40
1050 161
1050 263
1050 536
1050 570
1050 704
1050 832
1050 1486
1050 1648
1050 1698
1051 528
1051 536
1051 1612
1051 1673
1052 145
1052 376
1052 400
1052 512
1052 514
1052 615
1052 1548
1052 1576
1052 1662
1053 6
1053 209
1053 249
1053 776
1053 837
1053 1168
1054 67
1054 799
1054 1612
1054 2036
1055 80
1055 288
1055 1216
1055 1542
1056 5
1056 21
1056 38
1056 192
1056 259
1056 273
1056 384
1056 430
1056 480
1056 516
1056 576
1056 653
1056 676
1056 772
1056 816
1056 1025
1056 1165
1056 1317
1056 1544
1056 1605
1056 1698
1056 2044
1057 12
1057 33
1057 40
1057 48
1057 56
1057 142
1057 260
1057 400
1057 694
1057 812
1057 1106
1057 1300
1058 17
1058 18
1058 120
1058 204
1058 272
1058 621
1058 657
1058 808
1058 994
1058 1033
1058 1408
1058 1537
1058 1814
1059 18
1059 37
1059 57
1059 130
1059 356
1059 506
1059 1814
1060 82
1060 262
1060 390
1060 924
1060 1120
1060 1180
1060 1346
1060 1714
1060 1813
1061 121
1061 134
1061 366
1061 384
1061 1170
1061 1577
1062 4
1062 336
1062 1432
1063 10
1063 62
1063 392
1063 1155
1063 1171
1063 1202
1064 64
1064 788
1064 1107
1064 1387
1064 1512
1064 1730
1065 258
1065 778
1065 834
1065 1061
1065 1093
1065 1095
1065 1280
1065 1730
1066 42
1066 176
1066 202
1066 281
1066 288
1066 396
1066 441
1066 517
1066 577
1066 1929
1067 116
1067 576
1067 704
1067 1166
1067 1536
1068 24
1068 45
1068 194
1068 404
1068 489
1068 512
1068 519
1068 1538
1068 1547
1068 1586
1068 1671
1069 936
1070 196
1070 233
1070 576
1070 1072
1070 1120
1070 1313
1070 1569
1071 8
1071 157
1071 169
1071 1188
1071 1316
1072 39
1072 65
1072 280
1072 353
1072 512
1072 588
1072 708
1072 1032
1072 1449
1072 1697
1073 176
1073 385
1073 591
1073 1265
1073 1545
1074 260
1074 457
1074 1016
1074 1028
1074 1036
1074 1217
1075 45
1075 528
1075 1058
1075 1548
1076 265
1076 326
1076 352
1076 524
1076 585
1076 704
1076 706
1076 833
1076 1381
1076 1382
1077 448
1077 497
1077 522
1077 1154
1078 40
1078 159
1078 1028
1079 279
1079 769
1079 1154
1080 1
1080 368
1080 533
1080 789
1080 1034
1080 1344
1081 464
1081 1034
1081 1347
1081 1542
1082 101
1082 354
1082 1089
1082 1938
1083 769
1084 85
1084 325
1084 384
1085 8
1085 1321
1085 1608
1086 24
1086 98
1086 1037
1088 1
1088 33
1088 64
1088 137
1088 153
1088 201
1088 260
1088 277
1088 406
1088 530
1088 792
1088 1040
1088 1196
1088 1248
1088 1399
1088 1600
1088 1833
1088 1862
1089 12
1089 14
1089 27
1089 133
1089 262
1089 384
1089 512
1089 532
1089 1090
1089 1178
1089 1540
1089 1560
1090 32
1090 155
1090 168
1090 392
1090 1131
1090 1440
1090 1617
1090 1864
1091 11
1091 17
1091 193
1091 204
1091 225
1091 272
1091 564
1091 626
1091 1088
1091 1457
1092 0
1092 77
1092 129
1092 243
1092 256
1092 288
1092 741
1092 756
1092 896
1092 1117
1092 1191
1092 1223
1092 1239
1093 32
1093 162
1093 274
1093 516
1093 522
1093 717
1093 1045
1093 1345
1093 1532
1094 96
1094 101
1094 130
1094 178
1094 544
1094 792
1095 4
1095 8
1095 72
1095 97
1095 192
1095 264
1095 408
1095 1690
1096 128
1096 523
1096 552
1096 576
1096 589
1096 640
1096 654
1096 917
1096 1155
1096 1313
1096 1664
1097 130
1097 154
1097 458
1097 514
1097 772
1097 1174
1097 1636
1097 2004
1098 279
1098 1036
1098 1409
1098 1941
1099 198
1099 209
1099 519
1099 547
1100 41
1100 88
1100 158
1100 284
1100 290
1100 312
1100 1058
1100 1160
1100 1220
1100 1428
1100 1587
1100 1858
1100 1883
1101 260
1102 10
1102 17
1102 128
1103 72
1103 94
1103 146
1103 1200
1103 1721
1104 0
1104 204
1104 221
1104 323
1104 396
1104 515
1104 1025
1104 1028
1104 1235
1104 1244
1104 1291
1104 1442
1104 1557
1105 49
1105 122
1105 325
1105 528
1105 612
1105 737
1105 1044
1105 1411
1105 1690
1106 45
1106 145
1106 268
1106 641
1106 902
1106 1068
1106 1418
1107 40
1107 428
1107 608
1107 640
1108 0
1108 1
1108 21
1108 80
1108 260
1108 584
1108 752
1108 1187
1108 1472
1108 1640
1109 768
1109 928
1110 498
1110 1677
1111 736
1111 1288
1112 1
1112 160
1112 256
1112 269
1112 346
1112 1263
1113 456
1113 744
1113 866
1113 1894
1114 307
1114 1162
1114 1305
1115 576
1116 0
1116 16
1116 65
1116 130
1116 1248
1116 1713
1117 15
1117 369
1117 784
1117 1025
1117 1070
1118 358
1118 512
1118 791
1118 1057
1118 1416
1118 1826
1119 9
1119 1430
1120 5
1120 24
1120 310
1120 417
1120 818
1120 1346
1120 1888
1121 2
1121 9
1121 520
1121 1049
1121 1571
1122 1
1122 3
1122 35
1122 259
1122 906
1122 1177
1122 1190
1123 1
1123 16
1123 104
1123 484
1123 776
1123 1004
1124 44
1124 152
1124 268
1124 275
1124 323
1124 390
1124 536
1124 552
1124 775
1124 776
1124 1031
1124 1038
1124 1776
1124 2030
1125 1
1125 6
1126 545
1126 1192
1127 168
1127 194
1127 322
1128 14
1128 130
1128 144
1128 1076
1128 1182
1129 523
1129 709
1129 1620
1130 193
1130 785
1130 1033
1130 1314
1130 1443
1130 1568
1131 584
1132 30
1132 82
1132 296
1132 346
1132 452
1132 921
1132 1235
1133 390
1133 903
1133 1110
1133 1168
1133 1667
1134 289
1134 1028
1136 32
1136 42
1136 326
1136 401
1136 513
1136 608
1136 640
1136 1967
1137 1124
1138 452
1138 1153
1138 1732
1140 1027
1140 1148
1141 13
1141 182
1141 236
1142 1544
1143 903
1144 0
1144 2
1144 354
1145 181
1146 10
1146 580
1147 1812
1148 12
1148 534
1148 1474
1149 260
1149 832
1149 1154
1150 16
1150 222
1151 70
1152 15
1152 51
1152 104
1152 132
1152 212
1152 230
1152 320
1152 340
1152 456
1152 648
1152 747
1152 908
1152 1120
1152 1357
1153 70
1153 112
1153 356
1153 409
1153 422
1153 1100
1153 1220
1153 1409
1153 1554
1154 2
1154 10
1154 64
1154 104
1154 128
1154 258
1154 456
1154 512
1154 624
1154 811
1154 1026
1154 1140
1154 1816
1155 64
1155 113
1155 1305
1155 2035
1156 73
1156 166
1156 518
1156 522
1156 706
1156 865
1156 1060
1156 1464
1156 1552
1156 1848
1156 1881
1157 41
1157 281
1157 290
1157 521
1157 705
1157 798
1157 998
1157 1060
1157 1545
1158 256
1158 274
1158 388
1158 613
1158 1196
1159 60
1159 83
1159 393
1160 2
1160 64
1160 98
1160 102
1160 188
1160 304
1160 384
1160 412
1160 808
1160 1053
1160 1057
1160 1088
1160 1165
1160 1280
1160 1302
1160 1792
1161 204
1161 544
1161 672
1161 1890
1161 1941
1162 39
1162 171
1162 200
1162 278
1162 288
1162 676
1162 809
1162 1128
1162 1286
1162 1579
1162 1732
1162 1811
1163 39
1163 133
1164 51
1164 92
1164 1057
1164 1238
1164 1240
1164 1282
1165 160
1165 400
1165 762
1165 792
1165 952
1165 1071
1165 1860
1166 97
1166 769
1166 1312
1167 74
1167 275
1167 325
1167 539
1167 1551
1167 1808
1168 0
1168 16
1168 88
1168 321
1168 641
1168 1024
1168 1040
1168 1380
1168 1856
1169 49
1169 260
1169 1420
1169 1592
1170 7
1170 72
1170 88
1170 417
1170 891
1170 1122
1170 1166
1170 1460
1171 228
1171 272
1171 288
1171 305
1171 646
1171 1040
1172 42
1172 107
1172 388
1172 504
1172 1028
1172 1124
1172 1126
1172 1173
1172 1600
1172 1618
1173 56
1173 310
1173 1632
1174 276
1174 450
1174 522
1174 1198
1174 1873
1175 6
1175 12
1175 784
1175 1280
1175 1424
1176 65
1176 102
1176 113
1176 179
1176 323
1176 396
1176 520
1176 553
1176 640
1176 1025
1176 1966
1177 0
1177 12
1177 225
1177 402
1177 1042
1177 1601
1178 80
1178 360
1178 514
1178 1062
1178 1086
1178 1309
1178 1867
1179 230
1179 580
1179 1035
1180 5
1180 76
1180 358
1180 1072
1180 1194
1180 1536
1180 1542
1181 1169
1182 633
1182 800
1182 1045
1182 1189
1182 1703
1182 1930
1183 1033
1184 4
1184 90
1184 118
1184 259
1184 320
1184 530
1184 802
1184 812
1184 1088
1185 1
1185 8
1185 11
1185 66
1185 538
1185 593
1185 806
1185 1034
1185 1394
1185 1559
1186 0
1186 67
1186 293
1186 384
1186 512
1186 536
1186 665
1186 1348
1187 76
1187 201
1187 776
1187 777
1187 1396
1187 1670
1188 58
1188 132
1188 162
1188 213
1188 465
1188 801
1188 804
1189 128
1189 537
1189 584
1189 592
1189 804
1189 865
1189 1036
1189 1282
1189 1417
1190 40
1190 171
1190 512
1190 1152
1190 1452
1190 1959
1191 21
1191 768
1191 896
1191 1002
1191 1073
1192 139
1192 258
1192 1946
1193 32
1193 64
1193 518
1193 1188
1193 1825
1194 36
1194 77
1194 204
1194 640
1194 1210
1195 33
1195 160
1195 404
1195 656
1195 973
1196 27
1196 148
1196 1201
1196 1536
1196 1668
1197 149
1197 724
1198 129
1198 265
1198 574
1198 841
1199 1035
1199 1112
1200 44
1200 472
1200 528
1200 579
1200 1098
1200 1125
1200 1216
1200 1573
1200 1632
1201 0
1201 20
1201 168
1201 689
1201 1801
1202 54
1202 68
1202 155
1202 1028
1203 20
1204 16
1204 164
1204 1043
1204 2035
1205 83
1205 173
1205 1238
1205 1336
1206 418
1206 1664
1207 1089
1209 74
1209 304
1209 617
1209 666
1209 822
1209 1246
1209 1322
1209 1541
1210 270
1210 384
1210 1336
1211 1255
1211 1616
1212 304
1214 322
1214 904
1215 227
1216 21
1216 40
1216 88
1216 92
1216 292
1216 1024
1216 1635
1216 1694
1217 178
1217 269
1217 584
1217 640
1217 723
1218 32
1218 261
1218 1047
1219 336
1219 564
1219 634
1219 1454
1220 2
1220 27
1220 309
1220 330
1220 340
1220 578
1220 672
1220 880
1220 960
1220 1291
1220 1578
1221 5
1221 6
1222 561
1222 918
1222 1028
1222 1168
1223 165
1223 642
1224 145
1224 266
1224 386
1224 387
1224 564
1224 1160
1224 1482
1224 1494
1224 1566
1225 5
1225 80
1225 148
1225 962
1225 1603
1225 1667
1226 28
1226 258
1226 1762
1227 6
1227 1545
1228 138
1228 224
1228 225
1228 485
1228 608
1229 18
1229 108
1229 256
1229 295
1229 744
1229 1026
1229 1099
1229 1283
1230 80
1230 835
1230 1128
1230 1345
1231 8
1231 1344
1232 69
1232 146
1232 262
1232 348
1232 451
1232 532
1232 560
1232 1039
1232 1262
1232 1293
1232 1305
1233 78
1233 292
1233 514
1234 70
1234 108
1234 389
1234 800
1234 1132
1234 1842
1235 306
1235 321
1235 678
1235 1811
1236 706
1236 708
1236 1036
1236 1692
1237 128
1238 713
1238 1066
1238 1173
1239 205
1240 140
1240 386
1240 488
1240 900
1240 1156
1241 81
1241 320
1241 1035
1242 192
1242 353
1242 437
1243 3
1243 91
1243 1397
1244 153
1244 514
1244 1577
1245 1286
1245 1476
1246 384
1246 705
1247 196
1247 1472
1248 200
1248 512
1248 1040
1248 1089
1249 1
1249 20
1249 52
1249 388
1249 522
1249 905
1249 1442
1250 648
1250 1828
1251 768
1252 12
1252 48
1252 272
1252 395
1253 8
1253 48
1255 773
1256 2
1256 1039
1256 1089
1256 1538
1256 1539
1257 562
1257 1056
1257 1521
1257 1690
1257 1760
1258 4
1258 256
1258 1216
1258 1834
1259 0
1259 514
1259 1910
1260 139
1261 12
1261 745
1261 1048
1261 1156
1261 1420
1261 1479
1262 97
1262 796
1263 1604
1264 448
1264 454
1264 1038
1265 404
1265 1186
1265 1801
1265 1812
1266 148
1266 582
1266 785
1266 1103
1266 1885
1267 244
1267 401
1267 955
1268 1577
1268 1776
1269 51
1269 896
1269 1313
1270 624
1270 1473
1271 84
1271 204
1272 7
1272 18
1272 257
1272 1708
1273 617
1273 1665
1274 1185
1274 1892
1275 5
1275 1991
1276 136
1276 388
1276 1515
1278 64
1278 694
1279 211
1280 6
1280 8
1280 33
1280 36
1280 68
1280 286
1280 385
1280 560
1280 1043
1280 1048
1280 1189
1280 1375
1280 1463
1280 1596
1280 1805
1280 1808
1280 1984
1281 32
1281 34
1281 38
1281 120
1281 129
1281 522
1281 592
1281 610
1281 769
1281 778
1281 860
1281 1282
1281 1570
1281 1894
1281 1988
1282 100
1282 208
1282 225
1282 384
1282 780
1282 793
1282 1202
1283 0
1283 1201
1283 1296
1284 37
1284 150
1284 161
1284 308
1284 324
1284 554
1284 1025
1284 1580
1284 1654
1284 1844
1285 148
1285 186
1285 517
1286 94
1286 593
1286 706
1286 1312
1287 257
1287 698
1287 1104
1287 1182
1287 1546
1287 1840
1288 12
1288 97
1288 267
1288 1040
1289 148
1289 612
1289 1028
1289 1089
1289 1214
1290 20
1290 196
1290 258
1290 306
1290 768
1291 19
1291 38
1291 88
1291 549
1291 1094
1292 105
1292 352
1292 406
1292 522
1292 546
1292 801
1293 96
1293 262
1293 264
1293 427
1293 684
1293 980
1293 994
1294 1368
1295 259
1296 1
1296 384
1296 513
1296 532
1296 750
1296 1224
1296 1739
1296 1815
1297 8
1297 25
1297 72
1297 450
1297 556
1297 582
1297 592
1297 658
1297 898
1297 1026
1297 1778
1298 14
1298 19
1298 673
1298 691
1298 1098
1298 1272
1298 1521
1298 1698
1299 914
1299 1028
1299 1196
1299 1678
1300 10
1300 350
1300 1549
1300 1685
1301 16
1301 230
1301 273
1301 532
1301 589
1301 677
1302 1372
1303 1076
1303 1481
1303 1916
1304 24
1304 177
1304 192
1304 528
1304 580
1304 904
1304 1147
1304 1361
1304 1673
1304 1824
1305 68
1305 169
1305 436
1305 1048
1305 1184
1305 1800
1305 1952
1306 0
1306 160
1306 1127
1308 421
1308 954
1309 2
1309 36
1309 38
1309 91
1309 530
1311 84
1311 1270
1312 513
1312 820
1312 841
1312 1036
1312 1855
1312 1860
1313 130
1313 389
1313 476
1313 596
1313 624
1313 786
1313 1544
1314 69
1314 82
1314 144
1314 296
1314 558
1314 644
1314 966
1314 1031
1314 1064
1315 102
1315 945
1316 12
1316 66
1316 393
1316 776
1316 921
1316 1126
1317 1
1317 52
1317 72
1317 153
1317 392
1317 448
1317 1949
1318 10
1318 616
1318 668
1318 792
1318 832
1319 17
1319 88
1319 147
1319 322
1319 512
1320 429
1320 641
1320 658
1320 1300
1320 1728
1320 1845
1320 1964
1321 20
1321 289
1321 581
1322 69
1322 641
1322 1572
1323 962
1324 258
1324 709
1324 756
1324 1087
1324 1192
1324 1490
1325 686
1325 793
1326 106
1326 1152
1326 1586
1327 86
1328 1
1328 276
1328 462
1328 820
1329 138
1329 518
1329 824
1329 1348
1329 1696
1329 1961
1330 285
1330 580
1330 1027
1330 1033
1330 1289
1330 1840
1331 80
1331 128
1331 558
1331 564
1332 53
1332 787
1333 6
1333 644
1333 668
1333 1808
1334 13
1334 16
1334 80
1334 98
1334 1600
1334 1682
1335 1672
1335 2033
1336 33
1336 148
1336 1765
1337 0
1337 5
1337 144
1337 540
1337 1248
1338 320
1338 418
1338 792
1339 596
1339 1360
1340 128
1340 450
1340 528
1340 1412
1341 23
1341 130
1341 512
1341 1280
1341 1808
1342 277
1344 4
1344 16
1344 85
1344 265
1344 295
1344 395
1344 1032
1344 1034
1344 1065
1344 1426
1344 1570
1344 1683
1344 1800
1344 1882
1345 64
1345 65
1345 134
1345 148
1345 218
1345 272
1345 587
1345 588
1345 609
1345 775
1345 948
1345 1432
1345 1715
1345 1810
1346 579
1346 1317
1346 1793
1347 466
1347 616
1347 1281
1347 1800
1348 116
1348 258
1348 528
1348 754
1348 768
1348 1195
1348 1544
1349 262
1349 433
1349 520
1349 534
1349 773
1349 912
1349 1088
1349 1248
1350 12
1350 144
1350 1126
1350 1151
1350 1315
1350 1737
1351 48
1351 420
1351 1792
1352 60
1352 813
1352 1024
1352 1089
1352 1105
1353 84
1353 393
1353 529
1353 704
1353 1191
1353 1366
1353 1730
1354 32
1354 162
1354 588
1354 804
1355 1584
1356 3
1356 60
1356 182
1356 280
1356 640
1356 1428
1356 1542
1356 1840
1357 544
1357 663
1357 784
1358 516
1358 1421
1358 1917
1360 137
1360 332
1360 584
1360 1088
1360 1184
1360 1644
1361 776
1361 1103
1361 1200
1362 9
1362 248
1362 424
1362 804
1362 1002
1362 1393
1363 60
1363 544
1363 585
1363 1409
1364 64
1365 328
1366 45
1366 164
1366 595
1366 1378
1367 184
1367 976
1367 1072
1368 5
1368 108
1368 464
1368 646
1368 1250
1369 132
1369 162
1370 672
1370 1024
1370 1687
1371 310
1371 330
1372 1072
1372 1856
1373 5
1374 1512
1374 1554
1375 1256
1376 0
1376 263
1376 786
1376 1187
1376 1330
1376 1348
1377 22
1377 109
1377 1984
1378 757
1378 1092
1378 1346
1379 226
1379 1198
1379 1347
1379 1841
1379 1956
1380 74
1380 584
1380 1101
1380 1313
1380 1640
1380 1688
1380 1863
1381 34
1381 600
1381 1042
1382 140
1382 441
1382 1090
1382 1644
1383 1620
1384 213
1384 644
1384 817
1384 1824
1385 6
1385 168
1385 262
1385 616
1385 844
1385 1094
1386 2
1386 160
1386 587
1386 952
1386 1764
1387 402
1387 640
1387 642
1387 1350
1387 1622
1388 166
1388 1053
1388 1114
1388 1711
1389 1553
1389 1673
1391 145
1392 100
1392 328
1392 480
1392 769
1392 1073
1392 1640
1393 546
1393 793
1393 890
1393 1168
1393 1576
1393 1664
1394 1488
1396 517
1396 1506
1398 24
1398 216
1398 1668
1399 0
1399 385
1400 1027
1401 1157
1401 1557
1402 172
1402 579
1402 1156
1402 1805
1404 184
1404 324
1404 512
1405 20
1405 1168
1406 618
1408 42
1408 268
1408 658
1408 806
1408 869
1408 1061
1408 1076
1408 1161
1409 14
1409 304
1409 352
1409 516
1409 521
1409 529
1409 583
1409 1156
1409 1192
1410 71
1410 136
1410 240
1410 544
1410 770
1410 1240
1410 1901
1411 1
1411 66
1411 164
1411 354
1411 1541
1412 8
1412 192
1412 289
1412 451
1412 514
1412 631
1412 797
1412 1128
1413 9
1413 513
1413 1355
1414 29
1414 66
1414 560
1414 1633
1415 773
1416 14
1416 136
1416 260
1416 1210
1416 1698
1416 1817
1417 6
1417 92
1417 474
1417 1120
1418 7
1418 69
1418 74
1418 390
1418 1433
1418 1843
1419 36
1419 145
1419 575
1419 1568
1420 7
1420 264
1420 711
1420 1584
1421 75
1421 146
1422 248
1422 531
1422 1648
1424 48
1424 385
1424 390
1424 481
1424 518
1424 1034
1424 1388
1424 1394
1425 1025
1425 1036
1426 19
1426 68
1426 118
1426 929
1426 1052
1426 1924
1427 0
1428 135
1428 256
1428 288
1429 438
1430 52
1430 149
1431 1058
1431 1558
1432 352
1432 416
1432 792
1432 798
1432 1036
1432 1196
1433 140
1434 1237
1435 72
1435 659
1436 16
1437 621
1437 774
1437 915
1438 9
1438 276
1438 737
1438 1034
1438 1133
1438 1408
1439 177
1439 482
1439 1252
1440 76
1440 106
1440 344
1440 607
1440 636
1440 1096
1440 1182
1441 769
1441 1172
1441 1584
1441 1675
1442 276
1442 445
1442 796
1442 1616
1443 300
1443 690
1443 1813
1444 3
1444 48
1444 726
1444 1024
1445 37
1445 64
1446 17
1446 1408
1448 852
1448 1088
1450 338
1450 548
1450 1122
1450 1309
1450 1812
1451 384
1451 705
1451 1024
1452 49
1452 1034
1453 312
1453 1278
1454 96
1454 1024
1454 1044
1454 1226
1454 1681
1455 172
1455 1314
1456 97
1456 610
1456 820
1458 29
1458 809
1458 920
1458 1044
1459 38
1459 550
1459 1776
1460 808
1461 193
1461 273
1461 1536
1462 7
1462 545
1463 1564
1464 96
1464 1157
1465 817
1465 1657
1466 34
1466 277
1466 541
1466 772
1466 1089
1466 1560
1470 40
1470 199
1470 450
1472 66
1472 512
1472 527
1472 704
1472 1600
1473 2
1474 0
1474 436
1474 1071
1474 1416
1475 64
1475 98
1475 534
1476 99
1476 140
1476 392
1476 784
1477 51
1477 75
1477 1678
1477 1720
1478 467
1478 1037
1479 17
1479 530
1479 1050
1479 1616
1479 1713
1480 17
1480 549
1480 881
1480 1592
1481 73
1481 92
1481 134
1481 804
1481 1233
1481 1432
1482 659
1484 119
1484 309
1484 650
1484 1921
1485 1972
1487 1345
1487 1664
1488 1
1488 32
1488 76
1488 434
1489 80
1489 287
1490 22
1490 165
1490 1044
1490 1796
1490 1920
1491 88
1491 1025
1492 776
1492 1028
1493 41
1493 128
1493 262
1493 1068
1494 48
1494 169
1494 384
1494 1112
1494 1638
1496 65
1496 314
1496 800
1496 1052
1497 0
1499 48
1499 66
1502 82
1503 1674
1504 32
1504 129
1504 1602
1505 10
1505 38
1505 770
1506 170
1506 204
1506 360
1506 532
1506 1603
1507 260
1507 261
1507 385
1507 906
1507 1560
1508 12
1508 34
1508 100
1509 294
1509 576
1509 626
1510 215
1511 67
1511 348
1513 442
1513 578
1513 584
1513 1103
1514 4
1514 13
1514 162
1515 1266
1516 80
1516 1321
1517 323
1518 67
1519 93
1519 1822
1520 1024
1521 72
1521 1437
1524 4
1524 214
1524 908
1525 24
1525 532
1526 876
1528 21
1532 608
1533 489
1533 1794
1536 10
1536 12
1536 65
1536 116
1536 137
1536 141
1536 209
1536 256
1536 375
1536 550
1536 1288
1536 1366
1537 48
1537 134
1537 140
1537 267
1537 324
1537 524
1537 755
1537 848
1537 883
1537 1174
1537 1184
1538 40
1538 128
1538 292
1538 496
1538 656
1538 1604
1538 1800
1539 303
1539 516
1539 569
1539 1186
1539 1222
1539 1292
1539 1421
1540 46
1540 78
1540 256
1540 290
1540 519
1540 654
1540 709
1540 1042
1540 1055
1540 1335
1540 1684
1540 1921
1541 200
1541 232
1541 289
1541 338
1541 352
1541 516
1541 1072
1541 1090
1542 32
1542 98
1542 326
1542 362
1542 907
1542 1153
1543 66
1543 149
1543 264
1543 273
1543 522
1543 1121
1544 20
1544 22
1544 64
1544 82
1544 170
1544 513
1544 562
1544 569
1544 610
1544 642
1544 770
1544 1136
1544 1298
1544 1321
1544 1430
1544 1612
1545 74
1545 96
1545 392
1545 528
1545 788
1545 1123
1546 76
1546 136
1546 148
1546 225
1546 500
1546 1069
1546 1299
1546 1792
1546 1796
1546 1923
1547 581
1547 872
1547 1079
1548 72
1548 152
1548 256
1548 533
1548 1226
1549 0
1549 599
1549 768
1549 1180
1549 1227
1549 1476
1549 1926
1551 1155
1552 77
1552 807
1552 930
1552 933
1552 1406
1552 1490
1552 1673
1553 4
1553 82
1553 144
1553 202
1553 313
1553 321
1553 376
1553 686
1553 812
1553 1025
1553 1026
1553 1232
1553 1249
1553 1281
1553 1792
1554 0
1554 9
1554 57
1554 66
1554 579
1554 781
1554 1072
1555 208
1555 304
1555 1316
1555 2017
1556 2
1556 98
1556 194
1556 522
1556 536
1556 1044
1556 1181
1556 1217
1557 132
1557 1339
1557 1381
1558 0
1558 11
1558 73
1558 594
1558 1037
1559 161
1559 858
1559 1358
1560 94
1560 130
1560 392
1560 581
1560 596
1560 642
1560 953
1560 1056
1560 1132
1561 121
1562 76
1562 584
1562 774
1563 1472
1564 647
1565 74
1566 725
1566 1067
1566 1133
1566 1300
1567 48
1567 1555
1568 0
1568 6
1568 68
1568 213
1568 253
1568 358
1568 596
1568 731
1568 1042
1568 1155
1568 1546
1569 8
1569 43
1569 44
1569 161
1569 724
1569 774
1569 1316
1569 1548
1570 16
1570 136
1570 612
1570 944
1570 1110
1570 1242
1570 1569
1570 1589
1570 1633
1571 10
1571 80
1571 577
1571 816
1572 1
1572 15
1572 73
1572 164
1572 203
1572 260
1572 657
1573 775
1573 1216
1574 70
1574 96
1574 289
1574 398
1574 1603
1575 288
1575 429
1575 594
1575 808
1575 910
1575 966
1575 1031
1575 1351
1576 40
1576 128
1576 130
1576 512
1576 1408
1576 1572
1576 1614
1577 148
1577 257
1577 672
1577 1046
1577 1158
1577 1440
1578 440
1578 581
1578 992
1578 1317
1579 61
1579 240
1579 1158
1579 1197
1580 305
1580 808
1580 1424
1581 619
1581 1161
1582 1361
1582 1365
1582 1585
1582 1723
1582 1797
1583 13
1583 264
1584 4
1584 1151
1584 1251
1584 1536
1585 21
1585 22
1585 130
1585 161
1585 454
1585 548
1585 1416
1586 8
1586 10
1586 488
1586 592
1586 771
1586 1449
1587 602
1587 1639
1588 256
1588 985
1588 1580
1589 208
1589 256
1589 576
1589 1114
1589 1192
1590 98
1592 9
1592 139
1592 144
1592 150
1592 358
1592 912
1592 960
1592 1298
1593 528
1594 330
1594 1047
1595 496
1595 1307
1595 1809
1597 313
1598 54
1598 128
1598 1256
1598 1281
1598 1345
1598 1349
1599 131
1600 75
1600 112
1600 137
1600 263
1600 332
1600 400
1600 513
1600 522
1600 716
1600 741
1600 1229
1600 1306
1600 1328
1600 1346
1600 1410
1600 1920
1601 14
1601 128
1601 136
1601 268
1601 1128
1602 65
1602 101
1602 113
1602 402
1602 434
1602 552
1602 561
1602 900
1602 1016
1602 1048
1602 1058
1603 2
1603 1638
1604 0
1604 1059
1604 1106
1604 1408
1604 1801
1605 64
1605 90
1605 132
1605 296
1605 592
1606 65
1606 163
1606 164
1606 554
1607 19
1607 1112
1608 260
1608 321
1608 1104
1608 1472
1608 1568
1609 64
1609 124
1609 257
1609 304
1609 515
1609 1065
1609 1145
1610 207
1610 824
1610 899
1610 1294
1611 48
1611 329
1611 346
1611 529
1611 1669
1612 36
1612 280
1612 547
1613 128
1613 403
1613 649
1613 1282
1613 1378
1613 1669
1614 40
1614 343
1614 800
1614 907
1614 1416
1615 385
1615 1770
1616 218
1616 323
1616 603
1616 854
1616 1309
1616 1616
1616 1838
1617 75
1617 164
1617 328
1617 616
1617 987
1617 1284
1617 1592
1618 141
1618 664
1618 1344
1619 0
1619 528
1619 774
1620 98
1620 292
1620 542
1620 913
1621 24
1621 688
1622 177
1622 287
1622 1301
1623 256
1623 497
1623 576
1623 590
1623 1065
1625 80
1625 524
1625 580
1625 590
1625 641
1626 947
1626 1676
1628 16
1628 367
1629 293
1629 344
1629 774
1629 1412
1630 1
1630 264
1631 1313
1632 174
1632 175
1632 202
1632 472
1632 523
1632 792
1632 935
1632 1152
1632 1322
1632 1417
1632 1669
1633 3
1633 339
1633 1025
1633 1568
1634 75
1634 1762
1634 1778
1635 19
1635 1026
1635 1123
1636 260
1636 274
1636 408
1636 720
1637 81
1637 556
1637 1035
1637 1738
1638 7
1638 8
1638 15
1639 535
1640 413
1640 513
1640 612
1640 1539
1640 1688
1641 812
1641 1168
1641 1476
1642 1768
1643 101
1644 640
1644 1041
1644 1286
1645 344
1647 76
1647 468
1647 471
1648 8
1648 360
1648 411
1648 512
1648 1126
1649 7
1649 311
1649 675
1649 969
1649 1096
1650 20
1650 76
1650 148
1650 1068
1651 92
1652 43
1652 79
1652 409
1652 464
1652 1476
1653 42
1653 533
1654 178
1654 1098
1655 1076
1655 1549
1656 1104
1656 1408
1656 1859
1657 18
1658 1058
1660 7
1661 264
1662 180
1662 200
1662 776
1664 1
1664 25
1664 122
1664 141
1664 285
1664 288
1664 320
1664 364
1664 796
1664 865
1664 1025
1664 1097
1664 1100
1664 1184
1664 1593
1665 40
1665 848
1665 988
1665 1040
1665 1291
1665 1293
1666 258
1666 456
1666 481
1666 1177
1666 1920
1667 2
1667 448
1667 468
1667 544
1667 580
1667 738
1667 1020
1667 1058
1667 1888
1668 4
1668 256
1668 600
1668 611
1668 1267
1668 1313
1668 1547
1669 32
1669 386
1669 1297
1669 1384
1670 466
1670 512
1670 876
1670 900
1671 32
1671 74
1671 1040
1672 23
1672 137
1672 203
1672 257
1672 390
1672 856
1672 1217
1672 1554
1673 106
1673 660
1673 1284
1673 1462
1673 1836
1674 906
1676 896
1676 1031
1677 1326
1678 321
1679 514
1679 712
1679 1306
1679 1744
1680 544
1680 993
1680 1046
1680 1047
1681 133
1681 416
1681 1096
1681 1282
1681 1436
1681 1474
1682 321
1682 334
1682 680
1682 929
1683 152
1683 420
1683 1240
1684 578
1684 1542
1684 1554
1685 12
1685 77
1685 129
1685 342
1685 1292
1685 1588
1686 1032
1686 1161
1686 1729
1686 2004
1688 19
1688 102
1688 166
1688 606
1688 778
1688 1552
1689 337
1689 392
1690 19
1691 1348
1691 1494
1692 1
1693 525
1695 24
1695 1800
1696 112
1696 128
1696 194
1696 1168
1696 1216
1696 1282
1696 1312
1696 1323
1696 1384
1696 1593
1697 128
1697 516
1697 1100
1697 1453
1697 1487
1698 517
1698 1154
1698 1281
1698 1313
1699 680
1699 1108
1700 46
1700 78
1700 834
1700 937
1700 1052
1701 3
1701 8
1701 36
1701 288
1701 1213
1701 1815
1702 593
1702 1312
1703 1124
1704 305
1704 321
1704 514
1704 550
1704 684
1704 704
1704 976
1704 1028
1704 1069
1704 1228
1704 1314
1705 107
1705 808
1706 0
1706 27
1706 272
1706 388
1706 514
1706 543
1706 586
1706 1061
1706 1311
1707 114
1708 641
1708 1057
1708 1101
1709 64
1709 801
1710 140
1710 224
1710 1076
1711 96
1711 640
1712 131
1712 168
1712 526
1712 539
1712 973
1712 1538
1713 56
1713 66
1713 222
1714 0
1714 694
1716 115
1717 35
1717 1089
1717 1813
1718 136
1719 1292
1720 27
1720 95
1720 1635
1721 70
1721 1888
1722 540
1722 562
1722 800
1724 200
1724 283
1724 649
1724 977
1725 358
1725 1048
1725 1704
1728 613
1728 652
1728 1174
1728 1204
1728 1589
1729 364
1729 1198
1729 1208
1729 1310
1730 774
1730 1040
1731 48
1732 60
1732 593
1733 258
1733 360
1733 725
1733 758
1733 1552
1733 1565
1734 428
1734 1045
1735 14
1735 40
1735 44
1735 1104
1735 1597
1736 70
1736 768
1736 790
1736 878
1737 2
1737 162
1737 293
1737 386
1737 1440
1738 97
1738 880
1738 1673
1739 1326
1740 85
1740 712
1741 1060
1743 32
1743 34
1744 781
1744 1331
1744 1671
1744 1699
1744 1817
1745 305
1745 1281
1745 1572
1746 928
1746 1388
1747 952
1747 1467
1748 41
1748 1153
1749 112
1749 128
1750 1762
1750 1797
1751 789
1752 105
1752 211
1752 513
1752 522
1753 8
1753 64
1753 454
1755 1284
1756 656
1756 896
1756 1550
1756 1843
1759 401
1760 34
1760 40
1760 256
1760 360
1760 1359
1761 1
1761 2
1761 41
1761 163
1761 1057
1761 1090
1762 80
1762 116
1762 1426
1763 270
1763 417
1763 1056
1764 8
1764 72
1764 140
1764 852
1766 288
1766 567
1768 2
1768 8
1768 10
1768 170
1768 274
1768 521
1768 608
1768 647
1768 1206
1769 68
1769 448
1770 1586
1771 388
1771 440
1771 1249
1771 1622
1772 45
1772 584
1773 8
1773 277
1774 192
1775 1038
1775 1301
1776 325
1776 1202
1777 26
1777 386
1777 656
1779 10
1779 963
1779 1469
1781 645
1782 553
1782 1366
1782 1562
1786 16
1786 272
1786 1029
1786 1072
1787 9
1787 49
1790 204
1790 724
1790 866
1790 1095
1792 0
1792 8
1792 131
1792 198
1792 320
1792 592
1792 641
1792 656
1792 1238
1792 1635
1792 1701
1792 1793
1793 2
1793 9
1793 28
1793 452
1793 520
1793 1160
1793 1350
1793 1538
1793 1590
1793 1644
1794 1
1794 20
1794 82
1794 136
1794 367
1794 552
1794 579
1794 664
1794 697
1794 768
1794 1057
1794 1839
1795 26
1795 270
1795 559
1795 636
1795 716
1795 1156
1795 1546
1795 1634
1796 836
1797 432
1797 712
1797 1540
1798 17
1798 72
1798 512
1798 1320
1798 1553
1799 196
1799 521
1799 626
1799 1105
1800 51
1800 70
1800 259
1800 1048
1801 7
1801 44
1801 162
1801 256
1801 262
1801 512
1801 1221
1801 1827
1802 105
1802 241
1802 448
1802 1163
1802 1708
1803 470
1803 1192
1804 65
1804 1298
1805 800
1805 1216
1806 114
1807 132
1807 1492
1808 10
1808 18
1808 67
1808 188
1808 512
1808 937
1808 1047
1809 51
1809 134
1809 772
1809 905
1809 1025
1809 1056
1809 1994
1810 62
1810 226
1810 545
1810 710
1810 774
1810 1278
1811 215
1811 628
1811 659
1811 1280
1812 12
1812 770
1812 1101
1812 1364
1813 18
1813 24
1814 170
1814 258
1815 141
1815 196
1815 243
1816 131
1816 1296
1817 45
1817 171
1817 267
1817 280
1817 1041
1818 76
1818 471
1819 705
1820 1000
1821 456
1821 616
1821 723
1821 1016
1821 1057
1821 1128
1822 1032
1824 2
1824 4
1824 16
1824 32
1824 74
1824 340
1824 513
1824 816
1824 1039
1824 1064
1824 1360
1824 1537
1825 6
1825 72
1825 330
1825 796
1825 1984
1826 46
1826 109
1826 905
1826 1089
1827 93
1827 132
1827 407
1828 27
1828 268
1828 520
1828 672
1828 1809
1828 1844
1829 192
1829 1464
1830 40
1830 644
1830 1017
1831 257
1832 544
1832 1036
1833 875
1834 324
1834 536
1834 1057
1835 5
1835 1588
1836 3
1840 1808
1841 103
1841 514
1841 1128
1842 385
1842 836
1843 304
1844 1257
1845 595
1845 776
1845 805
1846 5
1846 16
1846 136
1846 1121
1847 4
1847 1044
1848 21
1848 512
1848 776
1848 1385
1849 1032
1850 21
1850 916
1850 1070
1852 108
1853 1108
1856 17
1856 116
1856 280
1856 1028
1856 1029
1857 22
1857 42
1857 1070
1858 172
1858 680
1858 754
1858 1074
1859 98
1859 189
1859 550
1860 72
1860 130
1860 221
1860 278
1860 896
1860 1024
1860 1203
1860 1440
1860 1700
1861 1158
1862 1064
1862 1430
1863 18
1863 307
1863 514
1863 584
1863 1242
1864 188
1864 201
1864 640
1864 1154
1865 73
1866 48
1866 513
1866 864
1866 1320
1866 1672
1868 289
1868 1097
1868 1227
1869 1096
1870 1030
1870 1188
1872 176
1872 388
1872 545
1872 566
1872 620
1872 654
1872 803
1872 841
1872 1058
1873 116
1873 400
1873 1580
1874 153
1874 386
1874 1296
1874 1316
1875 1424
1876 24
1876 73
1876 457
1876 1536
1877 532
1877 1032
1878 1
1878 324
1878 544
1878 1456
1879 1664
1880 920
1880 965
1880 1122
1880 1952
1881 192
1882 50
1882 83
1882 390
1882 1751
1883 176
1883 680
1885 2
1886 204
1888 68
1888 320
1888 1029
1888 1060
1888 1088
1888 1352
1888 1585
1889 56
1890 294
1890 449
1891 24
1892 172
1892 726
1892 817
1892 853
1893 256
1893 623
1894 648
1895 42
1896 105
1896 1747
1898 480
1898 582
1899 72
1899 464
1901 194
1902 528
1904 120
1904 1056
1904 1108
1904 1278
1905 394
1905 1082
1906 1189
1907 676
1908 26
1908 1036
1909 672
1910 587
1910 593
1912 100
1913 56
1913 457
1914 352
1916 544
1916 1968
1919 4
1920 656
1920 784
1920 968
1920 1032
1920 1636
1921 16
1921 183
1921 1028
1921 1505
1922 8
1922 256
1922 581
1922 1256
1922 1302
1922 1442
1923 16
1923 76
1923 83
1923 659
1924 1
1924 18
1924 128
1924 398
1924 870
1924 1038
1924 1217
1924 1225
1924 1306
1925 52
1925 241
1925 514
1925 585
1925 1545
1926 96
1926 267
1927 632
1927 1808
1928 75
1928 264
1928 535
1928 1555
1928 1605
1929 674
1929 1024
1929 1048
1929 1419
1930 84
1930 193
1930 521
1930 532
1930 1412
1931 1232
1931 1792
1932 98
1932 277
1932 376
1932 401
1932 1058
1932 1258
1933 816
1933 1044
1935 192
1936 4
1936 45
1936 756
1936 1025
1936 1027
1936 1281
1937 514
1937 781
1937 1736
1938 1194
1939 1
1939 37
1939 610
1940 161
1940 520
1940 556
1940 629
1940 1035
1940 1131
1940 1312
1941 618
1942 178
1943 120
1943 219
1943 295
1943 324
1944 4
1944 46
1944 288
1944 1044
1944 1699
1944 1827
1945 1
1945 16
1945 1216
1945 1282
1945 1345
1946 84
1946 156
1946 166
1946 577
1946 785
1946 1074
1947 392
1947 536
1949 37
1950 949
1952 6
1952 32
1952 48
1952 64
1952 72
1952 784
1952 1036
1952 1144
1952 1626
1952 1638
1953 33
1953 112
1953 1068
1954 912
1955 1696
1956 137
1956 1098
1956 1226
1956 1600
1957 713
1957 1656
1958 41
1958 1421
1958 1744
1959 229
1960 112
1960 196
1960 640
1960 732
1960 1072
1960 1558
1961 76
1961 144
1961 648
1962 14
1962 82
1963 277
1964 1101
1967 865
1968 770
1969 252
1969 261
1969 269
1969 684
1969 1138
1970 11
1970 1381
1971 82
1971 199
1972 1195
1973 192
1973 641
1974 1728
1975 1297
1976 464
1976 522
1976 1056
1976 1234
1977 1062
1979 96
1979 538
1981 1028
1982 65
1984 18
1984 52
1984 162
1984 357
1984 419
1984 1033
1985 630
1985 916
1985 1032
1986 103
1986 520
1986 536
1986 694
1987 35
1988 264
1989 904
1990 18
1990 674
1990 1072
1991 256
1991 310
1995 1144
1996 158
1996 256
1996 273
1996 296
1996 1153
1997 516
2000 27
2000 161
2000 681
2000 1466
2000 1942
2001 1050
2001 1089
2002 590
2004 0
2004 5
2004 514
2005 522
2005 784
2006 218
2006 1248
2007 10
2008 114
2008 264
2009 148
2009 1040
2010 512
2010 822
2011 358
2012 580
2015 275
2016 96
2016 150
2016 1427
2016 1557
2016 1969
2017 388
2018 74
2019 169
2019 1897
2020 848
2020 1040
2024 1601
2025 657
2025 997
2026 160
2027 95
2028 1899
2030 1118
2032 812
2032 843
2033 1210
2034 523
2036 138
2036 1685
2038 852
2041 1032
2041 1688
2044 1798
