# Synthetic Kronecker Graph 
# Edges are directed 
0 10
0 39
0 64
0 65
0 106
0 132
0 152
0 163
0 169
0 176
0 193
0 226
0 261
0 276
0 281
0 286
0 294
0 512
0 527
0 555
0 568
0 569
0 570
0 586
0 625
0 651
0 685
0 768
0 792
0 821
0 865
0 1024
0 1027
0 1044
0 1067
0 1068
0 1112
0 1140
0 1148
0 1154
0 1168
0 1176
0 1300
0 1312
0 1368
0 1539
0 1584
0 1796
1 3
1 11
1 102
1 115
1 156
1 160
1 259
1 316
1 320
1 328
1 420
1 483
1 568
1 674
1 728
1 897
1 938
1 1096
1 1197
1 1240
1 1633
2 49
2 130
2 148
2 195
2 232
2 268
2 381
2 519
2 552
2 688
2 718
2 784
2 872
2 897
2 1032
2 1189
2 1242
2 1249
2 1394
2 1413
2 1777
2 1785
2 1813
2 1814
2 1824
2 1890
3 6
3 33
3 68
3 100
3 131
3 521
3 978
3 1048
3 1049
3 1192
3 1237
3 1634
3 1686
3 1745
3 1858
4 6
4 26
4 31
4 69
4 226
4 256
4 267
4 272
4 512
4 514
4 579
4 648
4 656
4 682
4 719
4 1012
4 1152
4 1540
4 1668
4 1804
5 84
5 448
5 486
5 552
5 564
5 656
5 776
5 857
5 1027
5 1088
5 1121
5 1146
5 1506
5 1812
5 1928
6 1
6 88
6 129
6 140
6 194
6 224
6 520
6 521
6 544
6 643
6 649
6 744
6 904
6 1089
6 1139
6 1153
6 1189
6 1241
6 1472
6 1536
6 1682
7 130
7 182
7 576
7 696
7 715
7 816
7 832
7 1193
7 1281
7 1546
7 1569
8 2
8 9
8 32
8 43
8 64
8 80
8 81
8 98
8 105
8 192
8 266
8 322
8 384
8 400
8 438
8 536
8 568
8 578
8 585
8 607
8 670
8 772
8 1024
8 1042
8 1045
8 1057
8 1385
8 1561
8 1818
8 1996
8 1999
9 6
9 66
9 136
9 392
9 564
9 649
9 914
9 1003
9 1027
9 1028
9 1033
9 1034
9 1157
9 1348
9 1561
9 1626
9 1680
10 2
10 34
10 54
10 102
10 292
10 321
10 528
10 592
10 733
10 737
10 816
10 1067
10 1126
10 1128
10 1221
10 1231
10 1371
10 1577
10 1828
11 17
11 68
11 96
11 121
11 225
11 263
11 800
12 3
12 38
12 41
12 384
12 397
12 571
12 576
12 624
12 1088
12 1255
12 1929
13 4
13 257
13 305
13 406
13 576
13 712
13 898
13 1155
13 1288
13 1538
13 1691
13 1856
14 0
14 26
14 34
14 88
14 321
14 546
14 672
14 704
14 1312
14 1516
15 66
15 685
15 1536
16 0
16 1
16 6
16 25
16 26
16 33
16 76
16 129
16 130
16 174
16 183
16 208
16 219
16 238
16 260
16 290
16 320
16 384
16 398
16 648
16 1027
16 1047
16 1058
16 1317
16 1412
16 1545
17 18
17 65
17 80
17 114
17 172
17 264
17 280
17 296
17 364
17 512
17 530
17 553
17 593
17 774
17 1280
17 1313
17 1428
17 1604
17 1812
18 34
18 40
18 152
18 390
18 553
18 640
18 644
18 674
18 839
18 1046
18 1152
18 1219
18 1541
18 1673
18 1691
18 1738
19 4
19 98
19 129
19 196
19 359
19 546
19 556
19 591
19 1164
19 1472
19 1579
20 20
20 308
20 428
20 713
20 1088
20 1096
20 1124
20 1176
20 1320
20 1536
20 1672
20 1736
21 130
21 163
21 178
21 259
21 384
21 484
21 537
21 666
21 864
21 1024
21 1041
21 1090
21 1338
21 1413
21 1613
21 1616
21 1926
21 1942
22 580
22 592
22 840
22 896
22 1108
22 1156
22 1158
22 1386
22 1409
22 1441
22 1632
23 9
23 21
23 164
23 237
23 513
23 1072
23 1152
24 0
24 4
24 10
24 11
24 13
24 69
24 129
24 394
24 545
24 840
24 848
24 906
24 1148
24 1357
24 1390
24 1556
24 1665
24 1861
24 1922
24 1984
25 64
25 105
25 177
25 262
25 290
25 490
25 952
25 1168
25 1552
26 230
26 398
26 661
26 721
26 783
26 1112
26 1605
27 5
27 32
27 76
27 643
27 676
27 946
28 52
28 58
28 142
28 162
28 290
28 292
28 541
28 578
28 674
28 1168
28 1204
28 1253
28 1283
29 33
29 65
29 130
29 212
29 308
29 584
29 1022
29 1029
29 1186
29 1552
30 105
30 318
30 900
31 416
32 28
32 35
32 48
32 129
32 255
32 387
32 419
32 512
32 534
32 535
32 597
32 614
32 773
32 832
32 904
32 962
32 1040
32 1063
32 1162
32 1217
32 1410
32 1421
32 1589
32 1698
32 1857
33 4
33 35
33 50
33 302
33 304
33 381
33 532
33 580
33 960
33 1084
33 1696
34 0
34 64
34 537
34 541
34 706
34 774
34 1072
34 1109
34 1130
34 1280
34 1544
34 1824
35 1
35 138
35 261
35 314
35 404
35 519
35 530
35 770
35 890
35 1302
35 1601
35 1676
35 2008
36 80
36 296
36 452
36 697
36 855
36 896
36 1069
36 1302
36 1306
36 1856
37 26
37 50
37 65
37 194
37 298
37 640
37 655
37 739
37 896
37 994
37 1041
37 1096
37 1249
37 1315
37 1550
37 1744
37 1774
37 1792
37 1982
38 210
38 418
38 427
38 543
38 838
38 1032
38 1152
39 265
39 620
39 884
39 1346
39 1424
40 0
40 24
40 39
40 68
40 160
40 480
40 610
40 745
40 768
40 1059
40 1090
40 1140
40 1152
40 1288
40 1336
40 1378
40 1794
40 1833
41 0
41 2
41 8
41 66
41 448
41 548
41 672
41 708
41 736
41 1041
41 1088
42 20
42 80
42 96
42 160
42 200
42 269
42 387
42 520
42 636
42 784
42 872
42 1036
42 1357
43 0
43 116
43 282
43 289
43 652
44 48
44 146
44 771
44 880
44 1432
44 1540
44 1681
45 1
45 63
45 83
45 132
45 385
45 534
45 1068
45 1498
46 72
46 392
46 450
46 506
46 560
46 608
46 690
46 1113
46 1328
46 1558
47 1352
47 1569
48 0
48 3
48 12
48 24
48 44
48 128
48 512
48 1032
48 1106
48 1221
48 1408
48 1680
49 36
49 129
49 256
49 652
49 673
49 772
49 834
49 1094
49 1168
49 1546
49 1547
49 1992
50 224
50 256
50 301
50 386
50 608
50 631
50 740
50 1105
50 1284
50 1360
50 1466
50 1558
50 1961
51 36
51 53
51 73
51 294
51 300
51 528
51 576
51 824
51 1024
51 1520
52 17
52 32
52 132
52 184
52 192
52 489
52 657
52 1024
52 1068
52 1097
52 1130
52 1162
52 1258
52 1448
52 1962
53 224
53 493
53 1058
53 1204
53 1235
53 1548
53 1674
54 4
54 518
54 531
54 704
54 912
55 26
55 296
55 578
55 1103
55 1428
56 67
56 843
56 1101
57 40
57 120
57 352
57 560
57 706
57 773
57 1953
58 658
58 1106
58 1116
58 1559
59 34
59 262
59 280
59 498
59 1285
60 4
60 44
60 64
60 65
60 180
60 304
60 342
60 520
61 32
61 513
61 858
61 1024
62 1
62 89
62 140
62 743
64 11
64 24
64 84
64 96
64 288
64 320
64 486
64 557
64 1073
64 1229
64 1288
64 1414
64 1544
64 1600
64 1680
65 18
65 68
65 133
65 169
65 281
65 415
65 546
65 572
65 682
65 856
65 1031
65 1040
65 1152
65 1157
65 1160
65 1828
66 45
66 288
66 324
66 453
66 524
66 641
66 764
66 1056
66 1072
66 1252
66 1627
66 1926
66 1995
67 3
67 28
67 74
67 96
67 352
67 358
67 392
67 520
67 521
67 596
67 676
67 1240
67 1392
67 1809
68 80
68 96
68 130
68 132
68 144
68 148
68 154
68 201
68 320
68 397
68 453
68 583
68 641
68 804
68 822
68 1024
68 1405
68 1407
68 1617
68 1806
68 1924
69 50
69 60
69 129
69 165
69 256
69 320
69 512
69 544
69 661
70 1
70 265
70 384
70 900
70 1108
70 1445
70 1696
70 1963
71 37
71 171
71 389
71 1072
71 1105
71 1422
71 1572
71 1731
72 1
72 2
72 42
72 49
72 74
72 92
72 144
72 208
72 250
72 266
72 299
72 324
72 432
72 532
72 533
72 546
72 583
72 832
72 1025
72 1059
72 1066
72 1114
72 1121
72 1165
72 1184
72 1249
72 1298
72 1351
72 1424
72 1557
72 1572
72 1889
73 10
73 225
73 277
73 808
73 928
73 1141
73 1368
73 1384
73 1541
73 1767
74 16
74 32
74 64
74 94
74 384
74 601
74 834
74 1370
74 1542
74 1607
74 1668
75 285
75 399
75 512
75 782
75 1060
75 1252
75 1445
76 39
76 73
76 179
76 388
76 496
76 656
76 951
76 1185
76 1320
76 1408
76 1629
77 256
77 459
77 527
77 552
77 1026
77 1040
77 1194
77 1351
77 1731
78 5
78 104
78 132
78 518
78 557
78 987
78 1050
78 1156
78 1280
78 1410
79 261
79 641
80 19
80 42
80 136
80 247
80 576
80 769
80 771
80 784
80 828
80 845
80 857
80 896
80 1025
80 1224
80 1410
80 1483
81 6
81 142
81 260
81 464
81 513
81 832
81 1064
81 1800
81 1861
82 25
82 82
82 115
82 121
82 333
82 743
82 835
82 1009
83 39
83 212
83 1028
83 1031
83 1108
83 1285
83 1312
83 1568
84 132
84 139
84 1113
84 1169
84 1474
84 1697
84 1795
85 98
85 108
85 234
85 288
85 512
85 577
85 653
85 673
85 691
85 787
86 126
86 287
86 545
86 1313
86 1314
87 1569
88 4
88 33
88 48
88 65
88 93
88 643
88 801
88 802
88 1027
88 1392
88 1812
89 75
89 468
89 546
89 1064
89 1894
90 71
90 549
90 793
90 905
90 1056
90 1537
90 1596
91 749
91 1537
91 1540
91 1644
91 1888
92 5
92 48
92 49
92 135
92 1040
92 1060
92 1317
93 44
93 72
94 325
94 501
94 807
94 896
94 1045
94 1169
95 397
95 942
95 1056
95 1120
96 33
96 71
96 73
96 130
96 162
96 192
96 260
96 328
96 397
96 444
96 769
96 772
96 1037
96 1049
96 1405
96 1416
96 1539
96 1681
96 1696
97 28
97 43
97 161
97 207
97 566
97 640
97 1063
97 1074
97 1156
97 1200
97 1269
97 1280
98 269
98 513
98 1348
98 1595
98 1999
99 12
99 172
99 464
99 626
99 1417
99 1584
99 1664
100 274
100 384
100 520
100 610
100 672
100 967
100 1250
100 1963
101 1
101 17
101 27
101 165
101 321
101 332
101 586
101 771
101 1024
101 1064
101 1347
101 1458
101 1730
102 129
102 512
102 560
102 1056
102 1286
102 1732
103 257
103 537
103 1409
103 1898
104 10
104 147
104 330
104 384
104 387
104 706
104 1306
104 1433
105 8
105 32
105 682
105 1132
105 1280
106 8
106 23
106 66
106 394
106 1043
106 1130
106 1173
106 1468
106 1542
106 1572
107 333
107 529
107 552
107 978
107 1041
107 1175
107 1763
108 66
108 177
108 1025
108 1162
108 1553
109 1609
109 2000
110 105
110 1280
110 1681
110 1808
111 193
111 360
111 1708
111 1868
112 1
112 8
112 12
112 264
112 274
112 362
112 385
112 395
112 901
112 1036
112 1037
112 1105
112 1186
112 1289
113 134
113 320
113 554
113 1802
114 34
114 40
114 42
114 46
114 388
114 657
114 776
114 871
114 1313
114 1624
115 1
115 137
115 1569
116 279
116 355
116 555
116 924
116 1194
117 12
117 36
117 685
117 800
117 1363
118 0
118 8
118 32
118 129
118 641
119 103
120 70
120 171
120 273
120 289
120 325
120 660
120 791
120 848
120 1182
120 1185
120 1280
120 1583
120 1600
121 19
121 74
121 582
121 1027
121 1120
122 32
122 273
122 322
122 1629
122 1798
123 43
123 299
123 512
124 8
124 22
124 708
124 1540
125 562
125 644
125 822
125 1364
125 1545
126 1701
127 260
127 1216
128 20
128 98
128 99
128 146
128 240
128 271
128 284
128 292
128 328
128 337
128 418
128 451
128 536
128 592
128 710
128 739
128 802
128 838
128 864
128 965
128 1029
128 1036
128 1056
128 1160
128 1169
128 1288
128 1306
128 1348
128 1352
128 1441
128 1520
128 1540
128 1773
129 0
129 24
129 32
129 36
129 216
129 256
129 562
129 629
129 826
129 1170
129 1252
129 1298
129 1545
130 2
130 41
130 48
130 99
130 132
130 151
130 265
130 336
130 550
130 748
130 1024
130 1036
130 1100
130 1151
130 1156
130 1543
130 1808
130 1939
131 21
131 40
131 194
131 200
131 225
131 256
131 542
131 686
131 1030
131 1066
131 1073
131 1185
131 1674
131 1810
131 1893
132 2
132 8
132 18
132 30
132 258
132 260
132 576
132 1032
132 1060
132 1108
132 1280
132 1436
132 1537
132 1554
132 1745
132 1820
132 1888
132 1909
133 130
133 295
133 403
133 560
133 851
133 893
133 1076
133 1085
133 1702
134 6
134 29
134 228
134 516
134 1220
134 1600
134 1795
134 1825
135 320
135 512
135 848
135 1601
135 1604
136 59
136 64
136 68
136 290
136 330
136 360
136 424
136 528
136 544
136 865
136 1037
136 1216
136 1552
136 1620
136 1670
136 1840
136 1856
136 1984
137 8
137 20
137 33
137 61
137 80
137 99
137 241
137 260
137 320
137 525
137 557
137 1025
137 1040
137 1193
137 1196
137 1283
137 1288
137 1352
137 1482
137 1648
138 4
138 9
138 11
138 136
138 146
138 166
138 193
138 541
138 770
138 906
138 1160
138 1411
139 0
139 13
139 62
139 273
139 416
139 790
139 1169
139 1872
140 272
140 492
140 704
140 1184
141 10
141 114
141 196
141 272
141 320
141 800
141 1089
141 1418
141 1668
141 1708
142 26
142 129
142 237
142 384
142 794
143 128
143 256
143 536
143 1345
144 12
144 60
144 77
144 108
144 144
144 272
144 293
144 403
144 420
144 428
144 646
144 647
144 1044
144 1055
144 1632
144 1970
145 18
145 60
145 240
145 257
145 355
145 610
145 843
145 1044
145 1046
145 1412
146 12
146 44
146 80
146 140
146 152
146 205
146 208
146 266
146 386
146 786
146 796
146 1128
146 1589
147 72
147 317
147 589
147 852
147 1364
147 1936
148 0
148 3
148 14
148 15
148 64
148 160
148 243
148 705
148 825
148 1096
148 1976
148 1984
149 40
149 68
149 321
149 488
149 773
149 1184
149 1636
149 1718
150 234
150 759
150 904
150 1313
150 1319
151 9
151 172
151 552
151 1122
152 75
152 76
152 80
152 128
152 167
152 208
152 324
152 466
152 712
152 933
152 1121
152 1173
152 1292
152 1296
152 1583
152 1948
153 42
153 270
153 441
153 613
153 898
153 1152
153 1553
154 5
154 52
154 64
154 160
154 292
154 603
154 645
154 1028
154 1712
155 11
155 34
155 209
155 817
155 823
155 1036
155 1120
155 1680
155 1900
156 21
156 117
156 168
156 194
156 360
156 370
156 800
156 1088
156 1596
157 1
157 192
157 512
157 696
157 888
157 1423
158 169
158 289
158 1156
158 1288
159 41
159 1316
159 1612
160 0
160 65
160 159
160 181
160 275
160 352
160 384
160 550
160 577
160 643
160 971
160 1027
160 1298
160 1300
160 1325
160 1604
161 160
161 274
161 325
161 329
161 498
161 617
161 653
161 832
161 1156
161 1179
161 1220
161 1233
161 1505
161 1537
161 1730
162 15
162 54
162 117
162 145
162 210
162 419
162 569
162 648
162 768
162 1026
162 1217
162 1252
163 19
163 167
163 218
164 62
164 66
164 256
164 262
164 482
164 665
164 1332
164 1389
164 1476
165 33
165 36
165 69
165 121
165 1877
166 112
166 153
166 261
166 564
166 1088
166 1090
166 1685
167 224
167 645
167 716
168 8
168 34
168 140
168 291
168 722
168 1120
168 1176
169 27
169 45
169 130
169 416
169 644
169 1673
169 1842
170 95
170 832
170 1153
170 1512
171 143
171 392
171 607
171 640
171 768
172 73
172 162
172 212
172 305
172 720
172 1003
173 279
173 1166
174 1008
175 145
175 458
176 64
176 226
176 444
176 528
176 1248
176 1488
176 1666
176 1794
177 131
177 268
177 337
177 368
177 912
177 1828
178 113
178 328
178 398
178 596
178 1216
178 1330
178 1332
179 129
179 268
179 451
179 1072
180 1
180 14
180 193
180 220
180 264
180 417
180 459
180 1104
180 1658
180 1819
181 10
181 139
181 142
181 257
181 395
182 184
182 576
182 675
182 1036
182 1172
183 0
183 1
183 200
184 140
184 713
184 1697
184 1842
185 129
185 141
185 180
185 290
185 560
185 1092
185 1518
187 277
187 444
187 482
187 769
187 1026
187 1172
187 1381
188 4
188 806
188 1016
188 1296
188 1312
188 1796
189 548
189 588
190 129
190 234
190 554
190 1034
190 1314
191 1118
192 15
192 60
192 65
192 82
192 101
192 128
192 331
192 384
192 519
192 529
192 641
192 652
192 724
192 734
192 800
192 882
192 1052
192 1070
192 1156
192 1521
192 1574
192 1656
193 39
193 43
193 175
193 513
193 660
193 716
193 1141
193 2022
194 65
194 72
194 132
194 313
194 353
194 384
194 545
194 597
194 730
194 828
194 851
194 936
194 1060
194 1560
194 1696
194 1772
195 49
195 385
195 442
195 541
195 576
195 664
195 807
195 840
195 1288
195 1812
196 4
196 13
196 33
196 67
196 320
196 590
196 1013
196 1538
196 1920
197 6
197 16
197 65
197 170
197 209
197 290
197 386
197 531
197 773
197 1118
197 1664
197 1795
198 32
198 64
198 124
198 521
198 526
198 913
198 928
198 1025
198 1041
199 4
199 10
199 50
199 237
199 262
199 289
199 524
199 810
199 1137
200 32
200 392
200 552
200 851
200 1058
200 1304
200 1796
200 1809
201 681
201 1432
202 258
202 328
202 536
202 642
202 1136
202 1161
203 42
203 212
203 257
203 583
204 1080
204 1344
204 1809
205 39
205 113
205 314
205 1229
205 1414
206 592
207 1344
207 1384
208 2
208 32
208 34
208 68
208 146
208 273
208 274
208 284
208 616
208 1090
208 1842
209 13
209 114
209 529
209 976
209 1072
209 1184
210 0
210 13
210 82
210 544
210 577
210 1731
211 136
211 1028
211 1920
212 145
212 275
212 345
212 1047
212 1204
212 1424
212 1680
213 65
213 175
213 256
213 1292
213 1664
214 96
214 802
214 856
214 1280
215 436
215 553
215 1352
216 0
216 292
216 516
216 1280
216 1555
216 1631
216 1640
217 4
217 1032
217 1409
218 137
218 320
218 760
218 1218
218 1886
219 916
219 1378
220 19
220 120
220 257
220 402
220 578
220 778
221 1
221 1818
222 141
222 518
222 956
224 112
224 128
224 129
224 286
224 291
224 513
224 1026
224 1033
224 1072
224 1095
224 1641
225 384
225 576
225 600
225 704
225 752
225 1046
225 1144
225 1497
225 1825
226 65
226 98
226 126
226 280
226 512
226 594
226 1036
226 1112
226 1345
226 1696
226 1856
227 22
227 384
227 1063
227 1376
227 1601
227 1668
228 179
228 528
228 561
228 642
228 740
228 1572
228 1605
228 1698
229 3
229 40
229 524
229 999
229 1024
229 1027
230 19
230 21
230 284
230 328
230 776
230 1094
230 1290
230 1797
231 400
231 646
232 20
232 192
232 257
232 548
232 1024
232 1218
232 1416
232 1563
232 1801
233 272
233 479
234 81
234 260
234 281
234 295
234 349
234 770
234 1040
234 1536
234 1670
235 320
235 1686
236 1988
237 626
237 1586
238 24
238 682
238 1121
239 1847
240 39
240 128
240 155
240 256
240 282
240 344
240 401
240 1284
240 1666
240 1705
241 136
241 146
241 333
241 666
242 9
242 32
242 261
242 664
242 961
242 1048
242 1456
242 1505
243 1664
243 2005
244 36
244 66
244 257
244 736
245 1681
245 1891
246 72
246 525
247 1343
248 34
248 134
248 146
248 162
248 225
248 408
248 858
248 859
249 168
249 421
249 905
250 5
252 392
252 643
252 784
253 545
254 64
254 525
254 1792
255 98
255 323
256 13
256 16
256 41
256 99
256 130
256 136
256 180
256 207
256 224
256 242
256 258
256 272
256 288
256 320
256 362
256 512
256 547
256 577
256 594
256 708
256 1026
256 1058
256 1122
256 1131
256 1276
256 1283
256 1440
256 1766
257 82
257 132
257 136
257 199
257 288
257 376
257 449
257 548
257 985
257 1189
257 1240
257 1689
258 258
258 292
258 533
258 583
258 960
258 1030
258 1169
258 1261
258 1280
258 1351
258 1371
258 1482
258 1541
258 1565
258 1920
259 24
259 149
259 302
259 913
259 968
259 1041
259 1404
259 1962
260 25
260 32
260 72
260 256
260 278
260 282
260 512
260 521
260 586
260 769
260 1173
261 5
261 521
261 647
261 692
261 768
261 848
261 1032
261 1104
261 1280
261 1424
261 1824
261 1989
262 60
262 292
262 520
262 962
262 1463
262 1474
262 1990
263 48
263 339
263 577
263 857
263 1622
264 10
264 14
264 22
264 24
264 132
264 267
264 288
264 348
264 394
264 400
264 576
264 744
264 833
264 836
264 881
264 919
264 1202
264 1235
264 1268
264 1288
264 1541
264 1738
265 65
265 257
265 414
265 544
265 589
265 730
265 1092
266 32
266 38
266 144
266 163
266 246
266 270
266 583
266 930
266 984
266 1048
266 1112
266 1185
266 1187
267 32
267 258
267 769
267 900
267 1190
267 1399
267 1475
267 1792
268 120
268 1094
268 1220
268 1350
268 1392
268 1412
268 1624
268 1825
269 48
269 68
269 74
269 97
269 248
269 877
269 1024
269 1058
269 1241
270 4
270 30
270 58
270 132
270 185
270 304
270 386
270 641
271 50
271 457
271 644
271 650
271 1431
272 17
272 65
272 145
272 153
272 186
272 261
272 269
272 387
272 508
272 514
272 586
272 611
272 804
272 852
272 958
272 1027
272 1066
272 1096
272 1105
272 1172
272 1280
272 1844
273 6
273 352
273 432
273 512
273 831
273 1291
273 1298
273 1344
273 1512
273 1708
273 1797
273 1822
274 9
274 28
274 129
274 192
274 256
274 309
274 579
274 645
274 676
274 979
274 1102
274 1331
275 192
275 524
275 1088
275 1492
275 1762
276 12
276 100
276 273
276 544
276 546
276 821
277 161
277 195
277 528
277 553
277 777
277 825
277 1025
278 1
278 68
278 130
278 160
278 314
278 643
278 857
278 1046
278 1073
278 1150
278 1382
279 256
279 629
279 1228
280 123
280 134
280 206
280 215
280 595
280 608
280 738
280 1060
280 1224
281 7
281 32
281 288
281 438
281 528
281 706
281 904
281 1036
281 1682
282 16
282 266
282 1156
282 1168
283 268
283 516
283 1834
283 1856
284 64
284 102
284 104
284 204
284 228
284 640
284 766
284 1244
285 1
285 140
285 841
285 1227
285 1600
286 25
286 56
286 352
286 471
286 1027
287 163
287 194
287 772
287 1031
288 0
288 9
288 10
288 15
288 24
288 50
288 58
288 88
288 128
288 190
288 268
288 301
288 354
288 382
288 454
288 544
288 713
288 756
288 836
288 908
288 1172
288 1288
288 1441
288 1681
288 1763
288 1924
289 18
289 96
289 537
289 648
289 758
289 819
289 1092
289 1167
290 64
290 104
290 120
290 206
290 353
290 386
290 448
290 1008
290 1035
290 1108
290 1577
290 1792
290 1897
291 52
291 121
291 171
291 270
291 513
291 518
291 552
291 976
291 1648
292 14
292 82
292 545
292 709
292 1200
292 1753
292 1985
293 8
293 646
293 1029
293 1034
293 1809
293 1862
294 97
294 324
294 513
294 853
294 1424
295 82
295 136
295 144
295 162
295 608
296 26
296 103
296 1037
296 1038
296 1048
296 1080
296 1184
296 1319
296 1345
297 8
297 33
297 221
297 513
297 578
297 672
297 1103
297 1220
297 1228
297 1284
297 1546
297 1666
297 1796
297 1939
297 1940
298 74
298 145
298 297
298 388
298 530
298 1032
298 1035
298 1114
298 1829
299 25
299 129
299 392
299 769
300 50
300 68
300 193
300 258
300 288
300 324
300 514
300 552
300 581
300 1232
301 16
301 54
301 91
301 304
301 676
301 712
301 1296
301 1426
302 1
302 25
302 274
302 296
302 394
302 580
302 728
302 832
302 1245
303 98
303 624
303 659
303 1096
304 48
304 288
304 455
304 517
304 522
304 769
304 774
304 1039
304 1281
304 1826
305 197
305 232
305 256
305 353
305 374
305 549
305 641
306 137
306 820
306 1122
306 1168
306 1315
306 1472
306 1874
307 5
307 34
307 45
307 548
307 776
307 1292
307 1799
308 129
308 616
308 1098
308 1669
309 185
309 304
309 320
309 525
309 1634
310 166
312 1
312 228
312 497
312 711
313 512
313 776
313 1729
314 211
314 356
314 603
314 1128
314 1570
315 105
315 1440
316 390
316 553
316 612
316 1024
316 1025
316 1240
316 1414
316 1579
317 1767
318 328
318 1056
318 1257
319 65
320 0
320 8
320 82
320 154
320 229
320 259
320 264
320 402
320 536
320 803
320 1105
320 1252
320 1559
320 1584
320 1876
320 1956
321 46
321 266
321 320
321 717
321 1074
321 1176
322 376
322 470
322 880
322 1289
322 1410
322 1448
322 1712
322 1723
323 34
323 135
323 196
323 350
323 389
323 398
323 430
323 520
323 592
323 963
323 1236
323 1313
324 16
324 118
324 196
324 256
324 280
324 338
324 594
324 1076
324 1622
325 4
325 8
325 128
325 486
325 596
326 48
326 138
326 256
326 1101
326 1337
326 1540
328 1
328 5
328 67
328 590
328 644
328 1028
328 1151
328 1234
328 1288
329 34
329 36
329 187
329 582
329 812
329 1234
329 1552
329 1670
330 1
330 392
330 684
330 1138
330 1496
331 1
331 278
331 556
331 1042
332 32
332 131
332 144
332 306
332 815
332 1362
332 1581
332 1880
333 375
333 1044
333 1281
333 1584
333 1664
334 1216
335 208
335 1264
335 1369
335 1776
336 34
336 76
336 194
336 323
336 386
336 550
336 560
336 616
336 770
336 1033
336 1162
336 1296
336 1319
336 1570
336 1772
337 12
337 54
337 152
337 202
337 548
337 569
337 1028
337 1069
337 1183
337 1876
338 103
338 336
338 452
338 454
338 549
338 801
338 965
338 972
338 1054
339 319
339 1033
340 4
340 73
340 98
340 116
340 184
340 233
340 265
340 360
340 393
340 416
340 1564
341 588
341 810
341 833
341 948
341 1001
342 68
342 1026
343 2
343 96
343 554
344 37
344 1024
344 1057
344 1578
345 96
345 278
345 1028
345 1091
345 1280
346 879
347 678
347 736
347 1032
348 1
348 68
348 264
348 386
348 530
348 1222
349 288
349 1760
350 0
350 324
351 1150
352 25
352 33
352 73
352 132
352 150
352 272
352 528
352 588
352 850
352 1933
353 28
353 76
353 137
353 201
353 398
353 783
353 1099
353 1124
353 1408
353 1720
354 57
354 256
354 517
354 553
354 1297
354 1356
354 1577
354 2027
355 64
355 76
355 516
355 1565
356 273
356 708
356 1180
356 1933
357 64
357 1153
357 1160
357 1978
358 204
358 1418
359 776
360 1220
360 1248
360 1370
360 1544
360 1691
361 68
361 659
361 668
361 1860
361 1996
362 5
362 113
362 158
362 198
362 1224
363 1088
363 1425
364 26
364 40
364 61
364 384
364 393
364 416
364 1026
364 1217
364 1631
365 1122
366 91
366 145
366 177
367 760
368 0
368 163
368 173
368 596
368 712
368 713
368 1024
368 1817
368 1934
369 132
369 282
369 460
369 513
369 608
369 1091
369 1569
370 2
370 388
371 68
371 689
372 0
372 56
372 168
372 200
372 1040
372 1106
372 1118
373 1985
374 19
374 136
374 705
374 1045
375 0
375 59
375 1157
375 1707
376 258
376 1484
377 269
377 578
377 1027
377 1536
378 711
379 581
379 868
379 908
379 1153
380 163
381 69
381 544
381 616
381 1298
382 42
382 208
382 1037
382 1056
382 1652
383 197
383 910
384 19
384 46
384 257
384 258
384 274
384 322
384 340
384 356
384 393
384 518
384 657
384 1175
384 1409
384 1431
385 2
385 130
385 145
385 158
385 288
385 338
385 458
385 632
385 649
385 655
385 1062
385 1256
385 1312
385 1928
386 99
386 256
386 322
386 434
386 539
386 581
386 685
386 1043
386 1276
386 1552
387 36
387 280
387 417
387 420
387 443
387 548
387 833
387 859
387 1035
388 13
388 34
388 168
388 570
388 793
388 924
388 1032
389 39
389 160
389 517
389 585
389 775
389 1056
389 1580
389 1664
390 134
390 144
390 258
390 392
390 424
390 1152
390 1284
391 32
391 535
391 604
391 1033
391 1288
391 1672
392 28
392 128
392 513
392 521
392 848
392 1222
392 1324
392 1452
392 1843
392 1858
393 193
393 292
393 387
393 516
393 576
393 634
393 646
393 1032
393 1363
393 1596
393 1682
393 1741
394 10
394 68
394 781
394 1004
394 1018
394 1042
394 1064
395 721
395 1034
395 1596
396 73
396 180
396 258
396 1552
396 1833
396 1858
397 592
397 656
397 1454
397 1565
398 513
398 608
398 1059
398 1351
399 66
399 274
399 296
399 560
399 1153
399 1216
399 1553
399 1712
399 1857
400 33
400 69
400 178
400 528
400 573
400 579
400 610
400 615
400 651
400 1026
400 1536
401 33
401 76
401 343
401 626
402 2
402 41
402 65
402 105
402 112
402 144
402 548
402 634
402 1024
402 1103
402 1168
402 1328
402 1539
402 1692
403 119
403 194
403 416
403 1280
403 1545
403 1796
404 38
404 128
404 130
404 480
404 514
404 657
404 775
404 1107
405 20
405 514
405 1028
405 1346
405 1596
405 1672
405 2027
406 0
406 304
406 1153
406 1811
407 54
407 432
407 1328
408 7
408 34
408 135
408 309
408 529
408 578
408 1208
409 611
409 898
409 1036
409 2012
410 161
410 200
410 774
410 905
410 911
410 1642
411 64
412 3
412 597
412 802
413 105
413 324
413 1033
413 1305
413 1514
414 0
414 8
414 1024
414 1061
415 1057
416 42
416 96
416 142
416 306
416 426
416 441
416 712
416 1041
416 1075
416 1156
416 1640
417 129
417 194
417 340
417 644
417 1170
418 2
418 128
418 175
418 278
418 609
418 880
418 1287
418 1584
419 1
419 231
419 272
419 304
419 665
419 1066
419 1114
419 1178
419 1553
419 1577
420 21
420 134
420 320
420 714
420 813
420 922
420 1029
420 1092
422 30
422 212
422 219
422 522
422 566
422 946
422 1291
422 1612
422 2002
423 240
424 65
424 138
424 525
425 5
425 949
425 1074
425 1356
426 108
426 1048
426 1582
427 384
427 1057
427 1312
427 1632
428 290
428 384
428 1314
428 2011
429 514
429 553
429 675
429 1809
430 32
430 366
430 844
431 1032
431 1088
432 4
432 36
432 74
432 90
432 125
432 196
432 311
432 594
432 1114
432 1120
432 1153
432 1476
433 10
433 56
433 96
433 602
433 816
433 833
434 132
434 152
434 390
434 644
434 1066
434 1339
435 72
435 257
435 384
435 674
435 1064
435 1360
436 404
436 984
436 1145
436 1497
436 1520
437 64
437 613
437 673
438 24
438 361
438 530
439 522
439 576
440 596
440 700
440 858
440 1170
441 852
441 1810
442 133
442 256
442 705
442 717
442 1281
442 1602
445 1060
446 1794
447 210
447 224
447 1099
448 11
448 22
448 160
448 269
448 858
448 1674
448 1858
449 2
449 169
449 384
449 597
449 962
449 1040
449 1192
449 1552
449 1728
449 2004
450 35
450 98
450 265
450 296
450 409
450 512
450 818
450 980
450 1899
451 322
451 384
451 657
452 148
452 213
452 274
452 545
452 777
453 134
453 488
454 43
454 653
454 1045
454 1265
454 1282
454 1405
454 1576
455 73
455 408
456 35
456 38
456 1152
456 1281
457 9
457 72
457 578
457 709
457 1158
457 1569
457 1664
458 4
458 64
458 1317
459 312
459 848
459 864
459 1028
459 1056
459 1483
460 10
460 80
460 197
460 354
460 1025
460 1088
460 1174
461 172
461 1125
461 1281
461 1640
461 1794
462 3
462 90
462 634
462 849
462 1602
463 105
464 88
464 531
464 550
464 629
465 24
465 45
465 354
465 458
465 483
465 780
466 37
466 112
466 130
466 1301
466 1626
467 422
467 1323
468 24
468 1028
468 1034
470 292
471 257
472 146
472 512
472 1456
472 1824
472 1952
473 37
473 76
473 658
474 179
474 720
475 642
475 778
476 519
476 1328
477 356
478 201
478 313
478 552
480 311
480 842
480 879
480 923
480 1051
480 1072
480 1568
480 1862
481 3
481 67
481 258
481 308
481 514
481 1156
481 1288
481 1664
482 13
482 1033
482 2025
483 1157
483 1888
484 9
484 140
484 1345
484 1660
485 44
485 403
485 480
486 97
486 1265
486 1282
487 1678
488 337
488 1872
488 1929
489 144
489 340
489 512
489 1412
490 360
490 1056
490 1077
490 1569
491 139
491 1820
492 22
492 128
492 944
493 9
493 28
493 95
493 780
495 705
495 1171
496 276
496 1089
496 1512
497 0
497 1110
497 1560
497 1630
498 512
499 108
499 664
500 0
500 209
500 648
501 830
501 1158
502 27
502 1735
503 193
504 692
505 143
506 8
506 28
506 121
506 544
506 770
506 784
506 1354
507 24
508 853
509 1256
509 1545
510 138
510 782
510 865
512 0
512 20
512 57
512 88
512 113
512 246
512 256
512 345
512 370
512 536
512 544
512 551
512 675
512 747
512 979
512 1040
512 1041
512 1057
512 1116
512 1118
512 1185
512 1217
512 1288
512 1449
512 1506
512 1712
512 1809
512 1980
513 5
513 33
513 48
513 51
513 82
513 108
513 128
513 179
513 192
513 273
513 280
513 466
513 593
513 736
513 840
513 947
513 982
513 1072
513 1116
513 1156
513 1157
513 1344
513 1378
513 1551
514 46
514 81
514 132
514 141
514 246
514 292
514 337
514 360
514 593
514 838
514 1024
514 1038
514 1106
514 1236
514 1344
514 1506
514 1573
514 1592
514 1668
514 1793
514 1810
515 2
515 8
515 16
515 25
515 36
515 198
515 252
515 258
515 284
515 405
515 485
515 516
515 608
515 898
515 1164
515 1225
515 1245
515 1286
515 1376
515 1426
516 17
516 44
516 130
516 190
516 256
516 312
516 514
516 547
516 777
516 782
516 912
516 1076
516 1268
516 1284
516 1616
517 4
517 8
517 20
517 1040
517 1043
517 1168
517 1537
517 1572
518 20
518 97
518 144
518 291
518 520
518 585
518 661
518 1041
518 1056
518 1243
518 1540
518 1803
519 64
519 106
519 120
519 164
519 168
519 1025
519 1386
519 1744
520 65
520 100
520 130
520 134
520 146
520 263
520 291
520 433
520 474
520 578
520 781
520 782
520 1118
520 1354
520 1610
520 1622
520 1790
520 1964
521 33
521 133
521 326
521 522
521 1064
521 1171
521 1438
521 1673
522 3
522 33
522 72
522 128
522 146
522 240
522 776
522 1052
522 1156
522 1584
523 48
523 288
523 1356
523 1601
524 18
524 180
524 224
524 385
524 531
524 544
524 978
525 51
525 74
525 198
525 418
525 920
525 1552
526 5
526 132
526 224
526 636
526 1537
526 1618
527 520
527 1680
528 26
528 64
528 133
528 200
528 268
528 327
528 330
528 374
528 401
528 421
528 548
528 648
528 768
528 876
528 1072
528 1102
528 1280
528 1356
528 1564
528 1584
529 7
529 16
529 84
529 135
529 161
529 193
529 517
529 850
529 1042
529 1090
529 1280
529 1321
529 1687
529 1898
530 24
530 45
530 52
530 72
530 109
530 264
530 273
530 401
530 1160
530 1383
530 1505
530 1541
530 1809
531 256
531 325
531 1128
531 1284
531 1363
532 32
532 34
532 236
532 256
532 264
532 272
532 287
532 556
532 1093
532 1182
532 1792
533 191
533 514
533 916
533 1120
533 1177
534 201
534 323
534 1024
534 1567
534 1645
535 73
535 1676
536 17
536 34
536 102
536 140
536 230
536 236
536 537
536 544
536 1042
536 1104
536 1155
536 1824
537 141
537 145
537 512
537 640
537 1049
537 1291
538 96
538 198
538 256
538 272
538 721
538 900
538 1066
538 1288
539 0
539 9
539 32
539 132
539 272
539 612
539 854
539 1037
539 1044
539 1800
539 1890
540 3
540 356
541 99
541 132
541 136
541 192
541 740
541 775
541 1169
542 1031
542 1336
543 1455
543 1456
544 0
544 68
544 137
544 392
544 464
544 540
544 752
544 794
544 833
544 914
544 1026
544 1028
544 1042
544 1063
544 1074
544 1153
544 1200
544 1285
544 1624
545 14
545 20
545 21
545 30
545 71
545 80
545 371
545 473
545 780
545 1288
545 1322
545 1635
546 2
546 52
546 80
546 109
546 115
546 170
546 254
546 568
546 783
546 1025
546 1042
546 1112
546 1154
546 1280
546 1504
546 1729
546 1872
547 173
547 353
547 622
547 824
547 1112
547 1280
548 36
548 64
548 170
548 372
548 825
548 868
548 967
548 1142
548 1431
548 1552
549 10
549 28
549 53
549 57
549 111
549 273
549 1684
549 1873
550 278
550 296
550 577
550 1063
550 1440
550 1742
551 4
551 38
551 273
551 1046
551 1052
551 1385
552 10
552 40
552 68
552 192
552 277
552 536
552 1042
552 1068
552 1095
552 1096
552 1137
552 1241
552 1360
552 1422
552 1952
553 0
553 268
553 273
553 1375
554 8
554 55
554 326
554 521
554 1104
555 726
555 1744
556 0
556 721
556 1297
556 1408
556 1678
557 19
557 42
557 145
557 1006
557 1222
558 337
558 1186
558 1426
558 1704
559 774
559 1057
559 1064
560 183
560 231
560 323
560 576
560 632
560 816
560 833
560 1016
560 1409
560 1480
561 1014
561 1696
561 1825
562 81
562 99
562 133
562 328
562 570
562 968
562 1156
562 1672
562 1680
562 1954
563 131
563 258
563 520
563 1549
564 133
564 262
564 353
564 696
564 896
564 928
564 1157
564 1721
564 2028
565 14
565 126
565 446
566 129
566 132
566 136
566 138
566 1556
567 264
567 645
567 1090
568 1
568 18
568 37
568 128
568 344
568 528
568 579
568 985
568 1028
568 1107
568 1554
568 1696
569 256
569 1297
569 1353
569 1744
570 48
570 668
570 1034
570 1856
571 72
572 141
572 460
572 1709
573 400
573 451
573 1417
573 1833
573 1938
574 448
574 1026
574 1418
575 272
576 36
576 129
576 168
576 300
576 416
576 536
576 619
576 717
576 770
576 907
576 1026
576 1565
576 1632
577 78
577 145
577 328
577 815
577 1152
577 1352
578 208
578 264
578 344
578 525
578 546
578 785
578 896
579 25
579 552
579 1112
579 1322
580 40
580 216
580 405
580 514
580 1089
580 1307
580 1314
580 1704
581 20
581 340
581 354
581 696
582 35
582 40
582 1094
582 1165
583 3
583 36
583 206
583 428
583 836
584 136
584 148
584 325
584 728
584 1152
584 1422
585 84
585 309
585 512
585 634
585 754
585 1484
586 32
586 357
586 551
586 665
586 966
586 1280
587 0
587 36
587 38
587 644
587 1266
587 1430
588 36
588 1041
588 1073
588 1224
588 1905
589 22
589 407
589 1540
589 1636
590 4
590 522
590 812
590 944
591 6
591 16
591 84
592 4
592 27
592 200
592 217
592 261
592 287
592 291
592 642
592 667
592 940
592 1583
592 1667
592 1821
593 2
593 162
593 211
593 277
593 514
593 1045
593 1545
593 1800
594 277
594 673
594 1025
594 1081
594 1118
594 1122
595 733
595 1296
595 1437
596 340
596 1082
596 1107
596 1300
596 1309
597 1
597 4
597 14
597 204
597 1170
597 1539
597 1626
598 257
598 644
598 2035
599 7
599 69
599 256
599 384
600 78
600 194
600 768
600 1672
601 264
601 358
601 394
601 566
601 720
601 1432
602 86
602 139
602 256
602 1377
603 391
604 260
604 265
604 1126
604 1292
605 6
605 64
605 1458
605 1584
606 320
606 612
606 1220
607 14
608 4
608 8
608 66
608 128
608 173
608 311
608 320
608 678
608 1030
608 1088
608 1217
608 1506
608 1512
608 1616
608 1728
608 1828
609 82
609 200
609 212
609 407
609 532
609 851
609 1027
609 1053
609 1134
609 1968
610 9
610 328
610 928
610 1536
610 1605
610 1634
611 0
611 9
611 69
611 76
611 344
611 898
612 66
612 193
612 627
612 898
612 1033
612 1098
613 70
613 248
613 272
613 278
613 514
613 819
614 1
614 40
614 536
614 1059
614 1064
614 1082
614 1425
614 1458
614 1461
614 1601
615 1176
615 1544
616 174
616 643
616 917
616 1114
617 6
617 173
617 243
617 557
617 1112
618 136
618 217
618 736
618 1072
618 1424
619 1477
619 1800
620 35
620 306
620 323
620 516
620 1543
621 34
621 1115
621 1317
621 1537
622 1539
623 72
623 547
623 596
623 708
624 56
624 69
624 147
624 320
624 684
624 775
624 1188
625 0
625 300
625 770
625 1100
625 1127
625 1843
626 180
626 399
626 413
626 614
626 1040
626 1556
626 1729
627 34
627 514
627 563
627 1564
628 260
628 594
628 1131
629 64
629 66
629 512
629 1056
629 1816
631 49
631 128
631 1266
631 1544
632 384
632 469
632 1036
632 1047
632 1572
632 1681
633 14
633 208
633 1124
634 160
634 600
634 664
634 898
634 1120
634 1293
634 1395
635 629
635 1110
636 174
636 1598
637 844
638 2
638 549
638 1286
639 921
639 1920
640 24
640 98
640 130
640 152
640 216
640 274
640 329
640 343
640 386
640 411
640 644
640 765
640 841
640 1036
640 1043
640 1709
640 1928
641 4
641 32
641 48
641 106
641 457
641 513
641 653
641 736
641 1015
641 1026
641 1228
641 1290
641 1313
641 1715
642 0
642 176
642 519
642 578
642 740
642 741
642 1160
642 1320
642 1537
642 1608
642 1834
643 51
643 208
643 209
643 256
643 568
643 808
643 1109
644 0
644 130
644 264
644 657
644 1108
644 1138
644 1252
645 4
645 337
645 832
645 902
645 907
645 1292
645 1409
645 1600
646 34
646 66
646 80
646 1420
647 64
647 1024
647 1297
647 1330
647 1889
648 0
648 40
648 327
648 400
648 640
648 728
648 997
648 1128
648 1404
648 1600
648 1665
649 276
649 810
649 897
649 1044
650 186
650 332
650 788
650 820
650 1090
650 1281
650 1317
651 210
651 260
651 453
651 664
651 1304
651 1732
652 55
652 289
652 792
652 1348
653 644
653 835
653 1064
653 1176
653 1361
653 1536
653 1952
654 8
654 130
654 842
654 1028
654 1056
655 695
655 784
655 1536
655 1996
656 0
656 144
656 146
656 202
656 470
656 587
656 976
656 1065
656 1153
656 1220
656 1665
657 20
657 96
657 102
657 145
657 434
657 450
657 539
657 601
657 1240
657 1442
658 230
658 910
658 1129
659 10
660 390
660 1910
661 109
661 146
661 1128
661 1315
662 96
662 1409
663 76
663 361
663 390
663 449
664 60
664 88
664 125
664 441
664 1028
664 1876
665 265
665 448
665 834
665 1547
666 257
666 390
666 1068
666 1669
667 16
667 68
667 118
667 209
667 465
667 1093
667 1233
668 304
669 0
669 153
669 1484
670 49
671 12
672 25
672 176
672 282
672 347
672 527
672 768
672 774
672 937
672 1112
672 1283
672 1448
673 0
673 339
673 640
673 838
673 1057
673 1284
673 1288
673 1542
673 1543
674 24
674 32
674 37
674 41
674 677
674 1024
674 1090
674 1295
675 162
675 284
675 576
675 594
675 641
675 1033
675 1101
676 0
676 181
676 289
676 528
676 537
676 562
676 600
676 1553
676 1692
677 32
677 33
677 638
678 12
678 14
678 15
678 36
678 578
678 1402
679 653
679 1177
680 87
680 147
680 228
680 305
680 412
680 569
680 574
680 1050
681 61
681 64
681 88
681 273
681 356
681 784
681 1024
681 1154
682 154
682 789
682 930
682 1064
682 1281
683 2
683 108
683 408
684 19
684 21
684 112
685 128
685 498
686 289
686 1540
688 3
688 7
688 178
688 280
688 448
688 505
688 660
688 1065
689 81
689 321
689 546
689 1072
689 1857
690 38
690 129
690 344
690 1024
690 1078
690 1167
691 36
691 46
691 365
691 588
692 86
692 162
692 769
692 771
692 1232
693 267
693 640
694 12
694 1119
694 1409
695 503
696 156
697 48
698 33
698 76
698 177
698 1078
698 1294
699 16
699 32
700 90
700 1228
701 137
701 498
702 448
702 728
703 1568
703 1866
704 39
704 146
704 162
704 167
704 197
704 464
704 655
704 1039
704 1082
704 1212
704 1316
704 1334
704 1546
705 14
705 97
705 168
705 256
705 321
705 377
705 457
705 1024
705 1104
705 1232
706 3
706 6
706 20
706 163
706 864
706 1066
706 1281
706 1901
707 106
707 397
708 4
708 98
708 320
708 550
708 867
708 1065
708 1288
709 56
709 370
709 697
710 696
710 903
710 1025
710 1087
710 1105
711 455
711 671
711 794
711 1086
712 132
712 264
712 800
712 1303
712 1612
712 1730
713 262
713 776
714 187
714 536
714 690
714 1551
715 60
715 192
715 340
715 640
716 133
716 532
716 785
716 788
716 792
717 1033
718 268
718 1622
718 1729
719 40
719 1248
720 1377
720 1537
721 49
721 65
721 70
721 224
721 513
721 519
722 586
722 632
722 1079
722 1890
723 1
723 20
723 1320
723 1842
724 166
724 272
724 1029
724 1345
724 1862
725 528
725 1878
727 518
727 1409
727 1942
728 1101
728 1841
729 34
730 0
730 89
730 183
730 234
730 1189
731 418
732 1
733 346
733 1733
736 38
736 362
736 544
736 578
736 1136
736 1427
737 514
737 864
737 969
737 1808
738 280
738 320
738 517
738 560
738 1696
739 85
739 1120
740 46
740 260
740 296
740 512
740 517
740 1090
740 1320
740 1410
741 131
742 321
742 806
743 245
743 297
743 322
743 1228
744 133
744 258
744 512
745 173
745 1040
746 145
748 1576
748 1664
748 1796
749 172
751 1558
752 39
752 1840
753 319
753 433
753 1653
754 68
754 516
754 641
754 1061
755 0
756 404
756 770
756 1058
756 1812
757 397
758 992
758 1306
759 1284
760 774
760 1508
761 1079
762 4
762 536
762 1225
763 301
764 72
764 1091
765 392
765 1862
766 531
766 768
768 4
768 150
768 333
768 676
768 1089
768 1106
768 1168
768 1216
768 1248
768 1422
768 1768
769 0
769 2
769 142
769 210
769 431
769 585
769 612
769 666
769 1043
769 1057
769 1672
770 3
770 5
770 48
770 160
770 304
770 360
770 1123
770 1158
770 1295
770 1562
770 1608
770 1922
770 2007
771 3
771 45
771 64
771 150
771 226
771 433
771 518
771 769
771 916
771 1168
771 1664
772 16
772 260
772 594
772 1120
772 1312
773 54
773 138
773 237
773 374
774 96
774 177
774 330
775 260
775 464
775 529
775 1040
775 1091
775 1380
775 1388
776 131
776 161
776 169
776 1073
776 1097
776 1710
777 81
777 256
777 386
777 515
777 801
777 910
777 1136
778 259
778 274
778 288
778 608
778 1105
778 1603
778 1616
779 385
779 1539
779 1656
780 8
780 100
780 256
780 677
780 1051
780 1852
781 112
781 324
781 873
781 1036
781 1320
782 38
782 336
782 849
783 73
783 660
784 72
784 88
784 112
784 152
784 291
784 304
784 420
784 538
784 644
784 842
784 960
784 1312
784 1560
784 1674
785 13
785 36
785 90
785 96
785 164
785 332
785 358
785 681
785 1032
786 0
786 8
786 82
786 357
786 512
786 579
786 633
786 1156
786 1251
786 1560
786 1593
786 1647
786 1812
786 1824
787 25
787 224
787 1204
787 1415
787 1673
788 8
788 14
788 230
788 341
788 365
788 1064
788 1093
789 1633
789 1932
790 705
790 777
792 20
792 32
792 260
792 548
792 581
792 1124
792 1165
792 1665
792 1776
793 481
793 2012
794 43
794 763
794 804
794 1160
794 1306
795 240
795 292
796 464
797 42
797 1187
797 1480
798 5
798 44
798 674
799 32
799 1225
799 1404
800 0
800 309
800 423
800 1153
800 1272
800 1283
800 1445
800 1832
801 6
801 48
801 104
801 165
801 272
801 348
801 547
801 643
801 1611
802 22
802 292
802 416
802 841
802 1133
802 1168
802 1288
802 1682
803 70
803 296
803 509
803 594
804 8
804 61
804 304
804 395
804 1040
804 1682
805 44
805 300
806 274
806 707
807 0
807 90
807 608
808 136
808 210
808 554
808 560
808 805
808 1067
808 1648
809 4
809 66
809 80
809 322
809 1064
810 15
810 17
810 194
810 529
810 633
810 1044
810 1050
811 8
811 745
811 821
811 937
811 1136
811 1936
812 23
812 274
812 641
812 1028
812 1273
812 1357
813 468
813 1088
813 1180
813 1570
814 42
814 832
815 1104
816 1
816 14
816 1165
816 1444
816 1547
817 168
817 256
817 270
817 548
817 1346
818 266
818 1219
818 1802
820 0
820 139
820 268
820 643
820 1059
821 74
821 1123
821 1346
822 8
822 14
822 544
822 579
822 619
822 1997
823 280
824 12
824 62
824 68
824 385
824 769
824 772
824 1036
824 1038
824 1101
824 1308
824 1512
825 20
826 65
826 96
827 5
827 314
827 774
827 1884
828 131
828 288
829 141
829 1090
830 260
830 551
830 1041
830 1380
832 32
832 60
832 136
832 242
832 347
832 349
832 1562
832 1730
833 8
833 144
833 384
833 522
833 725
833 768
833 1360
834 362
834 576
834 674
834 677
834 1106
834 1513
834 1554
834 1731
835 52
835 101
835 138
835 389
835 1298
836 1
836 132
836 1054
836 1804
836 1960
837 174
837 530
837 1025
837 1837
838 597
838 1380
838 1688
839 66
839 243
839 281
839 1137
839 1576
840 26
840 32
840 64
840 318
840 548
840 1026
840 1166
840 1256
840 1434
840 1506
841 208
842 134
842 176
842 437
842 773
842 1806
843 252
843 1060
843 1123
843 1552
844 1476
844 1562
845 517
845 568
845 642
845 808
846 234
846 300
846 1088
846 1892
848 25
848 272
848 313
848 315
848 322
848 517
848 641
848 648
848 1026
848 1290
848 1744
849 48
849 129
849 160
849 1225
849 1635
849 1801
850 359
850 588
850 595
850 695
851 87
851 717
851 1004
851 1152
851 1452
852 674
852 1141
853 206
853 778
853 1280
854 441
854 711
854 1268
855 1096
855 1324
856 1
856 804
857 829
857 1656
858 438
858 1370
859 517
859 570
859 1569
860 128
860 161
860 198
864 10
864 24
864 47
864 150
864 202
864 293
864 483
864 898
864 1026
864 1042
864 1284
864 1536
865 27
865 140
865 269
865 1120
865 1171
866 220
866 385
866 522
866 1236
867 130
867 320
867 1094
868 197
868 1045
869 824
870 48
870 256
870 396
870 1601
872 7
872 32
872 289
873 17
873 912
874 157
874 2032
876 332
876 1062
878 1615
879 1224
880 29
880 80
880 132
880 541
880 579
880 1042
880 1283
880 1333
881 558
881 848
881 882
882 131
882 940
882 1156
882 1902
883 37
883 130
884 642
884 1048
884 1336
888 370
888 535
888 1218
889 449
889 534
890 35
891 524
891 1540
892 81
893 258
893 912
893 1321
894 1072
896 60
896 320
896 913
896 1352
896 1368
896 1497
896 1540
896 1932
897 448
897 548
897 561
897 644
897 769
897 921
898 44
898 142
898 248
898 554
898 1046
898 1052
898 1453
898 1552
898 1761
899 49
899 135
899 192
899 248
899 1664
900 2
900 536
900 557
900 564
900 777
900 1100
900 1557
900 1792
901 257
901 1544
901 1604
902 72
903 9
903 1764
904 0
904 208
905 551
905 1280
905 1568
905 1738
905 1762
906 339
906 576
906 818
907 3
907 16
908 577
908 648
908 704
908 1028
908 1041
908 1578
909 256
909 535
909 1083
909 2037
910 154
910 516
910 532
910 553
911 1029
911 1337
912 0
912 256
912 320
912 328
912 672
912 1008
912 1120
913 153
913 1250
914 20
914 866
914 1060
915 67
915 257
915 1728
916 17
916 168
916 389
916 514
916 1033
916 1120
916 1282
916 1292
917 164
917 1301
918 48
918 72
918 342
918 513
918 1536
919 30
919 491
919 1097
919 1120
920 8
920 32
920 772
920 1024
921 67
921 82
921 1500
921 1876
922 1121
922 1928
923 324
924 81
924 598
924 1091
925 33
925 392
927 1024
928 899
928 1076
928 1804
929 34
929 200
929 357
929 1094
929 1472
929 1484
929 1490
930 65
930 488
930 626
930 632
930 833
930 1312
930 1560
930 1718
931 130
931 592
931 1092
931 1168
931 1351
932 86
932 132
932 139
932 460
932 1410
932 1568
933 404
933 583
933 1296
934 1024
935 1409
936 0
936 6
936 65
936 290
936 384
936 642
936 725
936 1056
936 1168
936 1368
936 1797
937 41
937 73
937 74
937 648
938 64
938 173
938 516
938 1280
939 81
939 489
940 536
942 1553
942 1926
943 0
943 1574
944 9
944 302
944 1031
944 1755
945 266
946 132
946 136
946 522
946 594
948 128
948 1676
949 330
949 1547
949 1600
950 1102
950 1224
950 1624
952 128
952 528
952 1040
953 19
953 32
953 594
956 66
956 1316
956 1655
957 176
959 0
959 129
960 210
960 444
960 1057
961 11
961 128
961 696
961 1299
961 1828
962 705
962 1410
963 245
964 97
964 302
964 466
964 532
964 1228
964 1570
964 1997
965 529
965 1615
966 386
966 688
966 1336
967 1
967 4
967 64
968 121
968 1036
968 1290
969 114
969 166
969 404
969 584
969 1168
970 20
970 22
970 1024
970 1128
970 1576
970 1600
971 184
971 399
972 16
972 1539
973 70
973 554
973 596
973 1101
974 1088
974 1602
975 577
975 1882
976 320
976 777
976 1234
976 1288
976 1537
976 1554
979 12
980 41
980 554
980 642
980 1058
982 153
983 668
984 170
984 355
984 1090
984 1574
987 66
987 658
988 1046
988 1985
989 322
989 1286
990 1425
991 128
992 1
992 49
992 481
992 1040
993 0
993 386
994 697
994 1132
995 1789
996 4
996 1138
997 136
997 165
997 604
997 678
999 110
1000 0
1000 3
1000 238
1000 584
1001 1600
1002 610
1002 1296
1003 500
1004 7
1004 73
1004 99
1004 1604
1005 1929
1006 255
1006 980
1008 56
1008 102
1008 552
1008 1030
1008 1093
1011 325
1011 1160
1012 325
1012 604
1012 1112
1013 4
1014 103
1014 256
1015 84
1016 134
1016 258
1018 897
1019 259
1020 266
1020 574
1023 512
1023 1536
1024 4
1024 13
1024 72
1024 102
1024 177
1024 185
1024 192
1024 220
1024 272
1024 392
1024 520
1024 530
1024 832
1024 1028
1024 1034
1024 1115
1024 1189
1024 1283
1024 1426
1024 1794
1025 13
1025 54
1025 88
1025 144
1025 161
1025 176
1025 209
1025 256
1025 504
1025 517
1025 529
1025 788
1025 1075
1025 1129
1025 1188
1025 1459
1025 1939
1026 67
1026 76
1026 79
1026 196
1026 228
1026 232
1026 246
1026 261
1026 514
1026 516
1026 805
1026 836
1026 854
1026 944
1026 1025
1026 1032
1026 1093
1026 1306
1026 1563
1027 134
1027 617
1027 1090
1027 1100
1027 1220
1027 1232
1027 1428
1027 1468
1027 1553
1027 1687
1028 17
1028 113
1028 177
1028 258
1028 414
1028 512
1028 516
1028 576
1028 602
1028 1172
1028 1219
1028 1281
1028 1384
1028 1549
1029 37
1029 83
1029 92
1029 164
1029 322
1029 1206
1029 1687
1030 100
1030 209
1030 311
1030 546
1030 915
1030 997
1030 1024
1030 1249
1030 1493
1031 398
1031 402
1031 403
1031 842
1031 1190
1032 32
1032 40
1032 129
1032 139
1032 154
1032 166
1032 525
1032 606
1032 610
1032 848
1032 860
1032 1027
1032 1148
1032 1154
1032 1361
1032 1640
1032 1690
1032 1939
1033 17
1033 150
1033 256
1033 388
1033 453
1033 520
1033 533
1033 788
1033 1026
1033 1029
1033 1144
1033 1312
1033 1445
1033 1863
1034 0
1034 16
1034 65
1034 193
1034 387
1034 497
1034 518
1034 925
1034 960
1034 1354
1034 1424
1034 1960
1035 83
1035 102
1035 385
1035 935
1035 1156
1035 1316
1036 0
1036 272
1036 737
1036 748
1036 788
1036 1168
1037 6
1037 482
1037 1093
1037 1424
1037 1702
1037 1825
1038 37
1038 96
1038 100
1038 140
1038 196
1038 596
1038 1095
1038 1572
1039 1025
1039 1664
1040 14
1040 20
1040 68
1040 274
1040 288
1040 322
1040 326
1040 425
1040 520
1040 552
1040 640
1040 651
1040 680
1040 908
1040 1041
1040 1097
1040 1123
1040 1184
1040 1570
1040 1732
1040 1736
1041 3
1041 160
1041 320
1041 384
1041 388
1041 500
1041 672
1041 773
1041 1413
1041 1570
1041 1831
1042 262
1042 845
1042 1691
1043 27
1043 34
1043 120
1043 554
1043 688
1043 1042
1043 1222
1043 1601
1043 1998
1044 0
1044 208
1044 550
1044 643
1044 768
1044 832
1044 1065
1044 1213
1044 1489
1044 2032
1045 20
1045 32
1045 324
1045 360
1045 925
1045 1228
1045 1746
1045 1920
1046 17
1046 98
1046 138
1046 273
1046 320
1046 492
1046 1476
1047 180
1047 832
1047 1441
1047 1841
1048 4
1048 12
1048 91
1048 328
1048 580
1048 850
1048 1310
1049 10
1049 223
1049 288
1049 653
1049 882
1049 1314
1049 1536
1050 21
1050 184
1050 560
1050 577
1050 772
1050 1026
1050 1815
1051 84
1051 792
1051 1078
1051 1632
1052 66
1052 135
1052 206
1052 304
1052 521
1052 692
1052 900
1053 290
1053 606
1053 648
1053 658
1053 1753
1054 4
1054 258
1054 259
1054 1296
1054 1889
1055 824
1055 1600
1056 1
1056 16
1056 24
1056 62
1056 113
1056 128
1056 132
1056 211
1056 299
1056 388
1056 397
1056 456
1056 498
1056 529
1056 544
1056 585
1056 834
1056 883
1056 1030
1056 1048
1056 1344
1056 1837
1057 148
1057 217
1057 500
1057 628
1057 948
1057 1009
1057 1296
1057 1609
1058 72
1058 98
1058 194
1058 276
1058 305
1058 550
1058 866
1058 1344
1058 1425
1058 1737
1058 1811
1059 4
1059 256
1059 296
1059 1290
1059 1600
1059 1971
1060 1
1060 24
1060 529
1060 1156
1060 1296
1060 1360
1060 1440
1060 1477
1060 1756
1060 1928
1061 76
1061 144
1061 417
1061 545
1061 592
1061 1586
1061 1732
1061 1740
1062 6
1062 35
1062 57
1062 144
1062 176
1062 196
1062 307
1062 1924
1063 782
1063 1092
1063 1436
1063 1764
1063 1818
1064 86
1064 150
1064 165
1064 225
1064 257
1064 395
1064 426
1064 513
1064 588
1064 904
1064 1208
1064 1228
1064 1408
1064 1642
1065 16
1065 84
1065 638
1065 1272
1065 1425
1065 1660
1065 1786
1065 2003
1066 34
1066 160
1066 267
1066 468
1066 616
1066 1031
1066 1040
1066 1124
1066 1172
1066 1602
1067 0
1067 384
1067 449
1067 950
1067 1036
1067 1905
1068 18
1068 342
1068 384
1068 1032
1068 1541
1068 1630
1068 1694
1069 268
1069 328
1070 258
1070 619
1070 649
1070 1545
1070 1860
1071 258
1072 192
1072 261
1072 781
1072 1552
1072 1928
1073 30
1073 56
1073 784
1073 1358
1073 1902
1074 18
1074 531
1074 1177
1075 128
1075 137
1075 320
1075 364
1075 937
1075 1046
1076 36
1076 97
1076 130
1076 818
1076 851
1076 1058
1076 1467
1077 1
1077 257
1077 664
1077 852
1077 1163
1077 1403
1078 84
1078 1168
1078 1296
1078 1412
1078 1810
1079 80
1079 82
1079 277
1079 545
1079 1648
1080 17
1081 70
1081 100
1081 341
1081 833
1081 922
1081 1030
1081 1031
1082 128
1082 611
1082 1040
1082 1116
1083 67
1084 35
1084 51
1084 92
1084 268
1084 292
1084 528
1084 1046
1085 1564
1086 577
1086 1088
1087 290
1087 354
1087 912
1088 27
1088 290
1088 533
1088 544
1088 581
1088 624
1088 625
1088 785
1088 1299
1088 1328
1088 1545
1088 1568
1088 1593
1088 1747
1088 1796
1089 9
1089 104
1089 240
1089 678
1089 741
1089 747
1089 855
1089 1445
1089 1695
1089 1934
1090 21
1090 272
1090 520
1090 532
1090 748
1090 1052
1090 1184
1090 1296
1090 1555
1091 14
1091 33
1091 385
1091 577
1091 705
1091 914
1091 1048
1091 1100
1091 1409
1092 1
1092 3
1092 38
1092 290
1092 596
1092 697
1092 804
1092 1052
1092 1232
1093 252
1093 398
1093 548
1093 578
1093 1024
1093 1210
1093 1520
1094 80
1094 776
1094 1108
1095 26
1095 75
1095 82
1095 136
1095 312
1095 848
1095 1221
1095 1300
1095 1540
1095 1672
1096 194
1096 448
1096 624
1096 792
1096 837
1096 1049
1096 1282
1096 1536
1097 133
1097 216
1097 532
1097 776
1097 1073
1097 1184
1097 1268
1097 1368
1097 1551
1097 1813
1098 14
1098 116
1098 194
1098 520
1098 1159
1098 1307
1098 1536
1098 1580
1099 0
1099 209
1099 946
1099 1461
1099 1536
1100 53
1100 515
1100 546
1100 573
1100 574
1100 788
1100 1393
1100 1808
1101 55
1101 848
1101 978
1101 1826
1102 3
1102 513
1102 529
1102 704
1102 1034
1102 1108
1103 32
1103 99
1103 544
1104 157
1104 286
1104 309
1104 401
1104 1040
1104 1492
1104 2024
1105 0
1105 113
1105 166
1105 186
1105 500
1105 768
1105 1452
1105 1793
1105 1928
1106 0
1106 24
1106 52
1106 129
1106 132
1106 160
1106 387
1106 984
1106 1040
1106 1055
1106 1200
1106 1797
1107 81
1107 272
1107 308
1107 513
1107 544
1107 1243
1107 1440
1107 1952
1108 0
1108 1
1108 9
1108 263
1108 398
1108 1096
1109 0
1109 260
1109 274
1109 869
1109 1089
1109 1332
1110 51
1110 368
1110 1568
1110 1731
1112 19
1112 40
1112 273
1112 822
1112 1206
1112 1690
1113 33
1113 34
1113 259
1113 1681
1114 16
1114 1010
1115 116
1115 177
1115 304
1115 498
1115 962
1116 293
1116 1026
1116 1299
1116 1454
1118 373
1118 512
1118 1548
1119 512
1119 1216
1120 9
1120 128
1120 222
1120 310
1120 404
1120 431
1120 589
1120 668
1120 1173
1120 1576
1120 1633
1121 98
1121 264
1121 280
1121 370
1121 536
1121 816
1121 1340
1121 1699
1122 153
1122 273
1122 778
1122 876
1122 896
1122 1673
1123 566
1123 1025
1124 13
1124 20
1124 35
1124 122
1124 162
1124 213
1124 226
1124 514
1124 771
1124 804
1125 610
1125 817
1125 1055
1125 1216
1126 0
1126 130
1126 342
1126 578
1126 781
1127 516
1127 1280
1128 245
1128 257
1128 743
1128 939
1129 3
1129 29
1129 518
1129 578
1130 51
1130 297
1130 336
1130 561
1130 780
1130 1073
1130 1092
1130 1700
1130 1872
1131 125
1131 449
1132 24
1132 136
1132 1553
1133 784
1133 849
1133 898
1134 337
1134 1289
1136 1
1136 319
1136 551
1136 886
1136 900
1136 1216
1136 1624
1136 2038
1137 73
1137 1304
1137 1483
1137 1536
1137 1873
1138 12
1138 100
1138 334
1138 358
1138 852
1139 44
1139 349
1140 1
1140 389
1141 1158
1143 642
1143 1299
1144 208
1144 297
1144 704
1144 1224
1144 1345
1145 28
1145 89
1145 356
1145 775
1145 1058
1146 5
1146 520
1146 584
1146 1081
1147 64
1148 136
1148 228
1148 769
1148 778
1148 1032
1149 8
1150 385
1150 1985
1152 7
1152 12
1152 44
1152 116
1152 123
1152 185
1152 195
1152 205
1152 273
1152 306
1152 558
1152 592
1152 816
1152 898
1152 1034
1152 1082
1152 1827
1153 4
1153 29
1153 36
1153 49
1153 464
1153 1170
1153 1643
1154 147
1154 320
1154 336
1154 400
1155 193
1155 594
1155 1132
1155 1402
1156 15
1156 32
1156 56
1156 131
1156 140
1156 262
1156 456
1156 480
1156 806
1156 912
1156 1144
1157 23
1157 28
1157 354
1157 570
1157 769
1157 777
1158 177
1158 448
1158 672
1158 1036
1158 1156
1158 1188
1158 1432
1159 1264
1160 267
1160 404
1160 548
1160 709
1160 804
1160 1328
1161 286
1161 523
1161 1094
1161 1286
1161 1360
1161 1993
1162 128
1162 163
1162 256
1162 281
1162 325
1162 418
1162 550
1162 835
1162 1115
1162 1170
1162 1255
1163 0
1163 657
1163 805
1164 2
1164 86
1164 97
1164 170
1164 340
1164 465
1164 480
1164 800
1164 1904
1165 1219
1165 1736
1166 88
1166 322
1166 324
1166 1536
1168 2
1168 514
1168 515
1168 576
1168 583
1168 676
1168 988
1168 1028
1168 1097
1168 1297
1168 1394
1169 8
1169 66
1169 269
1169 310
1169 666
1169 704
1169 792
1169 873
1170 73
1170 277
1170 292
1170 512
1170 877
1170 1189
1170 1280
1170 1295
1171 189
1171 340
1171 370
1171 1282
1171 1344
1172 130
1172 134
1172 224
1172 641
1172 736
1172 1536
1172 1796
1173 10
1173 278
1173 316
1173 535
1173 538
1173 546
1173 650
1173 660
1173 665
1173 697
1173 866
1173 1048
1173 1280
1174 460
1174 524
1174 578
1174 983
1174 994
1175 533
1175 864
1176 71
1176 81
1176 534
1176 1120
1177 64
1177 392
1178 652
1178 854
1179 96
1179 270
1179 276
1179 661
1179 1063
1180 196
1180 472
1180 1100
1181 73
1181 199
1181 780
1182 15
1182 1045
1182 1090
1182 1841
1183 2
1184 8
1184 120
1184 193
1184 513
1184 582
1184 684
1184 1282
1184 1585
1184 1586
1184 1628
1185 10
1185 141
1185 178
1185 292
1185 298
1185 1223
1185 1406
1186 228
1186 545
1186 1029
1186 1120
1186 1410
1186 1548
1187 23
1187 32
1187 35
1187 265
1187 596
1187 844
1187 1550
1188 33
1188 1424
1188 1856
1189 400
1189 554
1189 667
1190 35
1190 128
1190 166
1190 698
1192 56
1193 133
1193 586
1193 1290
1193 1350
1193 1956
1194 32
1194 174
1194 304
1194 642
1194 800
1195 77
1195 772
1195 940
1195 1508
1196 33
1196 512
1196 633
1196 1537
1196 1614
1197 125
1197 224
1197 342
1197 389
1197 1125
1198 66
1198 401
1198 472
1198 1356
1199 514
1200 72
1200 354
1200 786
1200 1063
1200 1767
1201 162
1201 804
1201 1376
1202 25
1202 88
1202 1120
1203 8
1203 308
1203 322
1204 0
1204 20
1204 342
1204 501
1204 1036
1204 1418
1205 890
1205 1665
1206 56
1206 257
1206 513
1206 832
1207 1616
1208 59
1208 118
1208 388
1208 516
1208 596
1209 1041
1210 135
1210 264
1210 321
1210 1060
1210 1187
1210 1648
1211 1709
1212 306
1212 517
1212 642
1212 1074
1212 1156
1213 322
1213 1600
1214 1956
1215 92
1215 298
1215 1794
1216 70
1216 532
1216 552
1216 588
1216 656
1216 1793
1217 2
1217 18
1217 64
1217 128
1217 275
1217 276
1217 418
1217 771
1217 809
1217 1609
1217 1626
1217 1685
1218 195
1218 423
1218 1424
1218 1462
1218 1673
1218 1778
1218 1793
1218 1833
1219 128
1219 322
1219 821
1219 1096
1219 1545
1220 48
1220 84
1220 256
1220 419
1220 520
1220 754
1220 1029
1220 1185
1221 16
1221 179
1221 384
1221 514
1221 674
1222 34
1222 308
1222 331
1222 336
1222 379
1222 602
1222 709
1222 1302
1223 225
1224 96
1224 578
1224 768
1224 1044
1224 1767
1225 49
1225 128
1225 260
1225 324
1225 652
1225 674
1225 1040
1225 1580
1226 1212
1226 1540
1227 6
1227 85
1227 141
1227 512
1227 523
1227 532
1227 1377
1228 789
1228 1077
1228 1285
1229 27
1229 132
1229 273
1229 449
1229 1389
1230 521
1231 32
1231 593
1231 1157
1231 1541
1232 136
1232 144
1232 272
1232 1056
1232 1180
1233 266
1233 590
1233 776
1233 832
1234 259
1234 337
1234 520
1234 1024
1235 77
1235 160
1235 384
1235 448
1236 64
1236 104
1236 144
1236 616
1236 880
1236 1161
1236 1544
1237 19
1237 84
1237 513
1238 407
1238 469
1238 1153
1238 1800
1239 356
1239 1095
1240 148
1240 644
1240 1152
1241 0
1241 721
1241 1316
1242 2
1242 100
1242 219
1242 643
1243 184
1243 289
1243 438
1243 911
1244 9
1244 674
1244 1412
1245 19
1245 68
1245 105
1245 1222
1245 1285
1247 592
1247 896
1248 214
1248 355
1248 600
1248 1373
1248 1608
1248 1794
1249 1045
1249 1066
1249 1093
1249 1795
1249 2017
1250 0
1250 52
1250 513
1250 1280
1250 1639
1251 519
1251 1041
1252 329
1252 514
1252 515
1252 548
1253 25
1254 1257
1255 516
1255 1141
1255 1280
1255 1416
1256 192
1256 704
1256 1041
1256 1044
1256 1225
1258 20
1258 40
1258 582
1258 587
1258 1048
1258 2017
1259 260
1259 1098
1260 280
1260 837
1260 2006
1261 4
1261 356
1261 968
1261 1231
1262 596
1262 800
1262 1012
1263 1516
1264 0
1264 9
1264 457
1264 528
1264 558
1264 1131
1264 1232
1264 1555
1264 1648
1264 1992
1265 7
1265 1074
1265 1244
1265 1456
1265 1817
1265 1826
1266 281
1266 326
1266 673
1267 164
1267 1736
1268 1331
1269 530
1270 1538
1271 1444
1271 1777
1272 251
1272 752
1272 849
1272 1540
1274 1501
1276 198
1276 1024
1277 1281
1278 141
1279 41
1280 100
1280 193
1280 264
1280 294
1280 326
1280 340
1280 378
1280 384
1280 488
1280 532
1280 654
1280 930
1280 1364
1280 1589
1281 0
1281 70
1281 129
1281 134
1281 360
1281 580
1281 1066
1281 1194
1281 1616
1282 48
1282 108
1282 256
1282 282
1282 592
1282 1090
1282 1152
1282 1440
1282 1536
1282 1827
1283 544
1283 592
1283 1309
1284 4
1284 10
1284 76
1284 166
1284 291
1284 420
1284 651
1284 1264
1284 1344
1284 1476
1285 162
1285 200
1285 204
1285 776
1285 952
1285 1377
1286 16
1286 50
1286 75
1286 136
1286 465
1286 665
1287 4
1287 6
1287 1696
1288 8
1288 112
1288 257
1288 273
1288 324
1288 1024
1288 1117
1289 152
1289 525
1289 576
1289 1321
1290 129
1290 152
1290 594
1290 769
1290 1226
1290 1600
1290 1754
1291 66
1291 113
1291 430
1291 586
1291 855
1292 448
1292 544
1292 576
1292 675
1292 1032
1292 1185
1292 1202
1293 19
1293 34
1293 142
1293 880
1294 174
1294 1024
1295 72
1295 1090
1296 52
1296 71
1296 158
1296 388
1296 656
1296 871
1296 1024
1296 1071
1296 1078
1296 1285
1296 1286
1296 1310
1296 1313
1296 1316
1296 1392
1296 1540
1297 132
1297 530
1297 1049
1297 1224
1297 1536
1298 133
1298 598
1298 786
1298 1600
1298 1664
1299 4
1299 26
1299 304
1299 1210
1299 1924
1300 3
1300 68
1300 69
1300 224
1300 560
1300 648
1300 1024
1301 268
1301 517
1301 928
1301 1460
1301 1805
1302 676
1302 1051
1302 1178
1302 1401
1303 1552
1304 16
1304 128
1304 292
1304 388
1304 561
1304 777
1304 1032
1304 1088
1304 1936
1305 569
1305 1374
1306 1
1306 185
1306 192
1306 274
1306 292
1306 628
1306 1056
1306 1072
1306 1866
1307 1088
1308 88
1308 142
1308 416
1308 525
1308 773
1308 847
1309 8
1309 33
1309 42
1309 595
1309 897
1310 32
1310 282
1310 1037
1310 1604
1311 576
1312 5
1312 36
1312 146
1312 234
1312 265
1312 306
1312 472
1312 528
1312 716
1312 724
1312 1032
1312 1100
1312 1303
1312 1552
1312 1645
1312 1877
1312 1929
1313 16
1313 75
1313 100
1313 272
1313 576
1313 1209
1313 1582
1314 48
1314 56
1314 84
1314 178
1314 1028
1314 1729
1315 32
1315 835
1315 1036
1315 1037
1315 1090
1316 48
1316 960
1316 1182
1316 1505
1317 146
1317 618
1318 3
1318 22
1318 132
1318 147
1318 230
1318 658
1318 1579
1318 1728
1319 8
1320 26
1320 127
1320 234
1320 526
1320 576
1320 654
1320 1025
1320 1058
1320 1288
1321 992
1321 1538
1322 8
1322 80
1322 134
1322 428
1322 588
1322 1028
1323 84
1323 850
1323 1158
1324 165
1324 768
1324 1088
1324 1231
1324 1396
1325 537
1326 67
1326 1028
1326 1664
1327 205
1327 1240
1328 4
1328 11
1328 36
1328 524
1328 1064
1329 66
1329 110
1329 226
1329 343
1329 582
1329 642
1329 1057
1329 1478
1330 1
1330 105
1330 108
1330 512
1330 605
1330 1125
1330 1228
1330 1632
1331 896
1332 110
1332 256
1332 642
1332 1038
1332 1064
1332 1834
1333 550
1333 1356
1333 1570
1333 1618
1334 836
1334 1288
1334 1553
1335 269
1335 692
1336 139
1337 30
1337 1068
1337 1291
1337 1746
1338 102
1338 387
1338 442
1338 768
1338 809
1338 1163
1339 593
1340 64
1340 119
1340 138
1341 1064
1342 711
1344 96
1344 146
1344 404
1344 519
1344 1089
1344 1379
1344 1536
1345 46
1345 105
1345 112
1345 144
1345 741
1345 1034
1345 1078
1345 1540
1345 1563
1346 15
1346 21
1346 25
1346 34
1346 768
1346 1024
1346 1209
1346 1420
1346 1809
1347 17
1347 96
1347 127
1347 344
1347 411
1347 655
1347 656
1347 1100
1348 113
1348 146
1348 168
1348 329
1348 422
1348 1182
1349 1
1349 17
1349 113
1349 520
1349 752
1349 1074
1349 1681
1350 56
1350 67
1350 512
1350 1042
1350 1056
1350 1416
1350 1580
1352 176
1352 296
1352 544
1352 1826
1353 17
1353 352
1353 448
1353 677
1354 50
1354 260
1354 336
1354 399
1354 897
1354 1002
1354 1234
1354 1806
1355 34
1355 229
1356 38
1356 43
1356 136
1356 356
1356 924
1356 1077
1356 1537
1357 19
1357 179
1357 903
1357 1344
1358 1
1358 1560
1358 1824
1359 24
1359 549
1360 45
1360 78
1360 309
1360 355
1361 64
1361 662
1361 907
1361 1652
1361 1668
1361 1680
1362 0
1362 34
1362 547
1363 337
1363 1088
1364 16
1364 514
1365 719
1366 7
1366 577
1366 1133
1366 1197
1366 1957
1367 134
1368 512
1368 521
1368 1003
1368 1042
1368 1050
1369 1290
1370 274
1371 436
1371 522
1371 1424
1372 197
1372 1098
1372 1570
1372 1688
1373 1933
1374 336
1374 1024
1376 31
1376 36
1376 78
1376 652
1376 724
1376 1068
1376 1809
1377 64
1377 1093
1378 44
1378 61
1378 162
1378 1476
1379 1305
1380 84
1380 114
1380 142
1380 290
1380 800
1380 1192
1380 1427
1382 168
1382 650
1382 1050
1382 1799
1383 19
1384 578
1384 640
1384 1040
1384 1188
1384 1443
1384 1860
1385 427
1386 260
1386 1182
1386 1189
1387 1833
1388 192
1388 1041
1389 38
1389 256
1389 671
1391 64
1391 72
1392 521
1392 579
1392 855
1392 1540
1393 112
1393 1154
1393 1224
1394 874
1395 1572
1395 1892
1396 1420
1397 9
1397 56
1399 1224
1399 1572
1400 514
1400 554
1400 793
1400 1296
1402 1540
1404 1052
1404 1159
1405 650
1406 912
1408 34
1408 107
1408 768
1408 992
1408 1152
1408 1427
1408 1648
1408 1768
1409 11
1409 168
1409 196
1409 524
1409 1034
1409 1277
1409 1298
1410 8
1410 130
1410 266
1410 267
1410 314
1410 1032
1410 1253
1410 1372
1410 1422
1411 79
1411 256
1411 678
1411 714
1411 792
1411 2039
1412 5
1412 99
1412 128
1412 144
1412 342
1412 609
1412 769
1412 796
1412 1379
1412 1609
1413 16
1413 40
1413 293
1413 1669
1414 85
1414 324
1414 645
1414 739
1414 1292
1415 68
1415 243
1415 289
1415 552
1416 354
1416 960
1416 1044
1416 1641
1417 40
1417 49
1417 482
1417 756
1417 769
1417 1115
1417 1734
1417 1940
1418 245
1418 520
1418 560
1418 928
1418 1029
1418 1921
1419 5
1419 132
1420 23
1420 64
1420 672
1420 1096
1420 1802
1421 49
1421 512
1421 523
1421 1152
1422 31
1422 74
1422 747
1422 908
1422 1026
1422 1185
1423 145
1423 634
1423 880
1423 1822
1424 16
1424 150
1424 182
1424 292
1424 652
1424 1864
1425 98
1425 328
1425 521
1426 1
1426 60
1426 192
1426 304
1426 544
1426 1040
1426 1852
1427 272
1427 642
1428 2
1428 66
1428 100
1428 1285
1429 399
1429 1237
1429 1397
1430 1504
1430 1921
1431 929
1432 4
1432 24
1432 1071
1432 1121
1432 1254
1433 32
1433 576
1433 720
1433 1577
1433 1891
1433 1908
1434 584
1436 199
1436 260
1436 658
1437 0
1437 1313
1438 9
1438 929
1438 1285
1439 1664
1440 10
1440 50
1440 65
1440 120
1440 162
1440 617
1440 1228
1440 1378
1440 1682
1441 49
1441 291
1441 392
1441 984
1441 1281
1442 386
1442 1096
1443 32
1443 385
1443 554
1444 139
1444 396
1444 606
1444 1076
1444 1608
1445 267
1446 68
1446 488
1446 650
1447 422
1448 548
1449 465
1449 820
1449 1056
1450 0
1450 872
1450 1760
1451 1
1451 37
1451 40
1451 711
1451 1152
1452 645
1452 1476
1453 448
1454 65
1454 192
1454 222
1454 330
1454 456
1454 1154
1454 1474
1455 1290
1456 1547
1457 1565
1458 460
1458 659
1458 1609
1459 59
1459 128
1460 33
1461 369
1461 1089
1461 1367
1462 12
1462 690
1464 24
1464 537
1464 1384
1465 145
1465 312
1465 705
1466 261
1466 548
1466 931
1467 540
1468 320
1469 1896
1472 22
1472 163
1472 178
1472 598
1472 780
1472 1092
1473 364
1473 1168
1473 1548
1474 582
1474 1056
1474 1068
1474 1449
1475 668
1476 512
1476 548
1476 1228
1476 1296
1476 1480
1476 1619
1477 552
1477 1124
1477 1125
1478 268
1478 355
1478 440
1478 546
1478 1122
1480 299
1480 354
1481 302
1481 337
1481 1482
1482 1576
1483 19
1484 194
1484 451
1485 131
1485 968
1485 1856
1486 272
1486 356
1486 1173
1488 365
1488 521
1488 656
1488 933
1489 523
1490 83
1490 149
1490 561
1490 1037
1490 1299
1491 132
1491 1426
1491 1800
1492 262
1492 1152
1493 669
1493 1029
1494 1440
1495 3
1495 57
1495 604
1495 642
1495 1025
1496 524
1496 823
1496 1346
1496 1557
1497 964
1498 542
1498 1082
1499 324
1499 557
1500 14
1500 141
1500 200
1501 151
1501 584
1504 0
1504 45
1504 62
1504 70
1504 137
1504 560
1504 1036
1506 257
1507 1296
1508 264
1510 521
1512 368
1512 1152
1512 1323
1513 1041
1513 1555
1514 12
1514 258
1514 273
1514 377
1515 1456
1516 1828
1518 977
1519 64
1519 645
1520 947
1521 92
1521 930
1522 352
1523 1570
1525 638
1526 1199
1527 656
1528 1128
1531 1232
1533 34
1533 384
1535 1114
1536 12
1536 33
1536 40
1536 83
1536 128
1536 171
1536 256
1536 261
1536 526
1536 784
1536 900
1536 1171
1536 1173
1536 1916
1537 1
1537 39
1537 66
1537 228
1537 332
1537 400
1537 480
1537 538
1537 611
1537 781
1537 1024
1537 1154
1537 1425
1537 1548
1537 1617
1537 1913
1538 288
1538 513
1538 553
1538 576
1538 608
1538 674
1538 1057
1538 1168
1538 1889
1538 2004
1539 17
1539 200
1539 257
1539 288
1539 293
1540 3
1540 5
1540 119
1540 265
1540 280
1540 368
1540 552
1540 555
1540 1280
1540 1349
1540 1356
1540 1600
1540 1732
1540 1935
1541 137
1541 174
1541 296
1541 320
1541 554
1541 801
1541 834
1541 1043
1541 1056
1541 1267
1541 1402
1541 1635
1541 1768
1541 2020
1542 64
1542 272
1542 313
1542 463
1542 1474
1542 1575
1543 72
1543 316
1543 384
1543 631
1543 830
1543 1364
1544 389
1544 580
1544 630
1544 954
1544 1067
1544 1120
1544 1232
1544 1665
1545 12
1545 64
1545 518
1545 586
1545 628
1545 643
1546 282
1546 392
1546 432
1546 670
1546 788
1546 905
1546 1317
1546 1551
1546 1962
1547 3
1547 33
1547 52
1547 167
1547 1167
1547 1625
1548 10
1548 12
1548 130
1548 218
1548 1152
1548 1456
1548 1544
1548 1627
1548 1665
1548 1763
1549 82
1549 97
1550 0
1550 320
1550 820
1550 1056
1550 1612
1550 1684
1551 5
1551 289
1551 640
1551 770
1551 1716
1552 0
1552 8
1552 64
1552 162
1552 192
1552 205
1552 274
1552 389
1552 548
1552 712
1552 820
1552 1284
1552 1344
1552 1733
1553 28
1553 147
1553 678
1553 772
1553 848
1553 901
1554 2
1554 12
1554 40
1554 113
1554 340
1554 406
1554 745
1554 1312
1554 1884
1555 0
1555 233
1555 236
1555 515
1555 659
1555 1032
1556 0
1556 262
1556 285
1556 302
1556 322
1556 1178
1557 41
1557 552
1557 637
1557 648
1557 1721
1557 1810
1558 202
1558 491
1558 640
1558 1364
1558 1685
1559 1
1559 9
1559 96
1559 312
1559 772
1559 1287
1559 1831
1559 1944
1560 5
1560 985
1560 1187
1560 1869
1561 16
1561 285
1562 598
1563 45
1563 131
1563 549
1563 869
1563 1024
1564 263
1564 800
1564 1032
1564 1654
1565 512
1565 1936
1566 260
1566 550
1566 1034
1566 1049
1566 1184
1567 269
1568 264
1568 548
1568 600
1568 964
1568 1178
1568 1360
1568 1690
1568 1921
1569 129
1569 1157
1569 1538
1569 1698
1570 8
1570 112
1570 147
1570 612
1570 838
1570 906
1570 1042
1570 1366
1570 1559
1571 1029
1571 1360
1572 189
1572 385
1572 833
1572 1154
1573 265
1573 1355
1573 1457
1573 1480
1573 1545
1573 1568
1575 68
1575 1024
1576 480
1576 580
1576 1413
1576 1448
1576 1572
1577 3
1577 36
1577 278
1577 834
1577 1069
1577 1179
1577 1782
1578 68
1578 86
1578 160
1578 264
1578 512
1578 641
1578 1408
1579 129
1580 1
1580 195
1580 256
1580 307
1580 1138
1580 1215
1580 1302
1580 1615
1581 148
1581 406
1581 482
1581 1082
1582 71
1582 277
1582 288
1582 322
1582 461
1582 1729
1583 977
1584 0
1584 33
1584 69
1584 400
1584 448
1584 1073
1584 1919
1585 262
1586 58
1586 260
1586 897
1587 247
1587 1441
1587 1629
1588 109
1588 1441
1589 600
1589 1616
1590 736
1590 1107
1590 1954
1591 128
1591 557
1592 2
1592 205
1592 519
1593 224
1593 352
1593 1752
1594 288
1594 518
1595 1448
1596 1033
1597 360
1599 784
1599 1065
1599 1568
1600 20
1600 56
1600 276
1600 384
1600 390
1600 539
1600 593
1600 667
1600 686
1600 912
1600 1290
1600 1664
1601 293
1601 1101
1601 1602
1602 32
1602 80
1602 105
1602 117
1602 304
1602 715
1602 1053
1602 1088
1602 1325
1603 136
1603 485
1603 579
1603 771
1603 1293
1603 1456
1604 32
1604 44
1604 331
1604 512
1604 537
1604 587
1604 736
1604 1440
1604 1958
1605 37
1605 319
1605 321
1605 486
1605 1155
1606 208
1606 264
1606 384
1606 449
1606 722
1606 1296
1606 1713
1607 710
1607 1696
1608 12
1608 46
1608 67
1608 264
1608 649
1608 1228
1609 260
1609 269
1609 282
1609 723
1609 1560
1610 2
1610 569
1610 1056
1610 1062
1610 1664
1611 43
1611 658
1611 709
1612 192
1612 320
1612 1457
1613 178
1613 261
1613 1558
1614 1314
1616 4
1616 17
1616 101
1616 164
1616 513
1616 683
1616 838
1616 1110
1616 1314
1616 1591
1616 1800
1617 142
1617 163
1617 406
1617 517
1617 1100
1618 272
1618 678
1618 932
1619 24
1619 98
1620 2
1620 135
1620 1812
1621 4
1621 66
1621 192
1621 344
1622 132
1623 369
1623 1536
1624 1376
1624 1490
1625 120
1625 252
1625 641
1625 1036
1625 1376
1625 1858
1626 2
1627 1
1628 522
1628 1087
1629 445
1629 1205
1629 1352
1630 162
1631 34
1632 19
1632 135
1632 152
1632 259
1632 292
1632 327
1632 387
1632 778
1632 897
1632 1054
1632 1288
1632 1379
1632 1639
1633 34
1633 165
1633 320
1633 524
1633 800
1633 1214
1634 24
1634 1174
1634 1765
1635 180
1635 208
1635 1176
1635 1546
1636 226
1636 512
1636 776
1636 842
1637 268
1637 624
1637 808
1638 180
1638 1016
1640 194
1640 200
1640 682
1641 29
1641 78
1641 130
1641 332
1641 1165
1642 224
1642 1034
1642 1413
1643 0
1643 102
1643 122
1643 157
1643 539
1643 1059
1644 581
1644 1408
1644 1499
1646 385
1646 596
1646 823
1647 128
1647 1176
1648 96
1648 128
1648 262
1648 348
1648 355
1648 529
1649 146
1649 838
1649 1184
1649 1549
1649 1715
1650 1028
1651 46
1651 189
1651 673
1652 376
1652 538
1652 656
1652 1669
1653 275
1653 1210
1656 8
1656 580
1656 1376
1656 1431
1656 1920
1658 96
1658 285
1658 336
1658 1284
1658 1302
1659 408
1660 448
1660 540
1661 107
1661 288
1662 128
1662 327
1662 1606
1664 0
1664 26
1664 706
1664 780
1664 1039
1664 1236
1664 1391
1664 1552
1664 1807
1665 20
1665 260
1665 512
1665 997
1665 1100
1665 1180
1665 1305
1666 5
1666 38
1666 44
1666 178
1666 376
1666 384
1667 2
1667 329
1667 800
1667 948
1667 1224
1668 0
1668 53
1668 90
1668 154
1668 528
1668 1064
1668 1170
1668 1244
1668 1669
1669 16
1669 192
1669 552
1669 1554
1669 1628
1670 92
1670 310
1670 402
1670 1031
1670 1170
1671 666
1671 849
1671 1288
1671 1683
1672 7
1672 197
1672 411
1672 1040
1672 1185
1672 1312
1673 253
1673 1069
1674 1074
1674 1304
1675 193
1675 272
1675 1116
1675 1120
1675 1201
1676 151
1676 304
1676 1124
1677 3
1677 82
1677 85
1677 89
1677 386
1677 547
1677 918
1677 1568
1678 337
1678 464
1678 1070
1679 1324
1680 290
1680 602
1680 921
1680 1137
1680 1564
1680 1605
1680 1608
1681 48
1681 162
1681 1308
1681 1899
1682 265
1682 449
1683 1564
1684 90
1684 291
1684 498
1684 1548
1684 1801
1684 2000
1685 489
1685 504
1685 1368
1685 1877
1686 464
1687 153
1687 156
1688 71
1688 176
1688 329
1688 863
1688 1029
1688 1240
1688 1400
1688 2011
1689 352
1689 373
1689 1354
1690 2
1690 72
1691 176
1691 201
1691 1033
1692 1
1693 201
1693 1486
1694 279
1694 1580
1695 404
1695 1105
1696 226
1696 396
1696 408
1696 549
1696 710
1696 747
1696 776
1696 1362
1696 1408
1697 11
1697 528
1697 582
1697 1542
1698 13
1698 252
1698 272
1698 1024
1698 1348
1699 1
1699 89
1699 641
1699 982
1699 1968
1700 9
1700 136
1700 259
1700 1024
1701 140
1701 1090
1702 136
1702 333
1702 472
1702 567
1702 637
1702 1052
1702 1550
1703 80
1703 166
1703 346
1703 1760
1704 34
1704 56
1704 64
1704 653
1704 1056
1704 1634
1706 736
1706 1152
1707 840
1707 1664
1708 1166
1708 1855
1709 576
1709 1026
1709 1120
1709 1305
1709 1312
1711 260
1712 646
1712 1056
1712 1176
1712 1424
1712 1559
1712 1718
1713 1350
1714 210
1714 261
1714 1351
1715 129
1716 272
1716 616
1716 1032
1716 1041
1716 1120
1718 28
1718 1156
1719 68
1720 1286
1720 1474
1720 1548
1722 24
1722 68
1722 1675
1724 35
1724 88
1724 537
1724 1890
1725 1280
1726 66
1726 1412
1728 66
1728 291
1728 1034
1728 1036
1728 1121
1729 907
1730 514
1730 584
1731 72
1732 49
1732 269
1732 1713
1733 96
1733 530
1733 872
1733 1459
1734 266
1734 1696
1736 43
1737 32
1738 396
1739 8
1739 78
1739 134
1740 23
1740 70
1740 262
1740 1608
1741 240
1741 1296
1742 18
1742 323
1742 452
1743 2
1743 308
1744 134
1745 32
1745 226
1745 992
1746 5
1746 32
1746 738
1747 532
1747 584
1747 769
1747 1033
1748 9
1748 40
1748 395
1749 62
1749 1648
1751 43
1751 842
1751 1033
1751 1816
1753 1042
1753 1302
1754 1329
1756 1962
1759 6
1759 36
1760 74
1760 104
1760 257
1760 313
1760 326
1760 472
1760 902
1761 6
1762 1176
1764 583
1765 8
1765 80
1765 1320
1766 954
1768 340
1768 1251
1769 6
1769 512
1770 1027
1770 2036
1771 259
1772 1
1772 1131
1773 230
1774 1
1774 514
1774 1765
1775 6
1775 1190
1776 691
1776 1270
1778 385
1779 880
1780 1036
1780 1368
1781 963
1782 1
1782 408
1784 261
1784 277
1784 387
1784 525
1784 1344
1786 1318
1786 1360
1788 279
1788 368
1788 1158
1789 457
1791 10
1791 48
1792 33
1792 152
1792 163
1792 265
1792 474
1792 556
1792 648
1792 720
1792 1029
1792 1744
1792 1866
1793 25
1793 320
1793 514
1793 528
1793 538
1793 706
1793 1024
1793 1633
1794 64
1794 301
1794 576
1795 90
1795 171
1795 206
1795 657
1795 1091
1795 1125
1796 65
1796 72
1796 1052
1796 1846
1797 62
1797 392
1798 521
1798 528
1798 531
1798 542
1798 785
1798 1029
1798 1689
1799 16
1799 488
1799 776
1799 1285
1799 1712
1800 98
1800 1552
1800 1624
1801 1565
1801 1764
1802 65
1802 93
1802 141
1802 323
1802 644
1802 768
1802 791
1802 1187
1802 1232
1803 66
1803 387
1803 1313
1804 7
1804 320
1804 513
1804 1160
1804 1361
1804 1554
1805 230
1806 336
1806 768
1806 1361
1808 0
1808 34
1808 68
1808 309
1808 417
1808 1031
1808 1110
1808 1812
1809 521
1809 1800
1810 95
1810 272
1810 514
1810 518
1810 1024
1810 1161
1811 153
1811 208
1811 276
1811 642
1812 118
1812 289
1812 1188
1812 1550
1812 1611
1813 103
1813 227
1813 518
1813 1028
1813 1833
1814 642
1814 1124
1814 1624
1815 392
1816 26
1816 310
1816 1192
1816 1928
1817 4
1818 32
1818 336
1818 1376
1819 322
1820 23
1820 168
1820 897
1821 9
1821 530
1823 0
1824 11
1824 17
1824 69
1824 144
1824 168
1824 197
1824 262
1824 434
1824 776
1824 801
1824 836
1824 1026
1824 1032
1824 1289
1825 266
1825 291
1825 350
1825 777
1825 800
1826 814
1826 1267
1826 1541
1826 1835
1826 1948
1827 647
1827 704
1827 1748
1828 112
1828 134
1828 341
1828 363
1828 574
1828 1073
1828 1457
1829 68
1829 1100
1830 839
1831 0
1831 521
1831 718
1831 1201
1832 12
1832 256
1832 274
1832 329
1832 645
1832 1219
1832 1235
1833 32
1833 51
1833 198
1833 784
1833 1024
1835 258
1836 333
1836 1166
1836 1857
1837 261
1837 648
1838 1296
1839 320
1840 1032
1840 1087
1840 1412
1840 1840
1841 0
1841 365
1841 1024
1842 523
1842 679
1842 1024
1843 262
1843 1699
1844 8
1844 802
1845 1040
1846 2
1846 266
1848 94
1848 289
1848 512
1848 1252
1848 1858
1850 140
1850 171
1850 1024
1853 112
1853 301
1853 314
1853 1314
1854 138
1855 366
1856 4
1856 100
1856 267
1856 404
1856 545
1856 640
1856 674
1856 800
1856 1646
1857 264
1857 1522
1858 192
1858 368
1858 1026
1859 266
1859 326
1859 557
1859 1040
1860 0
1860 1
1861 350
1861 410
1861 1291
1862 1088
1863 1345
1864 133
1864 356
1864 772
1864 1348
1864 1797
1865 9
1865 102
1865 556
1865 1105
1867 4
1867 1034
1867 1768
1868 72
1869 36
1870 609
1870 816
1871 84
1871 224
1871 1136
1871 1808
1872 1
1872 46
1872 305
1872 1661
1873 130
1873 296
1873 545
1873 864
1873 1712
1874 1281
1874 1592
1875 112
1875 544
1875 1195
1876 0
1876 140
1876 1027
1876 1373
1877 64
1877 356
1877 970
1877 1084
1879 1408
1880 372
1881 1027
1881 1031
1881 1314
1884 1043
1884 1158
1884 1297
1885 21
1885 641
1888 132
1888 197
1888 199
1888 274
1888 904
1889 161
1889 674
1890 47
1890 51
1890 665
1890 1474
1891 593
1892 12
1892 520
1892 832
1893 1664
1894 0
1896 568
1896 1256
1896 1708
1896 1997
1897 16
1897 168
1898 66
1899 1612
1900 668
1900 932
1901 502
1902 33
1902 666
1903 1260
1904 722
1904 1144
1905 196
1905 200
1906 129
1906 196
1906 224
1906 296
1906 769
1908 4
1908 104
1910 390
1911 756
1912 128
1912 150
1912 560
1913 290
1916 144
1919 1096
1920 10
1920 12
1920 80
1920 227
1920 529
1920 823
1920 987
1920 1036
1920 1808
1921 73
1921 145
1921 147
1921 394
1921 1202
1921 1350
1922 306
1922 441
1922 624
1922 876
1922 1156
1922 1507
1922 1578
1923 1900
1924 24
1924 162
1924 715
1924 1536
1925 50
1925 135
1925 478
1926 513
1926 690
1926 777
1926 1060
1926 1192
1927 416
1927 1024
1927 1046
1928 165
1928 1680
1929 39
1929 41
1929 645
1929 1453
1929 1477
1930 152
1930 388
1931 97
1931 1098
1931 1224
1931 1668
1932 522
1933 64
1933 576
1933 1365
1936 265
1936 274
1936 681
1936 1172
1937 652
1937 669
1937 1248
1938 148
1938 1216
1938 1334
1939 37
1939 409
1940 980
1940 1099
1940 1377
1941 1041
1941 1552
1942 721
1943 582
1944 37
1944 329
1945 12
1945 1056
1945 1240
1946 676
1946 1037
1950 1
1952 28
1952 144
1952 272
1952 728
1952 1373
1953 0
1953 40
1953 570
1953 1328
1954 65
1954 728
1954 1108
1954 1224
1954 1446
1955 1128
1956 1551
1957 18
1957 1366
1958 161
1958 170
1959 105
1959 1125
1960 525
1961 208
1964 4
1964 25
1964 56
1965 84
1965 867
1966 297
1966 329
1966 1041
1967 1114
1968 19
1968 456
1968 481
1970 1
1970 130
1970 1074
1971 1113
1974 32
1974 115
1974 1036
1975 518
1976 38
1976 79
1976 1616
1977 132
1978 297
1982 622
1984 1
1984 26
1984 1016
1984 1080
1985 790
1985 1040
1986 192
1986 1175
1986 1286
1986 1486
1987 135
1988 40
1988 66
1988 129
1988 1169
1988 1873
1989 72
1990 652
1990 904
1991 232
1991 728
1991 1080
1992 200
1992 804
1992 1024
1993 656
1993 864
1993 1164
1994 148
1994 326
1994 592
1996 3
1996 1248
1997 1094
1998 516
1998 1817
2000 256
2000 674
2000 1132
2001 160
2001 1032
2002 1628
2003 525
2003 716
2003 1029
2003 1568
2004 600
2004 900
2004 1080
2006 865
2006 1664
2007 344
2007 928
2008 4
2008 1057
2008 1984
2009 584
2010 201
2010 648
2011 524
2011 545
2012 0
2012 546
2012 1306
2013 1128
2015 1093
2015 1280
2017 176
2018 1154
2018 1668
2019 64
2019 291
2019 1333
2019 1502
2019 1800
2020 1040
2024 424
2024 1779
2025 32
2025 1600
2027 1792
2030 40
2030 1027
2032 84
2032 1296
2033 291
2036 515
2037 0
2037 257
2038 74
2041 9
2041 328
2046 1032
