# Synthetic Kronecker Graph 
# Edges are directed 
0 2
0 6
0 17
0 22
0 24
0 28
0 37
0 41
0 54
0 59
0 81
0 85
0 104
1 13
1 21
1 55
2 0
2 85
2 86
3 4
3 11
3 34
3 39
3 68
4 0
4 30
4 48
4 92
5 8
5 35
5 73
6 84
7 24
7 44
8 32
8 33
8 38
8 55
8 80
9 2
9 6
10 8
10 21
10 84
10 99
11 0
11 36
11 124
12 65
12 112
13 0
13 7
13 8
13 18
13 33
13 37
14 32
14 66
15 33
15 48
15 74
15 81
15 87
16 10
16 32
16 66
16 72
16 81
17 6
17 8
17 22
17 52
17 76
18 2
18 7
18 12
18 32
18 37
18 81
18 83
18 89
19 5
19 8
19 88
20 2
20 8
20 105
21 3
21 32
21 36
21 85
22 0
22 27
22 28
22 80
22 118
23 61
23 64
23 82
24 2
24 20
24 36
24 64
24 96
24 100
25 18
25 70
25 108
26 38
26 64
26 80
26 100
26 117
27 0
27 33
28 48
28 89
28 113
29 2
29 62
30 40
30 78
31 10
32 16
32 22
32 34
32 48
32 77
32 108
33 17
33 65
33 98
34 24
34 34
35 0
35 12
35 65
36 2
36 12
36 22
36 41
36 87
37 1
37 5
37 18
37 26
38 96
38 100
38 112
39 25
39 32
39 84
40 0
40 24
40 25
40 57
40 86
41 0
41 16
42 2
42 12
42 73
42 83
42 101
43 8
43 20
44 34
44 76
46 12
46 41
47 44
48 1
48 5
48 66
49 21
49 43
50 98
51 14
51 25
51 32
51 66
51 81
52 0
52 7
52 41
52 48
52 73
52 76
52 117
53 4
55 4
55 32
56 97
57 4
57 8
57 14
57 63
57 70
57 86
58 23
58 29
61 10
61 30
61 75
61 80
63 97
64 1
64 9
64 48
64 55
64 72
64 74
64 118
65 1
65 2
65 20
65 34
65 36
66 20
66 71
67 0
67 16
67 122
68 0
68 4
68 5
68 20
68 26
68 40
68 100
69 8
69 40
69 66
69 76
70 22
70 67
70 80
71 11
72 1
72 66
72 71
72 82
72 114
73 0
73 54
73 69
74 58
75 14
76 2
76 42
76 69
77 51
77 80
78 19
78 32
78 74
80 0
80 6
80 16
80 35
80 86
80 112
81 0
82 18
82 76
82 90
83 71
84 1
84 104
85 8
85 98
86 63
87 0
88 1
88 24
89 16
89 42
89 51
90 0
90 66
91 82
92 0
92 16
93 4
93 10
93 12
94 0
96 8
96 38
96 96
97 27
98 6
98 106
98 114
100 2
100 4
101 30
102 82
102 117
104 0
104 2
104 40
104 71
104 104
105 42
106 52
106 101
107 44
108 33
108 75
109 67
110 27
110 65
110 73
111 3
112 4
112 68
113 8
113 98
114 8
114 48
116 42
118 9
119 16
119 22
120 9
120 21
120 44
121 66
122 16
124 65
124 108
125 35
126 0
