# Synthetic Kronecker Graph 
# Edges are directed 
0 0
0 20
0 31
0 130
0 162
0 182
0 185
0 188
0 276
0 282
0 291
0 344
0 512
0 536
0 547
0 556
0 562
0 573
0 605
0 606
0 647
0 652
0 680
0 728
0 768
0 834
0 837
0 1024
0 1033
0 1056
0 1124
0 1228
0 1296
0 1434
0 1447
0 1601
0 1720
0 2013
1 5
1 18
1 111
1 262
1 300
1 336
1 341
1 386
1 648
1 902
1 909
1 968
1 1024
1 1152
1 1174
1 1232
1 1545
1 1592
1 1636
2 1
2 278
2 288
2 290
2 513
2 570
2 588
2 674
2 918
2 1120
2 1220
2 1536
2 1542
2 1576
2 1819
2 1954
3 5
3 17
3 201
3 264
3 268
3 329
3 362
3 513
3 684
3 1114
3 1157
3 1184
3 1357
3 1377
3 1440
3 1832
4 0
4 2
4 4
4 17
4 67
4 96
4 120
4 141
4 144
4 168
4 170
4 224
4 328
4 433
4 514
4 515
4 521
4 593
4 672
4 683
4 741
4 786
4 983
4 1026
4 1029
4 1061
4 1116
4 1184
4 1284
4 1385
4 1448
4 1538
4 1568
4 1572
4 1680
4 1696
4 1762
5 168
5 206
5 290
5 333
5 472
5 520
5 538
5 548
5 680
5 768
5 1049
5 1411
5 1667
6 33
6 106
6 128
6 266
6 495
6 641
6 791
6 1028
6 1324
6 1419
6 1474
6 1512
7 2
7 11
7 12
7 14
7 53
7 64
7 134
7 138
7 266
7 304
7 460
7 496
7 520
7 580
7 798
7 1596
8 1
8 9
8 14
8 15
8 20
8 33
8 77
8 129
8 144
8 260
8 272
8 328
8 545
8 573
8 578
8 582
8 643
8 658
8 752
8 785
8 842
8 1156
8 1324
8 1441
8 1540
8 1798
9 32
9 70
9 129
9 324
9 326
9 579
9 697
9 782
9 1024
9 1038
9 1061
9 1676
9 1778
10 1
10 34
10 75
10 165
10 213
10 262
10 401
10 474
10 568
10 693
10 878
10 1256
10 1346
10 1540
10 1640
11 5
11 6
11 56
11 401
11 521
11 870
11 992
11 1061
11 1152
11 1171
11 1188
11 1193
11 1616
11 1716
11 1795
12 40
12 66
12 202
12 231
12 256
12 329
12 344
12 411
12 673
12 774
12 802
12 935
12 1216
12 1544
12 1617
12 2046
13 8
13 329
13 516
13 522
13 703
13 1433
14 196
14 256
14 480
14 522
14 569
14 776
14 1411
14 1734
15 107
15 264
15 626
15 684
15 833
15 892
15 896
15 1220
15 1360
16 3
16 19
16 26
16 32
16 48
16 83
16 210
16 260
16 370
16 521
16 654
16 660
16 997
16 1030
16 1101
16 1152
16 1285
16 1331
16 1373
16 1453
16 1795
16 1958
17 1
17 67
17 129
17 513
17 536
17 548
17 779
17 790
17 1083
17 1476
17 1536
17 1573
18 124
18 137
18 140
18 169
18 514
18 554
18 682
18 811
18 1025
18 1058
18 1100
18 1316
19 36
19 258
19 276
19 290
19 454
19 540
19 1040
19 1089
19 1155
19 1538
19 1820
19 1869
20 129
20 192
20 201
20 418
20 528
20 644
20 740
20 780
20 800
20 907
20 980
20 1088
20 1164
20 1301
20 1410
20 1541
20 1666
20 1673
21 2
21 14
21 64
21 69
21 70
21 71
21 257
21 361
21 392
21 600
21 838
21 939
21 1136
22 50
22 169
22 226
22 547
22 770
22 1210
22 1600
23 1
23 542
23 640
23 832
24 32
24 138
24 148
24 159
24 201
24 208
24 284
24 290
24 517
24 785
24 1075
24 1178
24 1228
24 1424
24 1440
24 1803
24 1969
25 48
25 170
25 336
25 641
25 1034
25 1137
25 1157
25 1600
25 1678
26 40
26 83
26 166
26 266
26 525
26 643
26 928
26 1332
26 1601
27 0
27 1
27 100
27 164
27 167
27 387
27 552
27 614
27 848
27 1104
27 1136
27 1709
28 128
28 195
28 514
28 652
28 727
28 848
28 913
28 1104
28 1410
28 1676
29 32
29 423
29 456
29 1097
29 1748
30 0
30 41
30 146
30 262
30 340
30 547
30 1121
30 1153
30 1220
30 1652
31 0
31 408
32 4
32 9
32 48
32 129
32 202
32 217
32 272
32 288
32 384
32 546
32 643
32 676
32 682
32 938
32 1036
32 1094
32 1237
32 1282
32 1312
32 1333
32 1438
32 1497
32 1548
32 1739
32 1770
33 5
33 200
33 262
33 289
33 322
33 662
33 710
33 844
33 874
33 911
33 1037
33 1292
33 1349
33 1827
33 1888
34 24
34 60
34 83
34 161
34 360
34 526
34 544
34 808
34 816
34 912
34 984
34 1088
34 1162
34 1167
34 1282
34 1465
34 1540
34 1549
34 1723
35 64
35 77
35 144
35 204
35 290
35 308
35 462
35 520
35 532
35 610
35 713
35 768
35 1088
35 1139
35 1352
35 1724
36 60
36 72
36 101
36 259
36 263
36 327
36 389
36 448
36 632
36 694
36 1002
36 1121
36 1229
36 1323
36 1506
36 1828
37 256
37 520
37 833
37 1028
37 1072
37 1139
37 1250
37 1368
38 140
38 272
38 400
38 577
38 1088
38 1310
38 1322
38 1953
39 155
39 260
39 448
39 604
39 770
39 925
39 1027
39 1032
39 1445
39 1674
39 1675
39 1824
39 1951
40 0
40 16
40 42
40 64
40 130
40 194
40 258
40 384
40 385
40 422
40 515
40 642
40 916
40 1058
40 1059
40 1425
40 1968
40 1984
41 0
41 4
41 104
41 678
41 896
41 992
41 1028
41 1032
41 1152
41 1171
41 1228
41 1247
41 1336
41 1728
42 184
42 194
42 265
42 350
42 390
42 393
42 400
42 1024
42 1040
42 1732
42 1923
43 44
43 139
43 140
43 297
43 526
43 684
43 1125
44 42
44 50
44 60
44 160
44 324
44 402
44 456
44 559
44 581
44 928
44 1040
44 1052
44 1312
44 1345
44 1417
44 1664
45 49
45 66
45 450
45 577
45 756
45 984
45 1155
45 1600
46 37
46 96
46 298
46 512
46 544
46 560
46 812
46 1127
46 1252
46 1442
47 132
47 224
47 281
47 588
47 1024
47 1156
47 1553
47 1990
48 0
48 4
48 16
48 60
48 65
48 74
48 94
48 128
48 130
48 372
48 385
48 456
48 516
48 573
48 716
48 954
48 1024
48 1032
48 1056
48 1065
48 1078
48 1106
48 1556
49 2
49 10
49 88
49 104
49 388
49 396
49 732
49 820
49 1200
49 1574
50 1
50 34
50 156
50 388
50 555
50 1024
50 1184
50 1313
50 1353
50 1860
51 7
51 8
51 10
51 216
51 476
51 2020
52 19
52 48
52 74
52 137
52 205
52 353
52 395
52 454
52 581
52 689
52 742
52 769
52 821
52 860
52 876
52 1060
52 1065
52 1120
52 1300
52 1308
52 1415
52 1738
53 576
53 901
53 1313
53 1625
54 24
54 166
54 192
54 521
54 808
54 1200
54 1224
54 1296
54 1474
55 0
55 139
55 169
55 432
55 709
55 1128
55 1800
56 45
56 128
56 257
56 528
56 572
56 936
56 1026
56 1096
56 1344
57 13
57 16
57 51
57 98
57 172
57 466
57 604
57 1043
57 1051
57 1056
57 1588
58 530
58 583
58 706
58 1474
59 46
59 276
60 0
60 64
60 312
60 1030
60 1104
60 1784
61 384
62 428
62 723
62 1721
63 32
63 522
63 657
63 1866
64 2
64 33
64 37
64 44
64 113
64 128
64 144
64 148
64 160
64 164
64 368
64 546
64 640
64 668
64 768
64 811
64 1125
64 1234
64 1297
64 1364
64 1385
64 1411
64 1436
64 1485
64 1612
64 1844
64 1976
65 0
65 18
65 36
65 43
65 83
65 88
65 128
65 259
65 275
65 396
65 513
65 526
65 546
65 984
65 1057
65 1066
65 1116
65 1224
65 1416
65 1440
65 1664
65 1672
66 2
66 39
66 136
66 259
66 716
66 770
66 1045
66 1090
66 1095
66 1167
66 1567
66 1664
66 1829
67 20
67 52
67 209
67 336
67 1104
67 1545
67 1684
68 0
68 54
68 116
68 277
68 580
68 600
68 770
68 776
68 920
68 1000
68 1025
68 1090
68 1092
68 1124
68 1634
69 0
69 17
69 59
69 98
69 214
69 257
69 300
69 1353
70 76
70 97
70 192
70 268
70 270
70 610
70 773
70 1208
70 1329
70 1977
71 73
71 292
71 324
71 864
71 873
71 896
71 1024
71 1025
71 1071
71 1240
71 1298
72 9
72 12
72 75
72 86
72 168
72 265
72 515
72 517
72 577
72 722
72 817
72 1026
72 1076
72 1177
72 1384
72 1586
72 1645
72 1729
73 5
73 20
73 44
73 97
73 116
73 206
73 256
73 325
73 351
73 397
73 427
73 442
73 512
73 515
73 522
73 692
74 1
74 8
74 184
74 214
74 264
74 317
74 964
74 968
74 1067
74 1542
75 144
75 165
75 595
75 1286
75 1428
75 1604
75 1859
76 139
76 192
76 273
76 311
76 768
76 1042
76 1078
76 1104
76 1110
76 1280
76 1895
77 22
77 102
77 274
77 294
77 579
77 1059
77 1114
77 1473
78 33
78 147
78 220
78 416
78 552
78 640
78 715
78 864
78 1125
79 297
79 768
79 1091
79 1126
79 1129
79 1360
80 134
80 220
80 328
80 433
80 522
80 914
80 1120
80 1161
80 1302
80 1478
80 1808
81 38
81 118
81 129
81 233
81 401
81 1024
81 1033
81 1162
81 1284
81 1350
81 1481
81 1744
81 1745
81 1880
81 1923
82 33
82 64
82 256
82 293
82 352
82 600
82 730
82 1031
82 1042
82 1440
83 34
83 117
83 794
83 1290
83 1652
83 1731
84 15
84 33
84 34
84 115
84 184
84 402
84 628
84 656
84 1032
84 1126
84 1280
84 1416
84 1734
84 1861
84 1922
85 384
85 537
85 704
85 1228
85 1608
86 258
86 398
86 521
86 641
86 1025
86 1040
86 1062
86 1160
87 86
87 204
87 412
87 544
87 1220
87 1414
88 4
88 7
88 16
88 36
88 104
88 137
88 156
88 165
88 544
88 744
88 802
88 1287
89 50
89 73
89 366
89 641
89 1178
90 0
90 129
90 156
90 601
91 309
91 835
91 881
91 1812
92 67
92 198
92 336
92 642
92 810
93 482
93 578
93 1099
94 1171
95 696
95 1636
96 24
96 89
96 265
96 288
96 563
96 681
96 718
96 1122
96 1243
96 1312
96 1417
96 1418
96 1555
96 1651
97 24
97 78
97 403
97 472
97 514
97 528
97 672
97 1044
97 1187
97 1642
97 1745
97 2040
98 20
98 24
98 384
98 817
98 1026
98 1048
98 1120
99 822
99 1291
100 6
100 21
100 128
100 172
100 208
100 508
100 602
100 625
100 668
100 770
100 866
100 1061
100 1280
100 1312
100 1606
101 68
101 258
101 384
101 653
101 879
102 0
102 326
102 545
102 768
102 983
102 1295
102 1409
103 460
103 832
103 1044
103 1092
103 1163
104 2
104 7
104 34
104 144
104 169
104 256
104 400
104 455
104 566
104 578
104 656
104 851
104 1040
104 1044
104 1159
104 1306
104 1433
104 1479
104 1542
104 1604
105 128
105 134
105 145
105 224
105 338
105 409
105 425
105 452
105 520
105 547
105 1442
105 1682
106 356
106 738
106 978
106 1033
106 1813
107 261
107 656
107 1410
107 1453
108 10
108 47
108 524
108 1090
108 1384
108 1898
109 104
109 198
109 478
109 641
109 672
109 1376
110 82
110 294
110 1321
111 322
111 517
111 834
111 881
112 145
112 200
112 400
112 771
112 776
112 924
112 1142
112 1156
112 1160
112 1282
112 1538
112 2032
113 9
113 154
113 512
113 585
113 1160
113 1604
114 389
114 512
114 514
114 519
114 1216
114 1385
115 260
115 565
115 692
115 740
116 9
116 518
116 530
116 565
116 869
117 578
117 817
117 1379
118 150
118 530
120 84
120 131
120 141
120 235
120 418
120 448
120 467
120 544
120 1036
120 1094
120 1159
120 1494
120 1554
120 1577
121 21
121 227
121 244
121 300
121 530
121 784
121 827
121 1062
122 17
122 908
124 18
124 112
124 652
124 1155
124 1825
125 100
125 567
125 602
125 1060
126 654
126 1201
127 4
127 116
127 545
127 1442
128 14
128 24
128 31
128 56
128 100
128 103
128 256
128 260
128 292
128 441
128 461
128 648
128 656
128 726
128 818
128 948
128 1056
128 1168
128 1187
128 1281
128 1306
128 1408
128 1488
128 1549
128 1553
128 1554
128 1603
128 1640
128 1752
129 4
129 16
129 136
129 347
129 390
129 512
129 514
129 528
129 857
129 1033
129 1088
129 1256
129 1734
130 2
130 12
130 16
130 53
130 105
130 129
130 143
130 285
130 312
130 320
130 406
130 522
130 545
130 656
130 672
130 738
130 777
130 977
130 1032
130 1081
130 1159
130 1211
130 1360
130 1568
130 1640
130 1666
130 1814
131 0
131 160
131 341
131 457
131 775
131 934
131 1046
131 1077
131 1080
131 1160
131 1544
131 1553
132 2
132 35
132 88
132 258
132 276
132 318
132 320
132 752
132 1029
132 1035
132 1084
132 1100
132 1288
132 1412
132 1585
133 33
133 272
133 304
133 395
133 403
133 610
133 644
133 769
133 772
133 1064
133 1091
133 1698
133 1816
133 2028
134 22
134 37
134 40
134 197
134 522
134 544
134 801
134 834
134 1153
134 1162
134 1928
135 6
135 320
135 432
135 657
135 674
135 818
136 14
136 140
136 467
136 512
136 519
136 640
136 654
136 698
136 833
136 1321
136 1803
137 5
137 36
137 80
137 324
137 520
137 580
137 944
137 1024
137 1152
137 1227
137 1319
137 1544
137 1583
137 1774
137 1807
138 0
138 4
138 6
138 132
138 256
138 429
138 512
138 562
138 777
138 809
138 1025
138 1132
138 1316
139 163
139 690
139 996
139 1034
140 328
140 332
140 514
140 517
140 813
140 840
140 1229
140 1280
140 1824
140 1958
141 2
141 7
141 96
141 261
141 336
141 340
141 515
141 516
141 524
141 564
141 768
141 1074
141 1400
141 1696
142 4
142 296
142 320
142 676
142 905
142 1059
142 1208
142 1352
142 1633
143 339
143 346
143 466
143 824
143 1058
144 145
144 256
144 268
144 304
144 325
144 340
144 484
144 512
144 513
144 534
144 536
144 869
144 919
144 1144
144 1163
144 1351
144 1796
144 1830
145 90
145 515
145 521
145 579
145 1434
145 1658
145 2020
146 258
146 374
146 387
146 412
146 881
146 976
146 1158
147 203
147 282
147 505
147 757
147 1291
147 1666
148 35
148 70
148 208
148 262
148 388
148 578
148 731
148 826
148 1457
148 1544
148 1674
148 1821
149 0
149 6
149 9
149 80
149 156
149 273
149 1224
150 80
150 524
150 903
150 913
150 1027
150 1690
151 20
151 48
151 84
151 554
151 704
151 1088
151 1225
151 1638
152 19
152 156
152 192
152 208
152 362
152 382
152 768
152 1059
152 1264
152 1298
152 1345
152 1890
152 1922
153 106
153 549
153 604
153 1154
153 1222
153 1323
153 1442
153 1545
154 11
154 146
154 264
154 536
154 736
154 1163
154 1872
155 82
155 522
155 550
156 105
156 208
156 246
156 388
156 659
156 704
156 1159
156 1163
157 218
157 312
157 457
157 764
157 836
157 1765
158 129
158 250
158 648
158 1140
158 1152
158 1401
158 1498
159 32
159 532
159 1240
159 1318
159 1345
159 1836
160 40
160 136
160 147
160 162
160 337
160 532
160 545
160 843
160 1096
160 1107
160 1410
160 1578
160 1669
160 1900
161 0
161 94
161 112
161 128
161 249
161 566
161 1041
161 1430
161 1754
162 334
162 850
162 1078
162 1089
162 1539
162 1680
162 1880
163 120
163 342
163 590
163 604
163 1058
164 19
164 105
164 628
164 680
164 810
164 840
164 855
164 913
164 1048
164 1665
165 32
165 474
165 1033
165 1815
166 163
166 976
166 1378
166 1616
167 11
167 64
167 226
167 581
168 3
168 4
168 84
168 89
168 133
168 185
168 261
168 705
168 772
168 1089
168 1096
168 1222
168 1290
168 1291
168 1344
168 1460
168 1666
168 1681
169 281
169 322
169 515
169 708
169 1028
169 1804
170 1
170 132
170 151
170 512
170 929
170 1152
170 1292
170 1300
170 1971
171 148
171 257
171 897
171 1028
171 1688
172 320
172 583
172 704
172 1057
172 1601
173 34
173 142
173 261
173 276
173 1064
173 1299
174 547
174 946
174 1035
175 1
175 8
175 84
175 472
175 546
175 1250
175 1272
175 1796
176 260
176 296
176 384
176 1027
176 1152
176 1624
177 116
177 311
178 532
178 613
178 1112
178 1810
179 3
179 4
179 86
179 1288
179 1801
180 68
180 115
180 169
180 266
180 553
180 598
180 648
180 798
181 10
181 774
181 786
181 1092
181 1161
181 1539
182 33
182 37
182 67
182 738
182 1189
182 1321
182 1662
182 1683
182 1711
183 10
183 14
183 64
183 610
183 1621
184 8
184 32
184 48
184 250
184 269
184 786
184 1049
184 1286
184 1328
185 634
185 899
185 1281
185 1460
186 299
186 1570
186 1917
187 9
187 165
187 209
187 368
187 519
187 1313
188 28
188 58
188 602
188 1104
188 1603
189 45
189 132
190 272
190 609
190 854
190 1121
190 1440
192 45
192 64
192 76
192 120
192 144
192 234
192 256
192 261
192 410
192 452
192 528
192 531
192 566
192 864
192 1028
192 1096
192 1099
192 1313
192 1483
192 1546
192 1707
192 1812
193 49
193 128
193 157
193 466
193 532
193 578
193 1048
193 1098
193 1140
194 14
194 48
194 256
194 272
194 704
195 242
195 273
195 392
195 515
195 1034
195 1088
195 1792
196 0
196 17
196 19
196 29
196 39
196 156
196 242
196 673
196 835
196 1186
196 1570
196 1610
196 1626
197 14
197 131
197 467
197 846
197 876
197 1030
197 1290
198 66
198 1313
198 1486
199 0
199 9
199 161
199 723
200 80
200 256
200 350
200 512
200 632
200 640
200 903
200 1072
200 1410
200 1922
201 21
201 266
201 273
201 512
201 518
201 776
201 1393
202 16
202 34
202 80
202 292
202 384
202 593
202 610
202 1033
203 108
203 260
203 620
203 1218
203 1282
203 1421
204 776
204 1192
204 1392
204 1425
205 448
205 1683
206 2
206 147
206 236
206 297
206 456
206 544
206 816
206 1134
207 44
207 49
207 53
208 43
208 129
208 554
208 601
208 706
208 780
208 1216
208 1284
208 1300
208 1602
208 1660
209 38
209 192
209 257
209 274
209 830
209 912
209 1824
210 16
210 527
210 802
210 1096
211 69
211 104
211 1052
211 1089
212 34
212 44
212 67
212 400
212 515
212 517
212 1024
212 1123
212 1292
212 1620
213 5
213 104
213 258
213 451
213 786
213 1108
213 1157
214 0
214 529
215 648
215 713
216 25
216 212
216 277
216 288
216 661
216 1036
216 1632
217 1
217 555
217 1298
217 1381
217 1413
218 774
218 1024
219 194
219 443
220 0
220 64
220 96
220 205
220 394
220 768
220 1344
220 1345
220 1539
221 43
221 212
221 333
221 928
221 1927
223 10
223 168
223 1344
224 288
224 355
224 552
224 1024
224 1548
224 1792
225 8
225 34
225 48
225 288
225 603
225 640
225 1045
225 1792
225 1832
226 2
226 18
226 129
226 1071
227 104
227 848
227 1236
227 1561
227 1648
228 5
228 136
228 232
228 276
228 642
228 652
228 687
228 774
228 901
228 1173
228 1840
229 347
229 1028
229 1556
230 52
230 147
230 624
231 616
231 1092
232 193
232 471
232 641
232 652
232 1024
233 7
233 192
233 276
233 384
233 1220
233 1665
234 18
234 538
234 1153
235 145
235 1260
235 1288
236 193
236 336
236 897
236 1042
236 1504
237 35
237 57
237 242
237 340
237 1109
238 54
238 74
238 141
239 220
239 268
239 269
239 1590
240 49
240 1220
241 387
241 514
242 201
242 396
242 648
242 651
242 805
242 868
242 1037
242 1045
242 1568
243 73
243 137
243 1737
244 1313
245 8
245 228
245 801
245 1322
246 774
246 1172
246 1409
247 1104
248 1057
249 82
249 836
249 967
249 1553
250 1807
251 244
251 391
251 1689
252 16
252 17
252 802
253 580
254 1253
254 1569
254 1669
254 1920
255 88
255 417
256 6
256 9
256 10
256 20
256 21
256 25
256 33
256 40
256 48
256 53
256 120
256 138
256 165
256 194
256 210
256 248
256 266
256 744
256 770
256 1032
256 1092
256 1168
256 1223
256 1730
256 1878
257 10
257 22
257 34
257 65
257 122
257 128
257 129
257 143
257 176
257 256
257 260
257 322
257 384
257 440
257 464
257 706
257 1065
257 1130
257 1236
257 1444
257 1876
258 36
258 96
258 275
258 276
258 517
258 524
258 540
258 720
258 829
258 896
258 1029
258 1523
258 1608
259 3
259 6
259 47
259 101
259 224
259 313
259 376
259 486
259 618
259 650
259 656
259 849
259 944
259 1089
259 1162
259 1696
260 1
260 36
260 95
260 193
260 280
260 521
260 536
260 577
260 929
260 930
260 1036
260 1185
260 1188
260 1345
260 1351
260 1356
260 1604
260 1808
261 386
261 550
261 787
261 840
261 1036
261 1072
261 1280
261 1291
261 1377
261 1412
261 1574
261 1582
261 1618
261 1752
262 133
262 173
262 226
262 227
262 240
262 260
262 308
262 761
262 1536
262 1552
262 1606
262 1792
263 68
263 87
263 137
263 784
263 864
263 1216
263 1372
263 1458
264 1
264 76
264 100
264 394
264 614
264 646
264 788
264 812
264 859
264 1025
264 1361
264 1430
264 1507
264 1616
264 1664
265 0
265 10
265 152
265 185
265 212
265 256
265 324
265 524
265 525
265 543
265 744
265 780
265 1035
265 1232
265 1295
265 1373
265 1541
265 1793
266 144
266 277
266 320
266 337
266 836
266 1025
266 1288
266 1666
267 8
267 20
267 24
267 71
267 1154
268 170
268 214
268 335
268 337
268 751
268 870
268 969
268 1184
268 1303
268 1856
269 50
269 145
269 192
269 288
269 608
269 1252
269 1651
269 1682
270 5
270 12
270 53
270 108
270 331
270 635
270 1012
270 1088
270 1331
270 1556
270 1760
271 1125
271 1682
271 1957
272 3
272 16
272 26
272 32
272 38
272 123
272 140
272 291
272 337
272 352
272 384
272 390
272 424
272 534
272 612
272 861
272 1068
272 1265
272 1552
272 1813
273 34
273 150
273 165
273 352
273 515
273 548
273 564
273 657
273 786
273 968
273 1333
273 1926
274 0
274 1032
274 1301
274 1313
274 1489
274 1723
274 1913
275 97
275 439
275 514
275 736
275 812
275 1678
275 1894
276 25
276 228
276 232
276 257
276 386
276 387
276 481
276 1032
276 1062
276 1163
276 1208
276 1236
276 1288
277 1
277 30
277 65
277 134
277 422
277 900
277 1287
278 289
278 640
278 704
278 930
278 1016
278 1325
278 1441
278 1664
279 145
279 1106
280 53
280 396
280 653
280 704
280 1026
280 1057
280 1058
280 1076
280 1089
280 1439
281 7
281 80
281 263
281 320
281 332
281 552
281 1153
281 1770
282 68
282 151
282 226
282 656
282 674
282 1136
282 1264
283 128
283 391
283 602
283 1386
283 1650
284 32
284 224
284 228
284 257
284 370
284 519
284 520
284 1834
285 779
285 1408
285 1536
286 136
286 192
286 259
286 1184
286 1668
286 1696
286 1849
287 123
287 418
287 583
288 0
288 17
288 23
288 58
288 104
288 165
288 329
288 344
288 347
288 529
288 656
288 1085
288 1108
288 1296
288 1358
288 1553
288 1920
289 4
289 98
289 104
289 330
289 481
289 624
289 1090
289 1173
289 1312
289 1683
289 1848
289 1922
290 0
290 42
290 294
290 384
290 412
290 1024
290 1030
290 1064
290 1136
290 1536
290 1578
291 104
291 597
291 768
291 1321
292 73
292 112
292 137
292 257
292 292
292 295
292 325
292 539
292 600
292 869
292 994
292 1028
292 1394
292 1401
292 1569
293 0
293 68
293 257
293 352
293 512
293 680
293 816
293 850
293 1007
293 1698
293 1801
294 34
294 128
294 192
294 528
294 822
294 832
294 1394
294 1639
295 5
295 48
295 344
295 1440
295 1591
296 142
296 160
296 224
296 682
296 772
296 1090
296 1094
296 1129
296 1152
296 1405
296 1539
296 1576
296 1664
296 1685
296 1736
297 56
297 194
297 517
297 611
297 704
297 1408
298 2
298 108
298 265
298 1042
298 1044
298 1112
298 1408
298 1569
299 27
299 145
299 512
300 66
300 108
300 136
300 274
300 526
300 546
300 587
300 1034
300 1440
300 1523
300 1544
301 24
301 324
301 1026
301 1620
301 1802
302 38
302 78
302 226
302 294
302 530
302 588
302 1102
302 1313
303 1
303 76
303 1153
303 1359
304 7
304 48
304 65
304 85
304 163
304 165
304 199
304 264
304 325
304 582
304 1030
304 1668
305 36
305 422
305 527
305 1022
305 1048
305 1170
305 1604
305 1680
306 11
306 64
306 142
306 181
306 736
306 795
306 809
306 1120
306 1488
306 1735
307 98
307 140
307 208
307 392
307 700
307 1079
307 1790
307 1942
308 2
308 770
309 6
309 411
309 921
309 1130
310 128
310 321
310 448
310 1425
311 1176
312 0
312 50
312 256
312 389
312 545
312 1026
312 1038
312 1180
312 1418
313 24
313 660
313 1108
313 1536
314 4
314 1083
314 1104
315 82
315 194
315 469
315 514
315 654
315 977
316 53
316 541
316 820
316 1376
317 837
317 1542
317 1686
318 21
318 136
318 554
320 21
320 38
320 44
320 116
320 320
320 409
320 517
320 536
320 675
320 994
320 1100
320 1281
320 1329
320 1416
321 4
321 17
321 36
321 72
321 131
321 148
321 325
321 634
321 698
321 1025
321 1348
322 17
322 288
322 1026
322 1040
322 1080
322 1178
322 1203
322 1536
322 1593
323 177
323 419
323 488
324 106
324 528
324 565
324 591
324 616
324 738
324 1044
324 1265
324 1289
324 1796
325 2
325 218
325 226
325 514
325 576
325 1090
325 1107
325 1720
326 72
326 779
326 1010
326 1104
326 1560
327 1433
328 3
328 22
328 233
328 364
328 386
328 402
328 520
328 633
328 808
328 964
328 1034
328 1093
328 1160
328 1192
329 22
329 185
329 1120
330 4
330 501
330 968
330 1152
330 1830
331 2
331 514
331 933
331 1937
332 224
332 549
332 1034
332 1248
332 1571
333 96
333 1156
333 1302
333 1509
334 68
334 931
334 1216
334 1446
334 1804
335 1042
335 1919
335 1924
336 272
336 416
336 515
336 516
336 562
336 570
336 593
336 1089
336 1153
336 1154
336 1198
336 1345
336 1510
336 1568
336 1795
336 1928
337 10
337 265
337 768
337 1330
337 1739
338 57
338 407
338 733
338 903
338 1553
339 1193
339 1672
340 15
340 133
340 137
340 264
340 731
340 1344
341 101
341 305
341 1628
341 1792
342 387
342 579
342 595
342 1027
343 1170
343 1293
343 1457
344 67
344 134
344 208
344 363
344 371
344 518
344 669
344 1184
344 1318
344 1817
344 1826
345 3
345 608
345 651
345 1066
345 1348
345 1869
346 802
347 262
347 515
347 1040
347 1625
348 166
348 303
348 521
348 568
348 848
348 1738
349 31
349 419
349 1707
350 691
350 836
350 888
350 1072
351 563
352 65
352 136
352 201
352 260
352 450
352 461
352 1025
352 1160
352 1552
352 1590
352 1768
353 525
353 905
353 1124
353 1163
354 68
354 76
354 138
354 757
354 1195
354 1734
354 1921
355 48
355 129
355 164
355 307
355 343
355 384
355 640
355 1365
356 122
356 144
356 214
356 230
356 1003
356 1537
356 1557
356 2009
357 1037
358 76
358 141
358 300
358 768
358 1860
359 45
359 409
360 194
360 269
360 686
360 1629
360 1961
361 36
361 261
361 512
361 953
361 1395
361 1552
361 1556
361 1729
361 1730
362 34
362 449
362 1325
363 539
363 1028
364 659
364 784
365 34
365 768
368 108
368 752
369 9
369 242
369 284
369 418
369 517
369 1088
369 1448
370 1036
370 1303
370 1705
370 1958
371 8
372 18
372 512
372 706
372 1032
373 526
373 578
373 1024
373 1058
373 1432
374 129
374 138
374 708
374 1042
374 1064
374 1226
374 1720
375 272
375 1056
375 1090
376 0
376 296
376 416
376 648
376 1094
376 1316
377 783
377 1240
378 128
378 380
379 56
379 388
379 532
379 1312
380 160
380 910
380 1040
381 66
381 1296
381 1614
382 80
384 96
384 168
384 221
384 257
384 264
384 321
384 482
384 528
384 760
384 906
384 1151
384 1158
384 1639
385 1
385 23
385 68
385 136
385 265
385 336
385 514
385 821
385 834
385 839
385 1025
385 1348
386 27
386 68
386 71
386 80
386 704
386 705
386 1024
386 1046
386 1194
386 1262
386 1292
386 1565
386 1730
386 1762
387 2
387 64
387 88
387 176
387 518
387 624
387 802
387 1181
387 1672
387 1812
388 33
388 133
388 261
388 273
388 421
388 563
388 881
388 1064
388 1281
388 1296
388 1607
388 1771
388 1880
388 1903
389 6
389 128
389 260
389 1167
389 1175
389 1389
389 1620
389 1637
390 8
390 22
390 32
390 47
390 225
390 269
390 1200
390 1634
390 1768
390 1901
391 1106
391 1621
392 64
392 204
392 294
392 808
392 832
392 1216
392 1284
393 18
393 64
393 517
393 551
393 656
394 1
394 258
394 1093
394 1187
394 1304
394 1348
394 1437
395 416
395 1576
396 38
396 69
396 141
396 278
396 434
396 534
396 1121
396 1540
396 1547
397 353
397 1059
397 1280
397 1285
397 1720
398 17
398 197
398 1052
399 64
399 66
399 130
399 189
399 1062
399 1282
399 2004
400 16
400 231
400 373
400 512
400 640
400 772
401 2
401 27
401 187
401 284
401 592
401 656
401 680
401 1408
401 1548
402 48
402 524
402 792
402 907
402 1033
402 1537
403 32
403 113
403 1427
403 1598
403 1712
404 34
404 344
404 796
404 1104
404 1185
404 1388
404 1431
405 9
405 146
405 210
405 280
405 777
405 1040
405 1820
405 1828
406 324
406 1395
406 2034
407 432
407 496
407 915
408 39
408 273
408 363
408 423
408 1024
408 1025
408 1189
408 1484
408 1549
409 0
409 19
409 184
409 256
409 520
409 821
409 1671
410 41
411 12
411 1184
411 1669
412 1689
413 731
414 6
414 740
414 1064
415 515
415 598
415 1673
416 135
416 173
416 514
416 713
416 860
416 1033
416 1098
416 1110
416 1146
416 1153
416 1650
417 18
417 129
417 450
417 464
417 472
417 530
417 660
417 1644
418 390
418 392
418 1090
418 1185
418 1583
419 14
419 65
419 144
419 1329
420 96
420 262
420 422
420 1160
421 32
421 40
421 819
421 1214
421 1408
422 42
423 600
423 1028
423 1059
424 74
424 220
424 681
424 784
424 796
424 805
424 864
424 1105
424 1172
424 1298
425 20
425 32
425 133
425 569
425 768
425 1284
426 99
426 274
426 472
426 897
426 1032
427 161
427 1970
428 6
428 76
428 166
428 867
428 986
428 1676
428 1832
429 2
429 400
429 694
429 1102
429 1768
430 12
430 320
430 408
430 1970
432 39
432 271
432 740
432 1096
432 1647
432 1795
432 1936
433 47
433 532
433 1095
434 21
434 160
434 548
434 640
434 692
434 729
434 1286
434 1289
434 1984
435 24
435 212
435 1225
436 25
436 98
436 153
436 1030
436 1411
436 1681
438 13
438 863
440 66
440 207
440 290
440 313
441 0
441 1
441 204
441 533
441 1093
442 222
442 524
443 1835
444 868
444 1088
444 1792
445 0
445 140
445 1577
446 1536
448 0
448 32
448 40
448 428
448 738
448 1024
448 1044
448 1172
448 1448
448 1538
448 1920
448 1944
449 134
449 169
449 194
449 457
449 1028
449 1253
450 4
450 67
450 128
450 526
450 840
450 1225
450 1781
451 26
451 148
451 1074
452 67
452 68
452 100
452 146
452 271
452 282
452 906
452 1684
452 1723
454 384
454 611
454 907
454 1896
455 33
455 76
456 2
456 4
456 125
456 881
456 1153
457 90
457 512
457 624
457 1047
458 32
458 1930
459 2
459 419
459 1057
460 87
460 520
460 582
460 1040
460 1221
460 1298
460 1350
461 106
461 128
461 366
461 820
461 1560
462 514
462 1093
462 1833
463 1256
464 402
464 1025
464 1034
465 1446
465 1796
466 14
466 19
466 1046
466 1088
466 1167
467 644
468 39
468 43
468 50
468 161
468 1281
468 1537
469 1053
470 142
470 587
470 1561
473 1299
474 394
475 84
475 1218
475 1545
475 1793
476 1075
477 562
477 1068
478 706
478 913
480 23
480 45
480 68
480 166
480 308
480 660
480 1153
480 1580
481 38
481 1060
481 1388
481 1569
482 176
482 294
482 568
482 832
482 1410
482 1828
483 11
483 139
483 328
483 1232
483 1286
483 1895
484 147
484 527
485 448
485 538
485 652
486 322
486 462
487 13
488 49
489 1683
490 22
490 36
490 154
490 1671
490 1682
491 1168
492 166
492 1280
494 1185
495 714
496 27
496 133
496 272
497 153
497 1044
499 529
500 201
500 1315
500 1969
501 263
501 1042
502 8
503 155
504 196
504 630
505 97
507 32
508 15
510 1082
512 6
512 16
512 81
512 82
512 146
512 161
512 256
512 265
512 267
512 516
512 544
512 576
512 592
512 616
512 660
512 961
512 1037
512 1088
512 1124
512 1215
512 1256
512 1313
512 1376
512 1693
512 1792
512 1880
513 51
513 52
513 81
513 149
513 172
513 265
513 308
513 328
513 386
513 646
513 727
513 1030
513 1060
513 1068
513 1313
513 1409
513 1898
514 48
514 80
514 90
514 94
514 152
514 186
514 192
514 200
514 239
514 264
514 268
514 273
514 274
514 326
514 386
514 528
514 580
514 604
514 688
514 788
514 815
514 1056
514 1092
514 1158
514 1300
514 1371
514 1669
515 36
515 40
515 138
515 405
515 406
515 448
515 786
515 814
515 988
515 1036
515 1281
515 1434
515 1636
516 1
516 7
516 8
516 11
516 21
516 71
516 135
516 144
516 230
516 257
516 268
516 272
516 316
516 476
516 576
516 805
516 808
516 832
516 848
516 1089
516 1108
516 1171
516 1216
516 1284
516 1410
516 1600
516 1673
516 1736
517 56
517 75
517 102
517 273
517 338
517 396
517 528
517 681
517 896
517 1043
517 1056
517 1105
517 1152
517 1232
517 1320
518 76
518 433
518 660
518 817
518 1060
518 1744
519 781
519 785
519 1569
519 1636
520 1
520 34
520 197
520 260
520 273
520 449
520 452
520 769
520 1097
520 1160
520 1170
520 1180
520 1202
520 1304
521 44
521 64
521 162
521 192
521 194
521 575
521 680
521 1028
521 1325
521 1492
521 1776
522 21
522 67
522 82
522 151
522 160
522 188
522 219
522 264
522 849
522 1057
522 1152
522 1312
522 1438
523 816
523 872
523 1036
523 1200
524 4
524 8
524 33
524 160
524 268
524 1060
524 1122
524 1160
524 1712
525 36
525 408
525 578
525 910
525 931
525 1052
525 1410
525 1560
526 256
526 263
526 436
526 532
526 1040
526 1064
526 1153
526 1475
526 1537
527 133
527 575
527 1696
527 1892
528 32
528 160
528 290
528 336
528 399
528 581
528 709
528 712
528 713
528 836
528 1038
528 1665
529 4
529 89
529 133
529 192
529 284
529 384
529 518
529 545
529 686
529 1236
529 1540
529 1753
530 20
530 87
530 544
530 635
530 672
530 800
530 850
530 1160
530 1284
530 1308
530 1576
530 2020
531 0
531 164
531 521
531 522
531 849
531 900
531 1052
531 1962
532 3
532 66
532 309
532 332
532 536
532 769
532 822
532 1057
532 1169
532 1246
532 1260
532 1267
532 1324
532 2025
533 38
533 108
533 115
533 409
533 512
533 748
533 1112
533 1796
534 54
534 194
534 274
534 514
534 578
534 845
534 938
534 1014
534 1389
535 30
535 104
535 320
535 496
535 609
535 1360
536 3
536 32
536 64
536 130
536 200
536 291
536 303
536 368
536 528
536 769
536 1024
536 1032
536 1105
536 1153
536 1161
536 1383
536 1764
537 780
537 976
537 1171
537 1569
538 192
538 416
538 644
538 1041
538 1121
538 1413
538 1543
539 406
539 963
539 1057
539 1409
539 1481
539 1888
540 33
540 794
540 858
540 1028
540 1120
540 1153
541 288
541 586
541 854
541 1024
541 1055
541 1106
542 335
542 1202
543 258
543 953
544 128
544 134
544 152
544 168
544 278
544 352
544 523
544 531
544 759
544 801
544 993
544 1032
544 1046
544 1064
544 1264
544 1490
545 42
545 72
545 144
545 194
545 271
545 348
545 492
545 696
545 1621
545 1625
546 26
546 36
546 105
546 259
546 707
546 776
546 1025
546 1106
546 1108
546 1267
546 1537
546 1666
547 521
547 532
547 912
547 1146
547 1299
547 1440
547 1588
547 1728
547 1796
548 156
548 521
548 695
548 855
548 856
548 1091
548 1093
548 1672
549 24
549 239
549 352
549 562
549 1036
549 1040
549 1104
549 1153
549 1925
550 1
550 34
550 36
550 76
550 368
550 1313
551 21
551 288
551 336
551 706
551 817
551 1222
551 1289
552 16
552 80
552 198
552 272
552 337
552 800
552 1102
552 1598
552 1609
553 295
553 593
553 976
553 1032
553 1772
554 65
554 87
554 584
554 1024
554 1053
554 1641
554 1661
554 1728
554 1860
554 1941
555 272
555 419
555 474
555 955
555 1093
555 1633
556 240
556 1387
557 20
557 170
557 202
557 1760
558 275
558 523
558 695
558 1093
558 1746
559 0
559 385
559 864
560 49
560 90
560 130
560 584
560 1026
560 1412
560 1427
561 25
561 126
561 137
561 160
561 777
561 1190
561 1745
562 2
562 64
562 212
562 288
562 360
562 432
562 545
562 778
562 1088
562 1161
562 1448
563 144
563 192
563 298
563 1120
563 1282
563 1482
564 20
564 389
564 637
564 643
564 673
564 1090
565 122
565 196
565 320
565 1032
565 1158
565 1782
566 22
566 532
566 556
566 688
566 872
567 32
567 1564
568 24
568 226
568 608
568 1040
568 1089
568 1360
568 1413
568 1554
568 1634
569 1
569 82
569 170
569 278
569 644
569 1040
569 1179
569 1330
569 1356
570 36
570 162
570 289
570 386
570 618
570 694
570 1220
571 17
571 760
571 1064
572 5
572 1106
572 1356
572 1536
573 36
573 1363
573 1970
574 64
574 69
575 423
575 1432
576 0
576 18
576 180
576 224
576 256
576 272
576 392
576 412
576 524
576 596
576 648
576 660
576 774
576 960
576 1121
576 1165
576 1197
576 1377
576 1544
576 1616
576 1732
576 1905
577 13
577 147
577 496
577 498
577 575
577 944
577 1040
577 1118
577 1234
577 1408
577 1638
577 1713
577 1864
578 16
578 40
578 69
578 129
578 131
578 264
578 514
578 646
578 770
578 1221
579 24
579 53
579 68
579 148
579 194
579 533
579 689
579 1284
579 1652
579 1906
580 4
580 5
580 85
580 96
580 648
580 679
580 1108
580 1730
581 22
581 450
581 552
581 565
581 1056
581 1216
581 1301
581 1339
581 1416
581 1489
582 8
582 16
582 69
582 1024
582 1177
582 1541
582 1576
582 1877
583 116
583 512
583 516
583 577
583 664
583 1316
583 1426
583 1906
584 14
584 46
584 284
584 414
584 522
584 609
584 834
584 930
584 1068
584 1130
584 1169
584 1173
584 1614
585 54
585 60
585 286
585 1082
586 34
586 112
586 144
586 649
586 1040
586 1232
587 105
587 278
587 320
587 1026
587 1066
588 3
588 35
588 50
588 320
588 713
588 1024
588 1474
588 1539
589 134
589 230
589 416
589 1357
589 1584
589 1960
590 4
590 50
590 66
590 797
590 1061
590 1097
590 1216
590 1260
590 1556
591 128
591 1800
592 0
592 4
592 11
592 265
592 306
592 333
592 515
592 644
592 696
592 1024
592 1074
592 1661
592 1972
593 401
593 520
593 1228
593 1541
593 1552
593 1572
593 1664
594 0
594 137
594 218
594 586
594 1046
594 1064
594 1291
595 274
595 545
595 1035
595 1354
595 1808
596 124
596 608
596 901
596 990
596 1264
596 1297
596 1578
597 16
597 57
597 719
597 1034
597 1157
597 1761
597 1922
598 128
598 209
598 545
598 1027
598 1318
598 1482
599 14
599 1032
600 84
600 387
600 488
600 1026
600 1536
601 156
601 640
601 1102
601 1223
602 961
603 120
603 516
603 1376
604 139
604 401
604 924
604 946
604 1027
605 896
605 1572
606 662
606 1157
607 23
607 152
608 9
608 40
608 156
608 419
608 769
608 1051
608 1288
608 1310
608 1984
609 2
609 16
609 1334
609 1552
610 135
610 148
610 280
610 642
610 649
610 1024
610 1056
610 1224
611 1
611 20
611 644
612 32
612 264
612 272
612 698
612 1221
612 1586
613 12
613 23
613 46
613 585
613 671
613 1547
614 811
614 1084
614 1800
615 24
615 105
615 384
615 1058
615 1253
615 1441
615 2010
616 102
616 151
616 776
617 222
617 325
617 536
617 650
617 776
617 1236
617 1608
618 5
618 18
618 64
618 1833
618 1864
619 87
619 168
620 352
620 471
620 1378
620 1540
620 1672
621 107
621 1058
622 112
622 586
622 1025
622 1048
623 16
623 192
623 265
623 1989
624 1
624 92
624 167
624 256
624 266
624 293
624 324
624 448
624 523
624 725
624 842
624 930
624 1538
624 1683
624 1696
625 330
625 646
625 718
625 1264
625 1270
625 1648
626 462
627 1542
627 1582
628 92
628 533
628 1576
629 131
629 769
629 1572
629 1744
630 55
630 73
630 140
630 454
630 616
630 736
630 1609
630 1920
631 0
632 396
632 584
633 16
633 1146
634 4
634 27
634 172
634 1384
635 900
635 1025
635 1237
636 513
636 1058
636 1608
637 966
638 11
638 680
639 70
639 113
639 1092
640 0
640 25
640 62
640 97
640 249
640 252
640 260
640 317
640 341
640 577
640 1024
640 1059
640 1092
640 1095
640 1101
640 1106
640 1200
640 1280
640 1608
640 1748
640 1760
640 1896
640 1935
640 1986
640 2027
641 398
641 642
641 666
641 771
641 772
641 1030
641 1049
641 1061
641 1984
642 141
642 437
642 586
642 648
642 821
642 1089
642 1664
642 1792
643 257
643 312
643 798
643 1041
643 1491
644 0
644 80
644 90
644 135
644 513
644 647
644 1062
644 1086
644 1602
645 14
645 128
645 425
645 430
645 464
646 10
646 40
646 178
646 280
646 459
646 774
646 1061
646 1292
646 1409
646 1552
646 1655
647 467
647 544
647 1077
647 1316
647 1319
647 1572
647 1960
648 2
648 312
648 372
648 883
648 1036
648 1264
648 1317
648 1792
649 80
649 83
649 137
649 300
649 352
649 560
649 616
649 1246
649 1536
650 132
650 226
650 1143
650 1156
650 1218
650 1362
651 1073
652 43
652 106
652 276
652 542
652 596
652 606
652 1111
652 1860
653 18
653 54
653 276
653 1041
653 1104
653 1925
654 32
654 496
654 656
654 1857
655 200
655 1125
655 1485
655 1856
656 32
656 34
656 258
656 273
656 277
656 589
656 608
656 1055
656 1163
656 1736
657 47
657 132
657 198
657 208
657 336
657 353
657 589
657 1114
657 1185
657 1563
657 2019
658 17
658 256
658 1178
658 1203
658 1344
658 1908
659 68
659 148
659 1136
660 4
660 6
660 139
660 562
660 711
660 1056
660 1057
660 1234
661 24
661 38
661 792
661 1674
662 0
662 2
662 64
662 170
662 194
662 198
662 516
662 756
662 1410
662 1553
663 292
663 512
663 641
663 852
664 3
664 265
664 332
664 632
664 684
664 769
664 794
664 1092
664 1474
664 1673
665 4
665 64
665 865
665 1378
666 68
666 104
666 197
666 374
666 581
666 676
666 1400
667 288
667 840
667 1424
668 128
668 130
668 322
668 355
668 1404
669 533
669 660
669 1200
669 1903
670 175
670 1511
672 20
672 144
672 238
672 420
672 640
672 689
672 890
672 1038
673 124
673 216
673 336
673 405
673 440
673 1077
673 1709
674 80
674 432
674 1449
674 1476
675 1195
675 1430
676 81
676 153
676 229
676 338
676 1373
676 1680
677 1
677 517
677 1148
678 180
678 200
679 272
679 1628
680 4
680 533
680 1256
680 1366
680 1908
681 216
681 804
682 40
682 523
682 1361
682 1536
683 339
683 640
683 1346
684 226
684 1158
684 1322
684 1859
685 66
685 112
685 315
685 1281
686 42
686 225
686 231
686 1269
686 1544
687 629
687 1090
687 1552
688 20
688 77
688 139
688 400
688 453
688 1026
688 1233
688 1312
689 272
689 321
689 597
689 1936
690 0
690 22
690 1024
690 1037
691 1120
691 1518
691 1683
692 25
692 45
692 302
692 774
693 268
694 192
694 384
694 577
694 1616
695 32
695 36
695 1288
695 1672
696 226
696 278
696 292
696 304
696 1308
697 32
697 160
697 1556
698 4
698 257
698 528
699 144
699 340
700 161
700 1154
700 1169
700 1808
701 57
701 294
701 386
701 1094
702 273
702 276
702 1035
702 1633
702 1718
704 3
704 64
704 276
704 452
704 507
704 550
704 580
704 798
704 1026
705 1
705 64
705 510
705 1056
705 1298
705 1469
705 1633
706 56
706 915
706 1104
706 1173
706 1205
706 1563
706 1633
706 1920
707 84
707 103
707 313
707 432
707 512
708 28
708 117
708 596
708 1081
708 1152
708 1204
708 1332
708 1602
709 17
709 35
709 784
709 1104
709 1589
710 324
710 426
710 1296
710 1400
711 338
711 514
711 636
711 1409
712 68
712 727
712 1024
712 1540
713 9
713 288
714 563
714 802
714 1026
714 1074
714 1293
715 1
715 4
715 52
715 243
715 392
715 560
715 582
715 752
715 904
715 1024
715 1552
715 1740
716 62
716 158
716 201
716 616
717 1229
718 326
718 890
718 1256
718 2030
719 545
720 553
720 940
720 1289
720 1345
720 1696
721 16
721 25
721 52
721 416
721 456
721 1059
721 1332
722 634
722 960
722 1094
722 1353
723 97
724 44
724 262
724 520
724 1440
724 1705
725 76
725 188
725 470
725 1168
726 58
726 512
726 552
726 553
726 722
727 198
727 641
728 3
728 256
728 1309
729 259
729 658
730 163
731 744
732 320
733 17
734 19
734 538
734 1044
735 1336
736 82
736 129
736 196
736 280
736 578
736 1032
736 1065
736 1070
736 1280
737 116
737 196
737 276
737 514
737 525
737 1024
738 22
738 54
738 66
738 67
738 578
738 1104
738 1110
738 1960
739 0
739 660
739 848
739 1123
740 166
740 283
740 664
740 1066
740 1072
740 1299
741 194
741 544
741 716
741 1318
742 159
743 512
743 1058
743 1858
745 1
745 8
745 65
745 416
745 697
746 312
746 666
746 1056
746 1177
746 1225
748 48
748 296
748 600
749 72
749 555
751 1997
752 19
752 139
752 436
752 568
752 852
753 417
754 1636
756 766
756 944
757 1680
757 2016
758 356
758 1320
759 46
759 512
759 758
760 368
764 190
764 256
764 564
764 1029
765 310
767 1476
768 3
768 57
768 66
768 80
768 148
768 258
768 270
768 289
768 513
768 558
768 615
768 652
768 662
768 800
768 1028
768 1035
768 1040
768 1096
768 1099
768 1376
768 1545
768 1824
768 1846
769 32
769 339
769 528
769 582
769 726
769 834
769 952
769 1024
769 1737
769 1859
770 80
770 135
770 263
770 565
770 885
770 1028
770 1110
770 1217
770 1390
771 160
771 256
771 403
771 640
772 20
772 98
772 116
772 138
772 165
772 261
772 464
772 746
772 1040
772 1048
773 9
773 15
773 139
773 1032
773 1434
773 1749
774 10
774 73
774 96
774 576
774 1300
774 1344
774 1488
775 37
775 299
775 385
775 1570
776 5
776 16
776 17
776 68
776 197
776 390
776 612
776 1041
776 1398
777 26
777 132
777 521
777 790
777 1105
777 1112
777 1400
777 1426
778 36
778 444
778 1090
778 1245
778 1284
778 1670
778 1938
779 576
779 1345
779 1824
780 5
780 1098
780 1544
780 1812
780 1988
781 716
781 1121
781 1792
782 768
782 1024
782 1328
784 28
784 197
784 306
784 512
784 774
784 1664
784 1676
784 1889
785 68
785 72
785 208
785 789
785 1216
785 2032
786 129
786 162
786 257
786 312
786 732
786 1284
786 1697
787 144
787 197
787 1348
788 563
788 690
788 1553
789 288
789 345
789 518
789 1316
789 1624
790 41
790 513
790 744
790 1153
790 1322
791 47
791 617
791 1024
792 130
792 274
792 320
792 384
792 582
793 80
793 163
793 353
793 514
794 22
794 256
794 902
794 1030
794 1065
794 1504
796 563
796 1137
796 1288
796 1316
798 32
798 1041
798 1185
798 1861
800 0
800 5
800 48
800 67
800 301
800 405
800 526
800 818
800 833
800 1075
800 1216
800 1584
800 1708
800 2004
801 88
801 256
801 260
801 1116
802 138
802 293
802 300
802 994
802 1105
802 1280
802 1809
802 1858
803 277
803 1096
803 1617
804 123
804 312
804 648
804 709
804 720
804 1089
804 1304
805 36
805 98
805 1361
806 66
806 162
806 1113
806 1254
806 1280
806 1678
806 1795
807 171
807 641
808 4
808 40
808 72
808 79
808 328
808 429
808 550
808 624
808 642
808 906
808 1612
808 2028
809 9
809 43
809 418
809 962
809 1042
810 22
810 48
810 516
810 925
810 1041
810 1056
810 1057
811 193
812 27
812 791
812 1377
813 2
813 36
813 1175
814 856
815 899
815 1573
816 10
816 13
816 18
816 34
816 116
816 388
816 417
816 562
816 913
816 1034
816 1281
817 52
817 208
818 49
818 69
818 193
818 234
818 437
818 1099
818 1106
818 1646
818 1850
819 136
819 524
819 607
819 628
820 227
820 418
820 552
820 555
820 644
820 770
821 20
821 401
822 51
822 258
822 549
822 1708
823 47
823 96
824 128
824 264
824 1302
824 1584
824 1603
825 131
825 525
826 1036
826 1408
826 1617
827 96
828 1034
828 1686
828 1769
829 578
830 770
830 896
832 2
832 7
832 25
832 116
832 204
832 237
832 256
832 836
832 1053
832 1061
832 1164
832 1580
832 1732
832 1882
832 1920
832 1948
833 194
833 260
833 463
833 512
833 770
833 1024
833 1797
834 4
834 53
834 65
834 202
834 216
834 229
834 314
834 389
834 590
834 980
834 1152
835 1536
836 58
836 332
836 713
836 1616
836 1620
837 290
837 1057
837 1194
837 1588
837 1686
838 75
838 714
838 944
838 1081
838 1365
838 1538
838 1694
840 132
840 609
840 719
840 1190
840 1498
841 6
841 16
842 648
843 443
844 13
844 52
844 272
844 273
844 293
844 299
844 578
844 1361
845 265
846 288
847 60
847 75
847 230
848 56
848 257
848 268
849 0
849 705
850 1043
850 1075
850 1204
851 954
852 12
852 83
852 544
852 897
852 1047
852 1440
853 8
853 650
853 804
854 514
854 519
854 1306
855 1605
857 318
857 410
857 436
857 1322
857 1536
858 1122
858 1316
858 2011
859 11
859 16
859 352
859 369
860 1096
860 1128
860 1298
860 1520
861 227
861 936
861 1573
862 674
863 16
863 562
864 8
864 258
864 537
864 581
864 648
864 896
864 1188
864 1344
865 114
865 609
865 826
866 2
866 169
866 296
867 261
867 1317
867 1365
867 1370
868 744
868 1261
868 1353
869 531
869 1544
870 147
870 512
870 1028
871 60
871 195
871 272
871 340
871 1088
871 1168
872 24
872 49
872 202
872 1481
873 904
873 1861
874 1472
874 1713
876 301
876 780
876 1032
877 708
877 1025
878 132
878 261
879 400
879 577
880 324
880 448
880 707
880 809
880 1752
881 29
882 32
882 267
882 1040
883 5
883 546
883 1325
883 1964
884 273
884 1030
885 138
885 292
886 160
886 210
886 550
888 788
888 1413
888 1573
888 1793
889 140
889 256
889 549
889 1448
891 1322
892 234
892 516
893 520
893 936
893 1289
894 104
894 801
894 1027
895 1033
895 1056
895 1792
896 19
896 75
896 119
896 192
896 266
896 385
896 442
896 712
896 1350
896 1408
896 1796
896 1802
896 1816
897 22
897 1834
897 1880
898 12
898 48
898 81
898 166
898 179
898 256
898 536
898 700
898 715
898 1056
898 1537
898 1796
899 35
899 54
899 144
899 308
899 516
899 596
899 1474
899 1537
899 1556
899 1921
900 62
900 169
900 288
900 658
900 992
900 1024
900 1467
900 1554
901 80
901 192
901 512
901 573
901 640
901 842
901 1690
902 320
902 322
902 539
902 1544
903 672
903 1043
903 1948
904 1
904 192
904 661
904 854
904 1099
904 1300
905 20
905 148
905 233
905 240
905 352
905 584
905 612
905 1573
906 336
906 345
906 440
906 1188
906 2000
907 164
907 385
907 545
907 851
908 124
908 632
908 870
908 1024
908 1160
909 20
909 53
909 67
909 148
909 1680
909 1797
910 519
910 625
910 1459
912 37
912 131
912 137
912 1299
913 144
913 264
913 616
914 25
914 59
914 260
914 536
914 848
914 1050
914 1642
915 1088
915 1860
916 672
916 1061
916 1064
916 1161
916 1197
916 1265
916 1796
916 1864
917 50
917 1336
917 1548
918 100
918 738
918 976
919 1036
919 1180
919 1222
920 0
920 34
920 160
920 465
920 577
920 628
920 772
920 1076
920 1501
920 1540
921 236
921 1559
922 96
922 680
922 1168
922 1281
922 1308
923 80
923 1625
924 32
924 672
924 1585
925 31
926 85
927 10
927 48
927 672
927 782
928 322
928 625
928 1166
928 1176
928 1302
928 1520
929 128
929 550
929 1384
930 198
930 258
930 287
930 524
930 867
930 1444
930 1809
931 184
931 1561
932 30
933 1669
933 1686
934 0
934 525
934 1137
935 116
936 587
936 779
936 907
936 1059
936 1318
936 1339
937 262
937 617
937 1168
937 1616
938 1210
938 1445
939 36
939 84
940 580
940 1168
941 0
941 289
942 1616
943 1416
944 14
944 75
944 932
944 1616
946 152
946 414
946 654
946 856
948 785
949 36
950 288
950 1348
950 1602
952 196
954 0
954 500
954 1536
956 1033
957 2
957 1780
960 200
960 516
960 985
960 1081
960 1392
961 11
961 70
961 129
961 546
961 622
961 1056
961 1303
962 46
962 60
962 1042
962 1043
963 354
963 514
963 515
963 1072
963 1708
964 176
964 850
964 1280
964 1352
965 70
965 535
965 1043
965 1148
966 1282
966 1584
967 1438
968 33
968 517
968 809
968 1057
968 1058
968 1104
968 1626
969 41
969 1289
970 212
970 257
970 407
970 1226
971 17
971 517
971 1319
972 340
973 1157
974 1490
976 516
976 1044
977 21
978 7
978 480
978 1252
978 1546
979 814
979 1032
979 1080
980 24
980 1282
982 144
982 1399
984 134
984 516
986 644
987 1
988 1162
989 906
990 192
990 1225
992 57
992 321
992 769
992 855
992 1024
993 257
993 1252
993 1344
994 32
994 44
994 834
994 1608
995 118
995 127
995 595
995 1067
995 1068
996 1
996 594
997 16
997 896
997 1025
997 1153
999 44
1000 16
1000 1576
1001 600
1002 132
1002 1756
1003 262
1004 9
1004 1128
1004 1568
1005 578
1005 1160
1008 143
1008 800
1008 1611
1009 161
1009 514
1009 1361
1009 1944
1010 1024
1010 1072
1011 18
1011 256
1011 541
1012 8
1013 1843
1014 0
1014 5
1014 14
1014 257
1016 9
1016 780
1016 1156
1016 1191
1016 1869
1018 1165
1019 199
1020 133
1020 513
1020 1353
1020 1536
1021 325
1021 1683
1022 32
1022 544
1022 1922
1024 6
1024 28
1024 48
1024 65
1024 128
1024 192
1024 237
1024 263
1024 264
1024 512
1024 514
1024 528
1024 534
1024 640
1024 648
1024 833
1024 1070
1024 1194
1024 1272
1024 1288
1024 1300
1024 1328
1024 1416
1024 1554
1024 1630
1024 1722
1024 1830
1024 1893
1025 12
1025 64
1025 82
1025 140
1025 154
1025 168
1025 216
1025 272
1025 284
1025 336
1025 361
1025 384
1025 426
1025 772
1025 1044
1025 1549
1025 1584
1026 56
1026 64
1026 128
1026 177
1026 285
1026 375
1026 463
1026 512
1026 577
1026 896
1026 1094
1026 1173
1026 1176
1026 1317
1026 1519
1026 1736
1026 1816
1026 1927
1027 78
1027 150
1027 401
1027 512
1027 513
1027 520
1027 620
1027 630
1027 799
1027 858
1027 909
1027 1105
1027 1193
1027 1224
1027 1340
1027 1504
1027 1744
1027 1808
1027 1809
1027 1821
1028 16
1028 50
1028 71
1028 84
1028 112
1028 116
1028 130
1028 176
1028 208
1028 290
1028 340
1028 393
1028 403
1028 449
1028 516
1028 524
1028 693
1028 706
1028 1008
1028 1025
1028 1031
1028 1286
1028 1373
1028 1412
1028 1936
1029 40
1029 320
1029 655
1029 657
1029 1061
1029 1094
1029 1288
1029 1312
1029 1538
1030 5
1030 26
1030 48
1030 116
1030 169
1030 224
1030 344
1030 822
1030 1180
1031 33
1031 74
1031 83
1031 190
1031 969
1031 1235
1031 1325
1031 1552
1032 2
1032 19
1032 23
1032 67
1032 197
1032 200
1032 208
1032 224
1032 298
1032 362
1032 499
1032 585
1032 622
1032 708
1032 940
1032 1265
1032 1539
1032 1856
1032 1864
1033 5
1033 849
1033 1058
1033 1377
1033 1972
1034 0
1034 136
1034 358
1034 548
1034 560
1034 664
1034 712
1034 776
1034 1044
1034 1185
1034 1232
1034 1296
1034 1957
1035 32
1035 33
1035 72
1035 98
1035 578
1035 643
1035 1647
1035 2016
1036 2
1036 101
1036 260
1036 272
1036 328
1036 514
1036 637
1036 680
1036 776
1036 803
1036 928
1036 1057
1036 1360
1036 1668
1037 105
1037 258
1037 300
1037 329
1037 544
1037 641
1037 660
1037 1037
1037 1043
1037 1764
1038 114
1038 257
1038 1092
1038 1098
1038 1169
1038 1260
1039 240
1039 532
1039 1731
1039 1984
1040 5
1040 84
1040 135
1040 369
1040 544
1040 551
1040 595
1040 663
1040 704
1040 716
1040 901
1040 1048
1040 1153
1040 1177
1040 1316
1040 1931
1041 14
1041 139
1041 252
1041 532
1041 1585
1042 1
1042 24
1042 69
1042 117
1042 192
1042 344
1042 388
1042 456
1042 562
1042 644
1042 645
1042 842
1042 1032
1042 1062
1043 38
1043 70
1043 306
1043 515
1043 524
1043 1161
1043 1289
1044 9
1044 49
1044 146
1044 324
1044 353
1044 594
1044 669
1044 1411
1044 1473
1044 1485
1044 1795
1044 1833
1045 1
1045 64
1045 128
1045 333
1045 468
1045 1400
1045 1632
1046 1
1046 20
1046 148
1046 544
1046 644
1046 768
1046 1152
1046 1938
1047 12
1047 193
1047 1152
1047 1158
1048 4
1048 35
1048 52
1048 54
1048 286
1048 520
1048 548
1048 1071
1048 1932
1049 16
1049 24
1049 271
1049 320
1049 1192
1050 136
1050 717
1050 1160
1050 1223
1050 1392
1050 1548
1050 1669
1050 1816
1051 3
1051 18
1051 84
1051 964
1051 969
1051 1352
1051 1538
1051 1544
1052 50
1052 83
1052 96
1052 160
1052 1034
1053 397
1053 660
1053 742
1053 776
1053 1027
1053 1046
1053 1101
1054 428
1054 429
1054 768
1054 1697
1055 72
1055 1298
1056 7
1056 12
1056 148
1056 197
1056 211
1056 280
1056 370
1056 534
1056 690
1056 930
1056 964
1056 1024
1056 1093
1056 1220
1056 1302
1056 1629
1056 1992
1057 17
1057 32
1057 57
1057 132
1057 160
1057 313
1057 515
1057 608
1057 666
1057 960
1057 1098
1057 1173
1057 1176
1057 1338
1057 1536
1057 1552
1058 1
1058 64
1058 65
1058 105
1058 144
1058 200
1058 212
1058 294
1058 296
1058 550
1058 636
1058 995
1058 1156
1058 1200
1058 1544
1058 1872
1059 6
1059 62
1059 130
1059 182
1059 258
1059 417
1059 786
1059 1077
1059 1540
1059 1742
1059 1889
1060 6
1060 65
1060 113
1060 128
1060 523
1060 612
1060 708
1060 780
1060 881
1061 33
1061 62
1061 66
1061 80
1061 134
1061 326
1061 1808
1062 141
1062 210
1062 556
1062 682
1062 725
1062 785
1062 907
1062 1184
1062 1481
1063 15
1063 212
1063 1412
1063 1602
1064 6
1064 8
1064 9
1064 49
1064 52
1064 82
1064 83
1064 113
1064 355
1064 390
1064 466
1064 517
1064 655
1064 923
1064 1056
1064 1490
1065 45
1065 88
1065 134
1065 138
1065 258
1065 339
1065 788
1065 1065
1065 1322
1066 1064
1066 1249
1066 1558
1066 1731
1067 0
1067 4
1067 5
1067 160
1067 192
1067 513
1067 1408
1068 19
1068 100
1068 109
1068 128
1068 472
1068 520
1068 1165
1068 1286
1068 1565
1069 1349
1070 25
1070 602
1070 777
1070 1257
1070 1634
1071 334
1071 712
1071 1426
1072 33
1072 163
1072 240
1072 592
1072 669
1072 936
1072 1057
1072 1311
1072 1811
1073 12
1073 16
1073 56
1073 100
1073 257
1073 588
1073 626
1073 644
1073 708
1073 788
1073 1083
1074 166
1074 199
1074 548
1074 945
1074 1993
1074 2047
1075 133
1075 265
1075 1633
1076 12
1076 544
1076 722
1076 1268
1076 1994
1077 297
1078 62
1078 115
1078 546
1078 926
1078 1024
1079 1616
1079 1640
1080 38
1080 372
1080 773
1080 779
1080 1464
1080 1618
1081 420
1081 513
1081 637
1081 790
1081 1359
1082 82
1082 576
1082 1658
1083 36
1083 150
1083 1170
1084 277
1084 1226
1085 168
1086 8
1086 224
1086 512
1086 768
1086 980
1088 9
1088 256
1088 276
1088 530
1088 642
1088 648
1088 669
1088 678
1088 689
1088 888
1088 1024
1088 1160
1088 1333
1088 1444
1088 1701
1088 1801
1088 2033
1089 468
1089 496
1089 563
1089 824
1089 904
1089 921
1090 1
1090 6
1090 1536
1091 56
1091 516
1091 1156
1091 1488
1092 59
1092 157
1092 467
1092 598
1092 738
1092 912
1092 1036
1093 7
1093 28
1093 88
1093 130
1093 385
1093 648
1093 893
1093 946
1093 1304
1093 1715
1094 17
1094 70
1094 492
1094 551
1094 964
1095 1
1095 2
1095 512
1095 576
1095 826
1095 905
1095 1040
1095 1106
1096 12
1096 55
1096 64
1096 210
1096 265
1096 590
1096 672
1096 690
1096 979
1096 1024
1097 0
1097 4
1097 291
1097 517
1097 549
1097 750
1097 1169
1098 24
1098 161
1098 200
1098 653
1098 792
1098 839
1098 1430
1098 1451
1098 1816
1099 658
1099 1536
1100 267
1100 470
1100 514
1100 1618
1100 1712
1101 256
1101 453
1101 736
1101 1042
1101 1826
1102 36
1102 189
1102 512
1102 609
1102 720
1102 1300
1103 594
1103 2017
1104 0
1104 1
1104 136
1104 144
1104 256
1104 389
1104 514
1104 680
1104 832
1104 1114
1104 1248
1104 1304
1104 1856
1104 1867
1105 40
1105 56
1105 263
1105 417
1105 580
1105 1071
1105 1316
1105 1936
1106 164
1106 272
1106 440
1106 518
1106 966
1106 1050
1106 1191
1106 1345
1106 1669
1106 1862
1108 273
1108 332
1108 552
1108 576
1108 772
1109 50
1109 52
1109 160
1109 272
1109 304
1109 323
1109 426
1109 1029
1109 1068
1110 64
1110 180
1110 344
1110 513
1110 520
1110 1096
1110 1280
1110 1482
1110 1581
1111 349
1111 872
1111 1101
1112 86
1112 341
1112 1088
1112 1196
1113 0
1113 578
1113 819
1113 1626
1114 128
1114 865
1114 1222
1115 161
1115 1190
1115 1803
1115 1936
1116 265
1116 365
1116 1348
1117 129
1117 160
1117 601
1117 645
1117 748
1118 22
1118 129
1118 134
1118 517
1118 829
1118 1061
1119 194
1119 1083
1119 1415
1120 7
1120 11
1120 337
1120 338
1120 362
1120 448
1120 1065
1120 1169
1120 1426
1120 1800
1121 32
1121 561
1121 597
1121 1154
1121 1225
1121 1536
1121 1544
1121 1552
1122 45
1122 241
1122 570
1123 48
1123 291
1123 1026
1123 1049
1123 1128
1124 129
1124 137
1124 394
1124 640
1124 1404
1124 1414
1124 1762
1125 168
1125 288
1125 649
1125 1434
1125 1670
1125 1709
1126 176
1126 468
1126 576
1126 1832
1126 1881
1127 945
1127 1094
1128 2
1128 319
1128 354
1128 684
1128 768
1128 1616
1128 1985
1129 25
1129 785
1130 49
1130 130
1130 528
1130 640
1130 1025
1132 525
1132 768
1132 769
1132 1162
1132 1169
1132 1319
1132 1541
1132 1872
1133 400
1133 692
1134 481
1134 904
1135 1024
1136 33
1136 97
1136 100
1136 160
1136 258
1136 793
1136 1027
1136 1249
1136 1363
1136 1392
1136 1536
1136 1568
1136 1744
1136 1813
1137 16
1137 196
1137 264
1137 480
1137 1071
1138 392
1138 448
1138 1090
1138 1408
1138 1642
1138 1728
1139 64
1139 72
1139 260
1139 1046
1140 14
1140 137
1140 554
1140 778
1140 1552
1141 23
1141 73
1141 130
1141 403
1141 452
1141 1025
1141 1612
1142 1217
1143 322
1144 211
1144 556
1144 1540
1145 80
1145 296
1145 337
1145 553
1146 944
1146 1292
1147 1922
1148 195
1148 517
1148 1416
1148 1448
1150 11
1150 1209
1151 1465
1152 29
1152 44
1152 72
1152 81
1152 134
1152 165
1152 238
1152 265
1152 364
1152 390
1152 420
1152 528
1152 545
1152 616
1152 652
1152 1185
1152 1444
1152 1472
1152 1601
1152 1615
1152 1741
1152 1922
1153 8
1153 176
1153 392
1153 538
1153 549
1153 554
1153 666
1153 922
1153 1063
1153 1090
1153 1349
1153 1489
1154 22
1154 41
1154 280
1154 544
1154 690
1154 1068
1154 1089
1154 1280
1154 1450
1154 1792
1155 50
1155 258
1155 504
1155 977
1155 1025
1155 1285
1156 35
1156 67
1156 234
1156 339
1156 548
1156 560
1156 776
1156 1021
1156 1030
1156 1158
1156 1301
1156 1696
1157 0
1157 17
1157 64
1157 269
1157 530
1157 536
1157 802
1157 1076
1158 2
1158 192
1158 452
1158 1156
1158 1282
1158 1990
1159 12
1159 36
1159 133
1159 338
1159 1416
1159 1664
1160 16
1160 22
1160 132
1160 210
1160 282
1160 640
1160 678
1160 720
1160 1027
1160 1282
1160 1666
1160 1892
1160 1920
1161 12
1161 21
1161 128
1161 384
1161 617
1162 59
1162 135
1162 546
1162 784
1162 1805
1163 162
1163 276
1163 514
1164 2
1164 6
1164 8
1164 16
1164 39
1164 281
1164 297
1164 426
1164 516
1164 645
1164 710
1164 1280
1164 1312
1164 1689
1165 236
1165 518
1165 1058
1165 1108
1165 1220
1165 1369
1165 1564
1166 385
1166 707
1166 1353
1166 1481
1167 258
1167 529
1167 660
1168 12
1168 26
1168 327
1168 498
1168 632
1168 1536
1169 11
1169 234
1169 268
1169 608
1169 770
1169 844
1169 1024
1169 1206
1169 1409
1169 1550
1170 87
1170 328
1170 820
1170 1616
1171 132
1171 446
1171 1066
1171 1637
1172 4
1172 516
1172 560
1172 1282
1172 1797
1173 58
1173 1834
1173 1881
1174 69
1174 242
1174 553
1174 665
1174 1155
1176 562
1176 1364
1176 1796
1177 228
1177 838
1178 0
1178 5
1178 8
1178 130
1178 321
1179 642
1179 1043
1180 552
1180 577
1181 8
1181 33
1181 97
1182 112
1182 166
1183 21
1183 88
1183 290
1183 408
1183 1728
1184 21
1184 200
1184 279
1184 281
1184 328
1184 393
1184 500
1184 549
1184 580
1184 671
1184 1035
1184 1121
1184 1188
1184 1547
1185 38
1185 56
1185 337
1185 520
1185 542
1185 583
1185 651
1185 851
1185 1028
1185 1111
1185 1171
1185 1555
1186 58
1186 449
1186 638
1186 793
1186 1129
1186 1537
1187 184
1187 673
1188 5
1188 82
1188 98
1188 130
1188 197
1188 480
1188 630
1188 704
1189 176
1189 689
1189 772
1189 1766
1190 1189
1190 1237
1190 1356
1190 1927
1190 2010
1191 1792
1192 801
1192 850
1192 1153
1192 1456
1192 1537
1192 1863
1193 125
1193 768
1193 1034
1193 1820
1194 3
1194 1024
1194 1257
1194 1666
1195 144
1195 826
1195 1152
1196 4
1196 16
1196 72
1196 837
1196 1160
1196 1296
1197 16
1197 276
1197 1160
1198 32
1198 208
1198 436
1198 791
1198 1664
1200 32
1200 144
1200 166
1200 196
1200 649
1200 717
1200 1280
1200 1814
1201 1
1201 262
1201 396
1201 530
1201 1601
1203 319
1203 368
1203 1280
1203 1541
1203 1593
1204 196
1204 255
1204 422
1204 520
1204 1137
1205 1
1205 1158
1205 1537
1206 66
1206 220
1207 72
1207 1216
1208 72
1208 108
1208 146
1208 240
1208 258
1208 1402
1208 1416
1208 1450
1208 1793
1209 0
1209 80
1209 194
1210 788
1210 1026
1210 1168
1211 1028
1212 76
1212 390
1212 520
1213 656
1214 65
1214 1032
1215 104
1216 24
1216 28
1216 38
1216 52
1216 63
1216 215
1216 290
1216 439
1216 514
1216 524
1216 626
1216 677
1216 1122
1216 1180
1216 1221
1217 260
1217 274
1217 380
1217 391
1217 1025
1217 1291
1218 24
1218 48
1218 57
1218 114
1218 353
1218 1290
1218 1308
1219 0
1219 392
1219 449
1219 1150
1220 13
1220 291
1220 313
1220 448
1220 546
1220 582
1220 792
1220 876
1221 137
1221 617
1221 810
1221 1597
1221 1768
1221 1826
1222 1090
1223 344
1223 1414
1224 48
1224 84
1224 600
1224 704
1224 774
1224 962
1224 1024
1224 1049
1224 1089
1225 144
1225 260
1225 408
1225 896
1225 1797
1226 2
1226 21
1226 289
1226 641
1226 1555
1226 1596
1227 1043
1228 512
1228 883
1228 958
1229 757
1229 1154
1230 69
1230 256
1231 256
1231 434
1231 1179
1232 76
1232 82
1232 172
1232 173
1232 384
1232 560
1232 1061
1232 1064
1233 132
1233 168
1233 1248
1233 1355
1233 1538
1234 387
1234 512
1234 1296
1234 1324
1235 448
1236 31
1236 68
1236 90
1236 636
1236 1032
1237 1153
1238 35
1238 195
1238 256
1238 580
1239 1323
1240 22
1240 568
1241 233
1241 1572
1242 540
1243 1874
1244 1088
1245 1402
1245 1668
1246 1569
1247 1553
1248 20
1248 51
1248 481
1248 546
1248 589
1248 653
1248 728
1248 1189
1249 83
1249 112
1249 429
1249 673
1249 675
1250 12
1250 184
1250 777
1250 1284
1250 1753
1251 195
1251 361
1251 528
1251 577
1252 0
1252 358
1252 385
1252 394
1252 448
1252 528
1252 656
1252 804
1252 1842
1253 128
1253 522
1253 1156
1253 1288
1253 1573
1254 301
1254 644
1255 920
1256 78
1256 533
1256 650
1256 1024
1257 315
1257 522
1257 1282
1257 1605
1258 905
1258 1617
1259 19
1259 336
1259 1346
1260 182
1260 418
1260 900
1260 1410
1260 1420
1262 553
1262 1472
1262 2032
1263 1160
1264 267
1264 784
1264 1104
1264 1157
1264 1342
1265 106
1266 386
1267 740
1267 1418
1268 1
1268 16
1268 358
1268 1823
1269 74
1269 1566
1270 544
1271 82
1271 340
1272 18
1272 420
1273 438
1273 458
1273 1557
1274 131
1274 1031
1274 1450
1275 512
1276 1116
1276 1156
1276 1285
1276 1292
1277 440
1278 36
1279 1107
1280 37
1280 184
1280 216
1280 236
1280 643
1280 1058
1280 1169
1280 1538
1280 1928
1280 2008
1281 12
1281 18
1281 321
1281 548
1281 900
1281 1180
1281 1212
1281 1286
1281 1322
1281 1325
1281 1354
1282 194
1282 288
1282 531
1282 562
1282 657
1282 682
1282 1009
1282 1092
1282 1169
1282 1386
1282 1432
1282 1552
1282 1932
1283 364
1283 409
1283 411
1283 617
1283 632
1283 640
1283 792
1283 1664
1283 1920
1284 16
1284 196
1284 261
1284 327
1284 783
1284 1122
1285 201
1285 599
1285 902
1285 1670
1285 1880
1286 16
1286 37
1286 72
1286 584
1286 600
1286 1161
1287 68
1287 672
1287 1089
1288 385
1288 422
1288 586
1288 1047
1288 1206
1288 1308
1288 1325
1288 1784
1288 1811
1289 135
1289 209
1289 496
1289 664
1289 848
1290 195
1290 370
1290 700
1290 1025
1290 1210
1290 1537
1291 105
1291 1225
1291 1392
1292 197
1292 298
1292 532
1292 587
1292 609
1292 918
1292 1318
1293 72
1293 553
1293 656
1294 16
1294 64
1294 176
1294 261
1294 529
1294 1144
1295 547
1295 1888
1296 70
1296 116
1296 128
1296 449
1296 1556
1296 1617
1296 1860
1297 0
1297 33
1297 36
1297 132
1297 164
1297 558
1297 724
1298 17
1298 193
1298 339
1298 832
1298 1027
1298 1040
1298 1834
1298 2020
1299 5
1299 8
1299 672
1299 1608
1300 0
1300 44
1300 318
1300 642
1300 1094
1300 1192
1300 1539
1301 195
1301 615
1301 1924
1302 5
1302 32
1302 357
1302 683
1303 1061
1303 1164
1303 1420
1303 1794
1304 203
1304 270
1304 528
1304 628
1304 1540
1304 1648
1305 193
1305 423
1305 807
1305 1028
1305 1410
1305 2028
1306 132
1306 513
1306 1373
1307 198
1307 330
1307 436
1307 1154
1307 1668
1308 896
1308 909
1308 975
1309 885
1310 1632
1311 1460
1311 1569
1312 529
1312 603
1312 769
1312 1299
1312 1556
1312 2008
1313 12
1313 105
1313 224
1313 448
1313 1057
1313 1194
1313 1552
1314 808
1314 896
1314 1536
1315 192
1315 372
1315 1226
1316 70
1316 116
1316 136
1316 360
1316 513
1317 412
1317 545
1318 72
1318 144
1318 395
1319 120
1319 805
1320 36
1320 207
1320 280
1320 304
1320 484
1320 520
1320 1027
1320 1028
1320 1029
1320 1356
1320 1554
1321 44
1321 256
1321 450
1322 13
1322 17
1322 32
1322 416
1322 621
1322 833
1322 916
1322 1382
1322 1601
1323 206
1323 1029
1323 1154
1324 303
1324 807
1324 1058
1324 1072
1324 1262
1324 1601
1324 1733
1325 1214
1325 1908
1326 1386
1326 1546
1327 514
1327 708
1327 1943
1327 1991
1328 1
1328 37
1328 68
1328 150
1328 160
1328 264
1328 342
1328 436
1328 515
1328 517
1328 1292
1328 1322
1329 205
1329 654
1330 64
1330 491
1330 616
1330 1252
1331 330
1331 657
1331 1289
1332 96
1332 160
1332 520
1333 26
1333 44
1333 1057
1333 1859
1334 230
1334 291
1334 1030
1335 130
1336 0
1336 33
1336 73
1336 1345
1336 1537
1337 59
1337 208
1337 1043
1337 1496
1337 1730
1338 772
1338 1280
1339 1678
1340 83
1340 588
1340 785
1340 1856
1341 43
1342 2
1342 37
1342 298
1343 337
1344 0
1344 42
1344 56
1344 69
1344 290
1344 386
1344 416
1344 657
1344 841
1344 904
1344 1283
1345 34
1345 68
1345 101
1345 156
1345 160
1345 513
1345 938
1345 1195
1345 1402
1346 1
1346 7
1346 76
1346 84
1346 281
1346 1025
1347 1284
1347 1350
1347 1537
1347 1888
1348 1192
1349 0
1349 128
1349 706
1349 1152
1350 657
1350 898
1350 938
1350 1241
1351 96
1351 323
1351 626
1351 1152
1351 1680
1352 312
1352 528
1352 652
1352 1072
1352 1712
1352 1821
1353 422
1353 532
1353 1289
1353 1704
1354 17
1354 30
1354 160
1354 1577
1355 168
1355 1031
1356 94
1356 166
1356 308
1356 705
1356 1234
1357 1088
1357 1514
1358 1634
1359 97
1360 1
1360 43
1360 256
1360 416
1360 514
1360 1024
1360 1413
1361 229
1362 150
1362 152
1362 1080
1362 1153
1362 1185
1362 1803
1363 96
1363 1416
1364 1
1364 8
1364 160
1364 1768
1365 27
1365 202
1365 408
1366 33
1366 246
1366 1095
1366 1805
1368 38
1368 204
1368 400
1368 693
1369 60
1369 120
1369 544
1370 102
1370 269
1370 588
1370 1529
1371 257
1371 309
1371 499
1372 19
1372 104
1372 620
1373 5
1373 508
1374 24
1374 136
1374 1054
1374 1828
1375 304
1376 1
1376 101
1376 264
1376 272
1376 313
1376 522
1376 562
1376 828
1376 1024
1376 1163
1376 1257
1377 28
1377 53
1378 61
1378 258
1378 389
1378 601
1378 672
1378 1068
1379 200
1379 377
1379 684
1379 1105
1380 530
1380 929
1380 1176
1380 1560
1381 84
1381 1101
1381 1280
1381 1310
1383 101
1384 288
1384 906
1385 36
1385 152
1386 393
1387 0
1387 264
1387 1146
1388 929
1388 1034
1389 202
1389 326
1390 161
1390 769
1390 1090
1391 444
1391 516
1392 394
1392 442
1392 588
1392 900
1393 36
1393 320
1393 331
1393 768
1393 1189
1393 1601
1394 2
1396 0
1396 321
1396 653
1397 777
1398 598
1399 74
1399 260
1400 4
1403 0
1403 2036
1404 7
1404 1032
1405 12
1406 64
1406 705
1408 3
1408 57
1408 137
1408 160
1408 185
1408 259
1408 330
1408 518
1408 540
1408 595
1408 617
1408 769
1408 856
1408 1026
1408 1168
1408 1352
1408 1363
1408 1678
1409 4
1409 53
1409 142
1409 261
1409 584
1409 812
1409 1536
1409 1546
1410 64
1410 164
1410 214
1410 302
1410 499
1410 910
1410 1086
1410 1776
1411 199
1411 262
1411 385
1411 576
1411 1188
1412 115
1412 137
1412 1376
1412 1539
1412 1572
1413 10
1413 282
1413 304
1413 1576
1414 4
1414 14
1414 24
1414 288
1414 800
1415 379
1415 688
1416 66
1416 70
1416 578
1416 622
1416 1026
1416 1062
1418 256
1418 295
1418 320
1418 793
1418 1066
1418 1642
1419 1184
1419 1824
1420 16
1420 212
1420 1156
1421 12
1421 209
1421 257
1421 653
1421 1734
1423 352
1423 385
1423 1510
1424 476
1424 818
1424 1304
1424 1472
1425 1
1425 8
1425 128
1425 528
1425 1580
1426 136
1426 178
1426 336
1426 712
1426 1037
1426 1608
1426 1802
1427 270
1427 704
1428 83
1428 672
1428 675
1428 1109
1429 128
1429 1084
1429 1256
1431 18
1431 132
1431 582
1431 1040
1431 1550
1431 1569
1432 3
1432 52
1432 108
1432 196
1432 1081
1432 1314
1433 52
1433 337
1433 1384
1434 37
1434 428
1434 744
1434 1024
1435 804
1435 1794
1436 777
1436 1192
1436 1280
1436 1779
1437 196
1438 65
1439 1080
1439 1473
1440 9
1440 24
1440 45
1440 89
1440 262
1440 792
1440 802
1440 928
1440 1033
1441 322
1441 627
1441 1024
1441 1314
1441 1828
1442 10
1442 79
1442 162
1442 321
1442 768
1443 926
1444 1856
1445 32
1445 710
1445 773
1445 1006
1446 1403
1446 1550
1446 1612
1447 2
1447 424
1448 2
1449 271
1449 514
1449 1414
1450 710
1450 1224
1450 1372
1450 1426
1451 160
1452 98
1452 267
1455 260
1455 653
1456 1
1456 136
1456 1446
1457 1688
1458 102
1458 200
1458 1060
1460 258
1460 524
1461 1802
1462 40
1463 52
1464 1060
1464 1156
1465 923
1466 200
1466 485
1467 16
1467 300
1468 1571
1469 321
1470 162
1470 1033
1470 1588
1472 4
1472 432
1472 1030
1472 1091
1472 1601
1473 1
1473 4
1473 796
1473 1058
1473 1186
1474 1168
1474 1474
1474 1630
1474 1808
1475 173
1476 274
1476 489
1476 834
1477 58
1477 212
1477 273
1478 131
1478 388
1478 578
1479 330
1479 1092
1480 8
1480 304
1481 129
1481 132
1481 1025
1482 101
1482 516
1483 620
1484 576
1484 1157
1486 11
1488 77
1488 274
1488 517
1488 681
1488 1408
1489 130
1489 166
1489 450
1489 1154
1490 256
1490 267
1491 537
1492 85
1493 241
1493 1349
1495 66
1495 776
1496 1032
1497 22
1497 946
1497 1369
1497 2007
1498 587
1498 672
1499 1045
1500 74
1500 328
1500 768
1501 115
1501 418
1501 1090
1501 1744
1502 147
1503 920
1504 17
1504 92
1504 277
1504 294
1504 1096
1505 520
1506 3
1506 392
1506 1050
1506 1216
1507 520
1508 1028
1508 1907
1509 1028
1509 1152
1510 58
1510 262
1510 320
1511 772
1511 1108
1511 1256
1512 576
1512 1595
1513 651
1514 804
1515 47
1515 266
1516 50
1516 309
1516 322
1520 52
1520 554
1520 1412
1520 1558
1521 261
1522 1734
1523 1
1523 384
1524 769
1524 966
1524 1222
1525 844
1528 4
1528 321
1528 1602
1529 1201
1529 1673
1530 1056
1532 54
1533 64
1534 162
1534 480
1536 18
1536 31
1536 32
1536 54
1536 84
1536 160
1536 368
1536 456
1536 608
1536 645
1536 731
1536 782
1536 1056
1536 1060
1536 1297
1536 1304
1536 1314
1536 1809
1537 52
1537 64
1537 65
1537 84
1537 356
1537 400
1537 802
1537 825
1537 1448
1537 1616
1538 12
1538 32
1538 48
1538 136
1538 388
1538 530
1538 620
1538 776
1538 800
1538 948
1538 1056
1538 1057
1538 1099
1538 1154
1538 1161
1538 1257
1539 70
1539 76
1539 176
1539 278
1539 468
1539 817
1539 855
1539 1025
1539 1307
1539 1795
1540 11
1540 39
1540 48
1540 89
1540 101
1540 193
1540 593
1540 614
1540 1027
1540 1285
1540 1298
1540 1484
1540 1959
1541 65
1541 338
1541 379
1541 513
1541 553
1541 580
1541 613
1541 644
1541 1362
1542 1042
1542 1285
1543 40
1543 67
1543 169
1543 582
1543 584
1543 1414
1544 32
1544 99
1544 564
1544 592
1544 728
1544 1353
1544 1649
1545 27
1545 54
1545 280
1545 563
1545 776
1545 1494
1545 1560
1545 1687
1546 262
1546 324
1546 375
1546 656
1546 760
1546 769
1546 773
1546 945
1546 978
1546 1536
1547 34
1547 37
1547 813
1547 1881
1548 3
1548 258
1548 1064
1548 1096
1548 1256
1548 1291
1548 1592
1548 1813
1548 1896
1549 8
1549 725
1550 183
1550 262
1550 1040
1550 1064
1550 1304
1551 43
1551 264
1551 660
1552 134
1552 273
1552 285
1552 323
1552 384
1552 450
1552 1034
1552 1122
1553 642
1553 760
1553 1376
1553 1800
1554 33
1554 37
1554 202
1554 257
1554 772
1554 798
1554 902
1555 2
1555 13
1555 68
1555 261
1555 312
1555 729
1555 1110
1555 1154
1555 1538
1556 9
1556 648
1556 902
1556 1065
1556 1168
1557 9
1557 75
1557 161
1557 164
1557 322
1557 665
1557 1090
1558 199
1558 408
1558 998
1559 1416
1560 0
1560 8
1560 217
1560 658
1560 961
1560 1024
1560 1657
1561 252
1561 353
1563 276
1563 1196
1563 1536
1564 161
1564 264
1564 1152
1564 1706
1565 269
1566 53
1566 192
1566 1281
1567 10
1568 37
1568 588
1568 1026
1568 1046
1568 1184
1568 1224
1568 1568
1568 1962
1569 41
1569 94
1569 822
1569 1252
1570 316
1570 380
1570 406
1570 407
1570 768
1570 772
1570 800
1570 857
1570 1027
1570 1160
1570 1337
1571 16
1571 214
1571 472
1571 704
1571 1608
1571 2044
1572 11
1572 17
1572 40
1572 68
1572 125
1572 768
1572 786
1572 816
1572 1031
1572 1541
1573 5
1573 80
1573 154
1573 296
1573 816
1573 868
1573 1058
1574 98
1574 225
1574 227
1574 840
1574 1223
1575 274
1575 520
1575 553
1575 1080
1576 116
1576 136
1576 243
1576 310
1576 522
1576 1067
1576 1104
1576 1174
1576 1719
1577 119
1577 251
1577 1746
1577 1804
1578 286
1578 464
1578 529
1578 1200
1579 539
1579 1031
1579 1148
1579 1612
1579 1740
1580 0
1580 32
1580 92
1580 529
1580 687
1581 18
1581 116
1581 856
1581 1088
1582 0
1582 1225
1583 133
1583 1094
1584 20
1584 24
1584 98
1584 140
1584 144
1584 176
1584 261
1584 283
1584 787
1584 868
1584 1156
1585 228
1585 1024
1585 1066
1585 1076
1585 1196
1585 1528
1585 1700
1586 34
1586 136
1586 256
1586 269
1586 582
1586 672
1586 1035
1587 179
1588 257
1588 308
1588 1391
1588 1668
1589 544
1589 795
1589 1677
1589 1861
1590 1676
1591 520
1592 35
1592 155
1592 291
1592 360
1592 1560
1593 161
1593 578
1593 993
1594 134
1594 260
1594 433
1594 804
1594 928
1595 115
1595 161
1598 569
1600 142
1600 169
1600 177
1600 256
1600 330
1600 512
1600 520
1600 1059
1600 1152
1600 1266
1600 1289
1600 1296
1600 1707
1601 13
1601 164
1601 740
1601 768
1601 1289
1601 1431
1601 1665
1602 528
1602 771
1602 1322
1603 161
1603 336
1603 898
1603 936
1603 1349
1603 1481
1603 1864
1604 21
1604 1145
1605 274
1605 794
1605 896
1605 949
1605 1282
1606 512
1606 1187
1606 1851
1607 2028
1608 4
1608 36
1608 260
1608 378
1608 421
1608 482
1608 513
1608 968
1608 1153
1608 1504
1608 1728
1609 0
1609 482
1609 513
1609 648
1609 792
1609 1158
1609 1286
1609 1633
1609 1802
1610 17
1610 37
1610 316
1610 528
1610 1141
1611 41
1611 460
1612 294
1612 924
1612 1152
1612 1944
1613 236
1613 409
1613 569
1613 640
1613 688
1613 1544
1614 257
1614 428
1614 705
1615 1384
1616 64
1616 96
1616 336
1616 361
1616 647
1616 1384
1617 0
1617 162
1617 293
1617 1051
1617 1808
1618 178
1619 1030
1620 20
1620 128
1620 293
1621 268
1621 1056
1621 1284
1622 1
1622 944
1622 1032
1622 1316
1622 1668
1623 129
1623 1810
1623 1981
1624 76
1624 146
1624 698
1624 1046
1625 4
1625 59
1625 256
1625 263
1625 1077
1625 1529
1626 87
1631 30
1631 1001
1632 25
1632 29
1632 258
1632 1161
1632 1299
1632 1369
1633 130
1633 282
1634 232
1634 1201
1634 1992
1635 113
1635 384
1635 512
1635 636
1636 16
1636 284
1636 534
1636 1808
1636 1943
1637 324
1637 737
1637 1545
1638 690
1638 1080
1638 1088
1638 1369
1639 288
1639 1960
1640 512
1641 83
1641 1300
1642 9
1643 192
1643 1551
1644 158
1644 161
1644 516
1644 948
1645 278
1646 52
1648 10
1648 336
1648 612
1648 942
1648 1152
1648 1299
1648 1752
1649 319
1649 321
1649 676
1649 1229
1650 54
1650 356
1650 898
1650 1876
1651 291
1651 1284
1651 1353
1652 42
1652 260
1652 277
1652 553
1652 1939
1653 1152
1656 785
1657 529
1657 536
1659 4
1659 304
1661 396
1664 5
1664 290
1664 320
1664 626
1664 785
1664 1033
1664 1034
1664 1120
1664 1156
1664 1570
1664 1995
1665 2
1665 1034
1665 1043
1665 1146
1666 3
1666 24
1666 33
1666 40
1666 66
1666 290
1666 533
1666 784
1666 1064
1666 1602
1666 1894
1667 443
1667 569
1667 609
1667 676
1667 1049
1668 68
1668 251
1668 264
1668 1097
1669 34
1669 64
1669 163
1669 416
1669 1568
1670 7
1670 36
1670 199
1670 358
1670 895
1671 68
1671 80
1671 128
1671 546
1671 1792
1672 21
1672 1288
1672 1297
1672 1460
1672 1550
1673 480
1673 605
1673 786
1673 1074
1674 277
1674 460
1674 545
1674 748
1675 634
1675 1171
1676 72
1676 116
1676 146
1676 211
1676 324
1676 964
1676 1094
1677 40
1677 145
1677 1104
1677 1242
1678 10
1678 224
1678 305
1679 2
1680 164
1680 328
1680 596
1680 706
1680 843
1680 960
1680 1065
1680 1218
1681 266
1681 1028
1682 2
1682 192
1682 256
1682 294
1682 1297
1682 1665
1682 1730
1683 9
1683 64
1684 152
1684 168
1684 776
1684 777
1684 1703
1685 706
1685 769
1688 325
1688 512
1688 1520
1689 773
1689 1570
1689 2000
1690 60
1690 611
1690 1317
1690 1576
1691 67
1691 94
1691 516
1693 333
1693 644
1693 1028
1695 0
1696 392
1696 610
1696 772
1696 774
1696 1091
1696 1180
1696 1349
1696 1350
1696 1395
1696 1665
1697 16
1697 37
1697 288
1697 306
1697 394
1697 419
1698 75
1698 162
1698 504
1698 512
1699 66
1699 1155
1700 157
1700 419
1700 849
1700 1032
1700 1632
1701 496
1701 1056
1702 27
1702 320
1702 513
1702 1184
1704 52
1704 105
1704 150
1704 340
1704 1085
1704 1144
1704 1536
1704 1600
1706 95
1706 1376
1707 8
1707 323
1709 3
1711 36
1711 1706
1712 0
1712 1
1712 16
1712 17
1712 97
1712 800
1712 883
1712 1264
1712 1456
1713 552
1713 1026
1713 1356
1714 1
1714 152
1714 196
1714 408
1714 518
1714 618
1714 720
1715 67
1715 1028
1716 1001
1716 1090
1717 8
1718 132
1718 1234
1720 32
1720 313
1720 1033
1720 1092
1720 1578
1721 1384
1722 538
1723 409
1723 1665
1724 440
1724 826
1724 1116
1725 1040
1725 1348
1727 132
1728 10
1728 35
1728 41
1728 68
1728 125
1728 269
1728 572
1728 1040
1728 1103
1728 1571
1729 18
1729 105
1729 396
1730 128
1730 1159
1732 289
1732 421
1732 579
1732 1064
1732 1802
1733 1361
1734 580
1734 644
1735 280
1735 1031
1735 1966
1736 202
1736 1367
1737 274
1737 1160
1738 3
1738 224
1738 331
1738 340
1738 1632
1739 1096
1740 4
1741 51
1742 258
1742 517
1742 1112
1743 328
1744 2
1744 137
1744 240
1744 800
1744 1546
1745 0
1745 1313
1745 1832
1746 181
1746 1537
1746 1865
1747 32
1747 80
1747 1057
1748 41
1748 256
1748 545
1748 772
1748 802
1748 1832
1750 0
1750 1095
1752 772
1752 1184
1752 1586
1753 1842
1754 12
1754 290
1755 278
1755 1296
1756 28
1756 128
1756 440
1756 705
1756 1285
1757 546
1759 68
1760 0
1760 368
1761 97
1761 1688
1761 1792
1762 1056
1763 532
1764 258
1764 1170
1764 1307
1765 99
1765 560
1765 1065
1766 97
1768 6
1768 68
1768 227
1768 458
1768 1036
1768 1220
1768 1981
1769 18
1769 64
1769 470
1769 934
1770 387
1770 1153
1770 1584
1770 1800
1771 1073
1772 771
1772 1168
1773 68
1773 272
1774 1323
1776 40
1776 708
1778 129
1778 1137
1780 1039
1780 1049
1782 594
1784 35
1784 210
1784 1457
1784 1659
1785 497
1785 1066
1786 387
1786 1040
1789 0
1789 70
1792 8
1792 29
1792 105
1792 264
1792 392
1792 769
1792 787
1792 900
1792 1203
1792 1392
1792 1767
1792 1794
1793 1
1793 68
1793 100
1793 1024
1794 88
1794 101
1794 393
1794 528
1794 645
1794 672
1794 711
1794 1038
1794 1404
1795 176
1795 190
1795 208
1795 1568
1796 90
1796 459
1796 657
1796 756
1796 1174
1797 0
1797 66
1797 176
1797 1058
1798 83
1798 90
1798 1024
1798 1554
1798 1921
1799 132
1799 865
1800 73
1800 208
1800 783
1800 930
1800 1429
1801 34
1801 66
1801 529
1801 739
1801 900
1801 1036
1801 1060
1802 349
1802 434
1802 1592
1803 208
1803 1088
1803 1090
1804 12
1804 513
1804 648
1804 928
1804 1053
1804 1106
1804 1248
1805 1
1805 550
1805 1271
1806 14
1806 66
1806 810
1807 37
1808 40
1808 97
1808 386
1808 398
1808 578
1808 1050
1809 38
1809 161
1809 385
1809 1136
1810 4
1810 41
1810 58
1810 146
1810 677
1810 1377
1811 3
1811 16
1811 64
1812 48
1812 400
1812 972
1813 1
1813 1077
1813 1166
1814 162
1815 151
1815 548
1816 46
1817 1475
1817 1564
1818 84
1818 106
1818 819
1818 1038
1818 1786
1819 30
1819 40
1819 1024
1819 1042
1819 1480
1819 1544
1820 1044
1820 1048
1820 1059
1821 1159
1821 1536
1821 1640
1822 731
1824 352
1824 543
1824 746
1824 1248
1824 1286
1824 1412
1826 292
1826 777
1826 1024
1826 1466
1826 1748
1827 269
1828 8
1828 590
1828 664
1828 1104
1828 1540
1828 1575
1830 1104
1831 148
1832 1155
1832 1371
1834 24
1834 33
1834 152
1834 196
1834 286
1836 16
1836 264
1836 316
1836 544
1836 1584
1837 640
1837 662
1839 144
1839 688
1840 181
1840 424
1840 836
1840 842
1840 1286
1841 0
1841 12
1841 192
1841 290
1841 384
1841 653
1843 38
1843 120
1844 41
1844 384
1844 1891
1845 1268
1846 1581
1848 21
1848 330
1848 704
1848 1056
1848 1678
1849 171
1850 48
1850 547
1850 567
1850 1281
1850 1587
1851 776
1851 1219
1851 1222
1852 24
1852 114
1852 376
1852 1078
1852 1536
1854 1249
1855 192
1856 74
1856 320
1856 321
1856 857
1856 939
1856 1536
1857 4
1857 80
1857 264
1857 268
1857 557
1857 1092
1857 1213
1857 1546
1857 1608
1858 111
1858 308
1858 1122
1858 1487
1860 760
1860 1539
1860 1670
1861 128
1861 1153
1861 1364
1862 278
1862 652
1862 1280
1863 1200
1864 256
1864 291
1864 705
1865 24
1865 1300
1865 1376
1866 194
1866 560
1866 793
1866 1618
1867 130
1867 526
1867 742
1868 567
1868 756
1869 103
1869 177
1871 154
1871 562
1872 5
1872 50
1872 268
1872 818
1872 1000
1872 1039
1872 1097
1872 1192
1872 1482
1873 513
1874 69
1874 202
1874 336
1874 401
1874 1056
1874 1587
1875 0
1875 72
1875 198
1875 1032
1875 1576
1876 115
1876 704
1877 66
1877 81
1877 101
1878 323
1878 1732
1880 11
1880 1024
1880 1160
1880 2032
1881 6
1881 780
1881 1158
1882 95
1882 436
1883 572
1883 1633
1884 276
1885 17
1885 1442
1887 3
1887 1108
1888 34
1888 182
1888 1168
1889 436
1890 724
1890 1024
1892 283
1892 1104
1893 65
1893 260
1893 273
1893 353
1893 1002
1895 14
1895 292
1895 784
1896 990
1896 1040
1896 1171
1896 1478
1897 20
1897 136
1898 196
1898 534
1898 1245
1899 172
1899 801
1900 21
1901 1554
1902 1074
1904 549
1904 691
1907 1413
1908 1016
1908 1120
1909 224
1909 1070
1910 612
1912 272
1912 1488
1913 139
1913 1936
1916 694
1918 544
1919 696
1920 1
1920 172
1920 272
1920 282
1920 520
1921 13
1921 128
1921 402
1921 906
1921 1104
1921 1153
1922 338
1922 557
1922 1161
1922 1280
1923 616
1923 1557
1924 536
1924 544
1924 577
1924 733
1924 1265
1925 482
1925 734
1926 1150
1926 1184
1928 70
1928 356
1928 553
1928 1724
1928 1858
1929 256
1929 584
1930 748
1930 878
1932 1030
1932 1810
1933 517
1933 1027
1933 1408
1934 116
1934 233
1934 547
1934 874
1934 1070
1936 39
1936 518
1936 1220
1936 1248
1936 1331
1936 1604
1936 1713
1937 5
1937 12
1937 403
1937 1184
1937 1554
1939 289
1939 779
1939 1696
1940 80
1940 657
1940 1808
1941 4
1943 520
1944 53
1944 530
1944 561
1945 137
1946 512
1947 101
1947 1122
1949 386
1949 1346
1950 659
1950 1356
1951 1091
1951 1188
1952 32
1952 256
1952 432
1952 580
1952 668
1952 1076
1952 1676
1952 1836
1953 897
1954 80
1954 93
1954 128
1954 192
1954 538
1954 585
1954 1047
1954 1280
1955 188
1956 35
1956 153
1956 458
1956 1665
1957 1180
1958 41
1958 144
1959 1172
1959 1673
1960 64
1960 328
1960 526
1960 624
1961 290
1962 17
1962 661
1962 732
1962 1668
1963 22
1963 676
1963 1899
1964 89
1964 96
1964 266
1965 154
1965 297
1965 686
1966 160
1968 1096
1970 25
1970 1962
1971 302
1971 1038
1972 928
1972 950
1974 195
1975 1995
1978 521
1978 904
1978 1076
1979 11
1979 38
1980 15
1980 1102
1982 915
1982 1047
1983 256
1983 1034
1984 48
1984 90
1984 146
1984 233
1984 1353
1984 1408
1985 553
1985 1159
1986 224
1986 770
1986 789
1986 1545
1988 164
1990 144
1991 264
1992 215
1992 265
1992 645
1993 1329
1993 1677
1994 1800
1996 136
1996 474
1996 1096
1998 296
1998 1294
2000 5
2000 904
2001 1448
2001 1616
2001 1832
2003 1224
2005 640
2006 235
2006 444
2006 772
2007 1318
2008 548
2008 1056
2010 780
2011 113
2012 2
2012 1099
2014 136
2014 210
2016 1664
2017 92
2018 568
2018 580
2019 1512
2020 785
2020 834
2023 1092
2025 1036
2026 736
2026 967
2026 1128
2029 328
2029 562
2030 640
2030 1657
2031 32
2032 528
2033 0
2033 746
2034 25
2034 137
2035 216
2035 1031
2037 26
2039 1
2039 648
2046 428
