# Synthetic Kronecker Graph 
# Edges are directed 
0 4
0 27
1 0
1 3
1 4
1 9
1 10
1 17
1 42
1 50
1 62
2 2
2 9
2 32
2 38
3 1
3 12
3 33
3 44
3 49
4 8
4 56
5 33
5 44
5 59
6 0
6 9
6 12
6 19
6 20
6 41
6 50
7 8
8 0
8 4
8 5
8 12
8 24
9 3
9 10
9 36
10 1
10 12
10 16
10 20
10 48
10 54
10 59
11 3
11 24
11 40
12 16
13 0
13 40
13 63
14 3
15 0
15 17
15 19
16 8
16 25
16 30
16 49
17 32
17 35
18 0
18 52
20 59
22 32
24 4
24 21
24 26
26 1
26 2
26 38
26 42
26 56
27 8
28 25
29 1
29 49
30 36
31 0
32 0
32 2
32 14
32 15
32 20
33 0
33 2
33 22
33 32
33 44
34 13
34 32
34 38
35 22
36 2
36 4
36 13
36 58
37 35
38 1
38 2
38 4
38 17
38 44
39 0
39 31
39 40
39 46
40 16
41 16
41 52
42 0
42 1
43 0
43 4
43 34
44 5
44 45
45 28
46 0
46 9
48 27
48 45
48 48
49 3
49 10
49 54
50 4
50 11
50 24
50 29
50 45
51 6
51 54
53 0
53 16
53 48
55 4
56 48
57 18
59 42
61 0
61 3
