# Synthetic Kronecker Graph 
# Edges are directed 
0 7
0 8
0 10
0 22
0 84
0 88
0 92
0 97
0 140
0 163
0 196
0 329
0 436
0 469
1 0
1 9
1 16
1 19
1 21
1 27
1 46
1 48
1 144
1 152
1 225
1 360
1 488
2 16
2 23
2 25
2 42
2 68
2 81
2 122
2 141
2 256
2 291
2 292
2 321
2 424
3 0
3 1
3 14
3 272
3 340
3 375
3 424
3 448
3 494
4 4
4 10
4 11
4 35
4 42
4 68
4 74
4 76
4 77
4 88
4 96
4 97
4 136
4 195
4 200
4 225
4 257
4 258
4 267
4 426
4 448
5 76
5 77
5 274
5 301
5 385
5 480
6 9
6 13
6 16
6 21
6 28
6 34
6 48
6 64
6 76
6 82
6 269
6 275
6 342
7 1
7 15
7 67
7 69
7 112
7 131
7 160
7 241
7 288
8 6
8 32
8 56
8 65
8 76
8 81
8 151
8 164
8 180
8 216
8 232
8 265
8 282
8 304
8 305
8 325
8 349
8 358
8 360
8 419
9 0
9 2
9 44
9 160
9 272
9 286
9 308
9 321
9 428
10 0
10 3
10 4
10 5
10 68
10 154
10 163
10 194
10 257
10 413
11 258
11 308
11 346
12 45
12 82
12 92
12 136
12 256
12 266
12 296
12 388
12 450
12 468
13 289
13 360
13 440
13 475
14 25
14 256
14 272
14 297
14 401
14 460
15 20
16 0
16 24
16 29
16 32
16 40
16 68
16 148
16 268
16 310
16 376
17 16
17 80
17 112
17 160
17 164
17 188
17 196
17 242
17 355
18 12
18 16
18 68
18 70
18 129
18 182
18 261
19 21
19 128
19 197
19 224
20 0
20 16
20 50
20 65
20 98
20 131
20 132
20 146
20 200
20 242
20 318
20 392
21 64
21 100
21 356
21 388
21 415
21 452
22 82
22 89
22 115
22 136
22 153
22 273
22 357
23 12
23 72
23 168
23 176
23 226
23 288
23 328
24 4
24 53
24 64
24 65
24 103
24 280
24 334
24 386
24 480
25 40
25 200
25 276
26 264
26 266
26 320
26 321
26 354
26 465
27 260
27 348
27 398
27 456
28 1
28 109
28 166
29 21
29 28
29 64
29 139
30 8
30 42
30 80
31 1
31 24
32 10
32 12
32 15
32 32
32 48
32 60
32 106
32 117
32 198
32 405
33 8
33 20
33 22
33 98
33 336
34 5
34 8
34 17
34 76
34 88
34 104
34 143
34 258
34 385
35 20
35 114
35 134
35 149
35 256
36 17
36 34
36 64
36 81
36 169
36 361
37 1
37 4
37 10
37 36
37 44
37 112
37 118
37 292
37 368
38 48
38 188
38 322
38 447
39 0
39 4
39 40
39 193
39 211
39 227
39 305
40 1
40 3
40 23
40 24
40 53
40 130
40 153
40 224
40 260
40 316
40 335
40 386
41 1
41 70
41 176
41 178
41 223
41 256
42 4
42 25
42 28
42 71
42 107
42 152
42 192
42 194
42 331
42 341
43 6
43 178
44 4
44 65
44 178
44 212
44 336
44 432
44 461
45 0
45 2
45 73
45 129
45 140
45 152
45 460
46 125
46 194
46 209
46 256
46 260
46 290
47 12
47 160
47 439
48 4
48 64
48 68
48 74
48 100
48 498
49 4
49 64
50 1
50 140
50 153
50 201
50 256
50 322
50 366
51 480
52 16
52 393
53 42
53 300
54 67
54 97
54 458
55 5
55 160
56 2
56 20
56 34
56 114
56 186
56 192
56 352
56 375
57 20
57 208
57 224
58 60
60 288
61 32
61 36
61 271
64 0
64 2
64 16
64 47
64 52
64 77
64 124
64 152
64 263
64 272
64 297
64 321
64 323
64 324
64 352
64 398
65 0
65 14
65 33
65 135
65 169
65 318
65 320
65 392
66 56
66 60
66 68
66 88
66 106
66 202
66 241
66 250
66 268
66 277
66 340
66 360
67 8
67 128
67 258
68 85
68 88
68 203
68 256
68 385
69 146
69 410
70 22
70 41
70 113
70 186
70 384
70 386
70 398
70 416
71 18
71 42
71 202
72 4
72 10
72 16
72 33
72 56
72 62
72 79
72 132
72 161
72 218
72 296
72 357
72 394
73 4
73 104
73 287
74 10
74 21
74 106
74 170
74 210
74 260
75 5
76 2
76 4
76 17
76 97
76 261
76 338
77 65
77 327
77 484
80 1
80 2
80 3
80 5
80 6
80 9
80 69
80 252
81 24
81 26
81 52
81 179
81 266
82 36
82 114
82 228
83 176
83 194
84 142
84 192
84 257
85 0
85 12
85 256
85 393
86 0
86 92
86 129
86 130
86 340
87 448
88 32
88 63
88 68
88 128
88 180
88 226
88 256
88 291
88 324
89 65
89 269
90 128
90 169
91 272
91 326
92 66
92 199
92 258
93 136
93 258
94 38
94 57
95 19
96 12
96 66
96 72
96 90
96 96
96 133
96 253
96 289
96 298
97 0
97 13
97 136
97 292
97 488
98 72
99 0
99 57
99 481
100 39
100 88
100 137
101 3
101 129
101 256
101 394
102 23
102 112
102 193
102 324
103 96
103 310
103 340
104 5
104 250
104 260
104 320
104 454
105 321
105 352
106 53
106 200
106 328
106 405
107 0
107 1
107 387
108 90
108 281
108 316
109 206
109 266
109 466
110 134
111 272
112 2
112 232
112 465
113 35
113 100
113 105
113 171
114 8
114 21
114 60
114 102
114 145
114 334
114 356
115 172
116 88
116 98
116 142
116 192
116 256
116 323
117 258
117 266
117 354
117 424
118 136
118 272
118 277
118 470
120 1
120 4
120 46
120 176
120 244
120 257
120 275
120 296
120 325
120 402
121 5
121 8
121 84
121 147
121 308
121 453
122 278
123 160
124 100
126 176
128 1
128 7
128 8
128 36
128 66
128 137
128 148
128 160
128 215
128 277
128 307
128 322
128 350
129 0
129 96
129 180
129 273
129 404
130 67
130 184
130 352
130 360
130 392
131 17
131 200
131 228
131 288
132 36
132 77
132 90
132 138
132 276
132 297
132 490
133 161
133 394
134 16
134 37
134 327
134 393
135 96
135 161
135 345
136 17
136 33
136 58
136 80
136 82
136 89
136 118
136 129
136 164
136 202
136 242
136 269
136 325
136 340
136 459
137 150
137 256
137 426
138 28
138 34
138 39
138 112
138 324
138 352
139 0
139 42
139 86
139 339
140 2
140 14
140 28
140 80
140 134
140 227
140 388
140 408
141 195
141 291
141 416
142 2
142 81
143 170
143 256
143 302
143 438
144 2
144 7
144 32
144 43
144 64
144 80
144 104
144 107
144 110
144 129
144 267
144 280
144 328
145 3
145 92
145 176
145 270
145 320
145 344
145 390
145 448
146 102
146 301
146 392
146 416
147 0
147 1
148 0
148 64
148 273
148 284
149 276
150 259
150 385
151 38
151 386
152 61
152 208
152 256
153 0
153 1
153 20
153 33
153 182
153 338
154 1
154 6
154 32
154 163
156 128
156 256
158 17
158 28
158 72
158 209
159 128
160 4
160 176
160 264
160 267
160 292
160 385
160 464
160 484
161 3
161 44
161 72
161 259
161 306
162 12
162 14
162 50
162 298
163 280
163 396
164 0
164 3
164 39
164 66
164 145
164 228
164 257
165 33
166 64
166 114
166 347
167 32
167 99
168 10
168 72
168 73
168 300
168 394
168 406
168 409
169 160
169 176
169 258
169 276
169 323
169 347
170 420
172 65
172 112
172 400
173 112
173 140
173 256
173 284
173 325
173 421
174 256
174 385
175 7
176 32
176 82
176 216
176 262
176 285
177 0
177 32
177 37
177 99
177 289
178 13
178 17
178 34
179 71
179 266
180 475
181 8
181 66
181 158
181 182
182 163
183 35
183 70
183 288
184 131
184 257
185 8
185 17
185 22
185 224
185 257
187 325
188 404
189 385
190 226
191 6
192 10
192 65
192 170
192 257
192 272
192 288
192 460
193 12
193 21
193 32
193 58
193 77
193 209
193 219
193 269
193 277
193 278
193 289
194 129
194 137
194 216
194 304
194 456
195 38
195 59
195 128
195 276
195 450
196 49
196 160
196 194
196 288
196 306
196 325
197 132
197 145
199 77
199 148
199 274
199 396
200 1
200 48
200 65
200 144
200 176
200 325
200 350
201 14
201 186
202 15
202 18
202 181
202 196
202 330
203 389
204 87
204 386
204 429
205 1
205 51
206 69
206 256
206 297
206 437
207 4
207 242
208 1
208 152
208 167
209 102
209 268
209 358
209 388
210 0
210 1
210 40
210 136
210 236
211 15
211 51
211 225
211 258
211 422
212 8
212 15
212 259
213 8
213 203
213 291
214 41
214 288
215 40
215 179
216 1
216 2
216 384
217 194
217 286
217 426
218 337
219 24
220 198
221 170
223 30
224 6
224 320
224 450
225 132
225 136
225 298
225 320
226 17
227 1
228 102
228 324
228 353
229 125
229 423
230 260
231 145
231 163
232 189
233 6
234 1
234 64
234 120
235 268
237 2
237 85
238 0
238 44
238 73
239 0
240 81
242 112
242 128
242 256
242 265
242 396
242 482
243 106
243 225
243 288
243 338
244 497
245 0
245 12
245 420
246 64
246 444
248 4
248 130
248 148
248 337
248 406
249 2
249 4
249 7
250 47
251 292
252 14
252 339
253 4
253 137
254 262
255 321
256 16
256 24
256 58
256 64
256 65
256 120
256 160
256 164
256 171
256 272
256 376
256 384
256 421
256 446
256 496
257 3
257 4
257 10
257 32
257 74
257 118
257 129
257 144
257 161
257 226
258 25
258 58
258 79
258 160
258 228
258 270
258 357
258 461
259 40
259 104
259 368
259 465
260 3
260 99
260 144
260 146
260 264
260 344
260 458
260 508
261 136
261 288
262 72
262 74
262 388
262 437
263 49
263 213
263 261
264 0
264 249
264 310
264 329
264 360
264 426
265 164
265 168
265 170
265 176
265 177
265 245
265 267
265 277
265 323
265 392
265 432
266 1
266 17
266 84
266 320
266 396
267 32
268 33
268 128
268 348
268 448
269 48
271 1
271 32
271 66
271 152
271 160
271 320
272 50
272 73
272 124
272 243
272 453
273 12
273 104
273 161
273 225
273 306
273 448
274 32
274 50
274 133
275 20
275 128
275 298
275 390
276 4
276 18
276 72
276 115
276 131
276 133
276 169
276 276
277 64
277 130
277 448
278 71
278 168
278 194
278 234
278 256
278 301
278 418
279 16
279 34
279 259
280 1
280 2
280 9
280 20
280 40
280 58
280 134
280 146
280 162
280 164
280 191
280 270
281 6
281 72
281 100
281 145
282 21
282 129
282 451
283 1
283 359
284 0
284 157
284 171
284 178
285 36
285 48
285 141
286 69
286 385
288 8
288 18
288 64
288 65
288 90
288 104
288 149
288 386
288 472
289 17
289 128
289 130
289 447
290 4
290 7
290 51
290 54
290 113
290 160
291 4
291 64
291 314
291 339
292 1
292 21
292 32
292 36
292 148
292 154
292 195
292 216
292 457
293 17
293 193
293 212
293 233
293 264
294 18
294 114
295 330
295 378
296 2
296 149
296 264
297 8
297 16
297 80
297 192
298 261
298 307
298 450
299 4
299 16
299 116
299 308
300 156
300 212
300 456
301 130
301 361
302 56
304 6
304 16
304 133
304 149
305 13
305 34
305 56
305 96
305 116
305 136
305 169
305 266
305 284
306 263
307 16
307 75
308 39
308 48
308 93
308 308
309 72
310 36
310 170
310 445
311 465
312 180
312 384
313 12
314 308
314 353
315 410
316 294
317 402
319 180
320 5
320 132
320 147
320 398
321 16
321 120
321 220
321 273
321 279
321 286
321 419
322 6
322 49
322 161
322 272
322 280
322 373
323 3
323 16
323 162
323 394
324 12
324 16
324 56
324 417
325 128
325 229
326 11
326 33
326 200
326 307
326 327
326 396
328 0
328 1
328 320
328 338
328 425
329 0
329 21
329 76
329 145
330 16
330 47
330 210
330 258
330 261
330 368
330 400
331 6
331 22
331 125
332 1
332 196
332 288
332 338
332 464
333 3
333 442
334 2
335 150
335 233
335 385
336 254
336 375
336 388
336 448
337 139
337 176
338 50
338 98
338 133
338 186
339 20
339 64
340 81
340 117
340 314
340 352
341 1
341 295
341 509
343 70
344 21
344 37
344 64
344 194
344 384
345 17
345 242
345 388
346 153
347 161
348 38
348 128
349 3
349 25
349 473
350 260
351 93
351 131
352 216
352 313
352 337
353 8
353 10
353 225
353 418
354 91
354 130
354 140
354 152
355 86
355 131
355 142
355 325
357 49
357 154
357 230
358 21
358 337
359 300
360 0
360 128
360 416
362 7
362 432
363 36
363 70
367 3
368 71
368 74
368 266
369 146
369 205
370 66
370 88
370 448
371 42
371 60
372 304
372 332
373 385
374 1
374 15
374 212
374 225
375 24
375 449
377 296
378 273
378 294
380 282
381 256
383 41
383 96
383 290
384 1
384 51
384 65
384 76
384 132
384 140
384 146
384 266
384 320
384 428
384 490
385 5
385 20
385 26
385 80
385 150
386 1
386 11
386 31
386 32
386 114
386 146
386 422
387 432
388 5
388 34
388 116
388 142
388 273
389 140
389 199
390 34
390 130
390 230
391 160
391 237
392 26
392 60
392 144
392 332
392 341
392 357
392 394
392 417
393 80
393 174
393 216
393 384
394 0
394 4
394 9
394 68
394 200
394 243
394 489
396 49
396 376
396 421
397 0
397 196
398 43
399 25
399 46
399 176
399 368
400 16
400 69
400 194
400 328
401 259
401 260
403 68
403 190
403 258
403 276
403 421
404 70
404 143
404 256
404 275
404 292
404 321
405 110
405 140
405 169
405 228
405 472
406 35
406 36
406 418
407 29
408 66
408 68
408 81
408 262
408 329
409 64
409 83
409 272
409 296
410 320
411 6
411 104
411 200
411 390
412 138
412 146
412 164
412 199
412 390
413 160
413 187
416 8
416 17
416 38
416 145
417 166
418 0
418 12
418 65
418 117
418 162
418 490
419 4
419 76
419 204
420 72
420 113
420 148
420 151
420 352
421 257
421 417
422 56
423 400
424 82
424 404
425 75
425 77
425 325
426 10
426 147
427 272
428 136
428 273
429 68
430 72
430 108
431 257
432 1
432 132
432 336
433 116
433 166
437 0
438 22
440 19
440 55
440 159
440 194
440 389
441 326
442 72
442 195
442 216
442 396
444 257
445 130
446 21
446 192
446 408
447 97
448 0
448 42
448 137
448 258
448 268
448 313
448 416
448 417
448 425
450 66
450 120
450 128
450 256
450 384
451 78
452 16
452 24
452 32
452 368
453 4
453 64
453 289
453 335
454 448
455 482
456 142
457 0
458 2
458 137
458 141
458 161
458 409
459 0
460 258
460 320
460 356
462 67
462 104
462 115
463 286
464 21
464 33
464 40
464 113
464 289
464 420
465 192
465 366
465 368
466 145
467 209
468 53
468 366
470 261
471 365
474 232
476 0
477 66
478 51
480 38
480 237
481 66
481 410
482 66
483 97
484 120
484 161
484 340
485 26
485 51
486 84
487 397
488 23
488 104
488 113
488 148
488 197
488 212
489 159
490 0
491 164
492 34
493 133
494 5
494 35
496 33
496 194
496 449
497 266
500 82
504 100
504 128
504 448
505 320
506 26
