# Synthetic Kronecker Graph 
# Edges are directed 
0 1
0 8
0 19
0 32
0 34
0 52
0 66
0 71
0 97
0 112
1 38
1 90
2 1
2 3
2 30
2 32
2 35
2 36
2 42
2 52
2 64
2 68
2 85
2 99
3 0
3 52
3 77
3 100
4 0
4 10
4 17
4 43
4 66
5 0
5 9
5 49
5 51
5 64
5 66
5 98
6 8
6 71
6 73
7 20
7 64
8 0
8 1
8 15
8 21
8 35
8 48
8 76
8 80
8 81
8 88
8 93
9 12
9 64
9 76
10 9
10 34
10 66
11 36
11 66
11 67
11 79
12 34
12 36
12 102
13 15
13 118
14 64
14 74
14 87
14 112
15 38
16 4
16 5
16 18
16 36
16 44
16 48
16 56
16 64
16 88
17 7
17 16
18 8
18 10
18 12
18 16
19 8
19 19
19 20
19 30
19 42
19 64
19 104
20 11
20 26
20 80
20 93
21 30
22 1
22 12
23 2
23 35
24 0
24 4
24 11
24 17
24 18
24 73
25 4
25 18
25 32
25 38
25 108
26 10
26 19
27 24
28 5
28 12
28 29
28 53
28 68
28 96
29 0
29 7
29 104
30 4
30 68
31 53
32 4
32 6
32 52
32 77
32 100
32 115
33 0
33 9
33 17
33 27
33 44
33 74
33 88
34 74
35 64
35 66
35 116
36 52
37 17
37 42
38 6
38 17
38 49
38 100
39 1
39 32
40 4
40 38
40 68
40 72
40 96
41 0
41 74
41 84
41 89
41 112
42 23
43 4
44 100
45 53
45 64
45 77
45 100
46 66
46 112
47 12
47 22
47 48
48 20
49 10
49 65
49 73
50 2
50 5
50 12
50 88
51 55
52 0
52 4
54 9
54 32
55 1
55 113
56 0
56 7
56 20
57 105
59 0
59 5
59 8
59 42
60 8
60 45
60 52
60 122
61 93
62 3
62 67
62 72
62 99
63 4
64 1
64 10
64 17
64 21
64 34
64 68
64 72
64 97
65 6
65 7
65 48
66 12
66 19
66 44
66 64
66 77
66 99
67 11
67 21
67 66
68 4
68 68
69 0
69 56
69 64
69 104
70 4
70 18
70 60
70 66
71 8
72 48
72 73
73 51
73 66
74 6
74 8
74 28
75 4
75 16
75 83
76 1
76 32
76 77
77 1
77 4
77 99
78 56
78 81
79 29
79 48
80 0
80 8
80 22
80 64
80 88
81 12
81 35
81 40
81 105
82 3
82 10
82 46
83 32
83 58
83 65
83 72
83 87
84 0
84 1
84 16
84 33
85 0
85 35
85 88
87 0
88 70
88 72
88 88
89 0
89 18
89 48
90 61
90 64
91 8
94 53
94 64
96 4
96 5
96 54
98 1
98 114
99 34
100 8
100 18
100 26
100 69
101 80
102 50
102 92
103 114
104 38
104 48
104 65
104 78
105 2
105 7
105 24
105 65
106 81
107 9
110 0
110 104
111 0
111 30
112 50
112 73
113 51
114 10
115 1
116 8
116 18
116 34
116 40
117 0
117 17
118 1
118 9
118 12
120 3
121 97
121 113
122 0
122 6
122 80
123 72
124 32
125 64
126 28
126 57
