# Synthetic Kronecker Graph 
# Edges are directed 
0 0
0 5
0 16
0 42
0 96
0 144
0 145
0 173
0 196
0 197
0 235
0 241
1 4
1 12
1 19
1 21
1 50
1 80
1 97
1 100
1 154
1 196
1 224
2 4
2 34
2 52
2 66
2 108
2 136
2 166
2 177
2 195
2 197
2 206
3 8
3 10
3 16
3 25
3 35
3 98
3 130
3 228
4 10
4 33
4 59
4 135
4 139
4 146
4 150
4 155
5 0
5 5
5 13
5 42
5 43
5 49
5 132
5 144
5 249
6 11
6 18
6 20
6 24
6 83
6 155
6 194
7 138
8 2
8 3
8 16
8 20
8 25
8 36
8 66
8 133
8 140
8 209
9 1
9 40
9 137
9 144
9 145
9 155
9 188
10 20
10 26
10 32
10 65
10 169
10 243
11 0
11 80
11 96
11 132
11 152
11 158
12 0
12 9
12 52
12 78
12 100
12 168
13 0
13 43
13 78
13 164
14 2
14 16
14 101
14 144
15 204
16 11
16 18
16 20
16 25
16 26
16 36
16 45
16 63
16 88
16 113
16 146
16 170
16 205
17 10
17 16
17 23
17 80
17 113
18 4
18 11
18 130
18 214
19 4
19 140
19 202
20 13
20 49
20 66
20 147
20 192
21 16
21 86
21 137
21 139
21 162
21 224
22 16
22 52
22 68
22 154
22 159
23 170
23 194
24 8
24 12
24 48
24 68
24 195
25 132
26 0
26 13
26 100
26 116
26 136
26 150
26 209
27 1
27 7
27 22
27 44
27 69
28 1
28 35
28 88
30 196
31 67
31 196
32 0
32 4
32 42
32 193
32 209
33 64
33 85
33 160
33 228
34 0
34 20
34 22
34 76
34 220
34 241
35 52
35 133
35 150
35 160
35 165
36 20
36 32
36 45
36 66
36 100
36 139
36 145
37 25
37 138
38 0
38 3
38 11
38 128
39 7
39 64
40 0
40 14
40 17
40 100
40 141
40 144
40 160
41 2
41 12
41 160
41 165
42 65
42 152
42 169
42 176
43 7
43 88
43 113
43 115
43 192
44 232
45 7
45 33
45 133
45 164
46 36
46 44
46 218
47 132
48 0
48 10
48 40
48 50
48 71
48 81
48 135
48 228
49 0
49 68
49 96
49 128
49 140
49 212
50 6
50 18
50 24
50 67
50 72
50 112
50 168
51 0
51 80
51 135
52 70
52 104
53 3
53 25
53 62
53 86
54 0
54 6
54 25
54 100
54 156
55 89
55 161
56 0
56 20
56 74
56 88
56 160
57 101
57 148
60 7
60 13
60 71
60 177
61 0
61 199
62 32
62 196
64 3
64 12
64 19
64 32
64 82
64 112
64 128
64 149
64 162
65 0
65 1
65 66
65 140
65 142
65 162
65 163
66 10
66 32
67 48
67 112
67 161
68 3
68 15
68 18
68 24
68 50
68 64
68 80
68 210
68 249
69 166
70 20
70 48
70 67
70 71
71 138
71 168
71 224
72 2
72 12
72 37
72 120
72 124
72 132
72 140
72 146
72 240
73 12
73 64
74 132
74 141
74 209
74 224
75 8
75 30
75 88
76 12
76 24
76 100
76 136
77 2
77 160
78 4
78 80
79 39
80 12
80 22
80 153
80 192
81 0
81 2
81 49
81 65
81 132
82 0
82 19
82 27
82 116
83 2
83 44
83 64
83 101
84 139
85 53
85 160
86 1
86 97
87 136
87 214
87 232
88 0
88 12
88 134
89 0
89 9
90 9
90 194
91 32
91 104
91 152
92 22
92 36
92 97
92 166
94 95
94 130
96 33
96 78
96 88
97 46
97 53
97 76
98 6
98 20
98 148
98 160
98 175
98 214
99 48
100 146
101 11
101 160
102 2
102 130
102 192
103 152
104 1
104 17
104 112
104 130
105 25
105 86
106 2
106 26
106 64
106 78
106 152
106 165
106 182
106 241
107 2
107 35
107 66
107 124
108 43
109 22
110 85
112 0
112 123
112 140
112 154
112 209
113 8
113 132
114 16
116 3
116 8
116 203
117 0
117 36
117 156
117 163
118 2
118 16
118 22
120 40
121 2
121 44
121 64
121 66
121 148
122 128
124 5
124 24
124 103
125 163
128 21
128 51
128 66
128 104
128 110
129 3
129 4
129 7
129 18
129 32
129 74
130 13
130 16
130 42
130 44
130 64
130 92
131 3
131 55
131 76
131 146
132 13
132 18
132 27
132 70
132 160
132 174
132 193
133 138
134 140
134 147
134 198
135 35
135 200
136 4
136 9
136 16
136 40
136 78
136 130
136 160
136 196
136 234
137 122
137 136
138 9
138 79
138 130
139 28
139 208
140 24
140 154
140 160
140 174
141 8
141 97
142 0
142 10
142 61
142 168
142 216
143 10
143 43
143 129
143 153
144 6
144 80
144 82
144 100
144 182
144 251
145 32
145 67
145 144
145 207
146 111
147 55
147 192
147 194
148 0
148 66
150 36
150 231
151 5
151 9
151 128
152 8
152 16
152 26
152 49
152 80
152 99
152 168
153 28
154 0
154 104
155 4
155 12
155 136
155 144
156 1
157 40
158 4
159 116
160 4
160 10
160 51
160 114
160 130
160 196
161 2
161 8
161 31
161 73
161 128
161 192
162 11
162 12
162 21
162 58
162 112
162 154
163 1
163 130
164 30
164 52
164 86
164 91
164 107
165 5
165 18
165 52
165 129
165 144
165 145
166 75
166 97
167 0
167 67
167 98
167 100
167 112
168 104
168 190
170 11
170 116
171 1
171 158
172 97
172 156
173 65
173 99
174 4
174 213
176 8
176 58
176 109
176 128
177 51
178 0
178 101
178 117
178 147
178 240
179 2
179 181
180 65
180 154
182 102
184 14
184 81
184 194
185 1
185 73
186 68
186 85
187 97
188 134
190 66
190 84
190 112
192 7
192 80
192 109
192 112
192 220
193 3
193 66
193 97
193 129
193 140
193 161
194 0
194 51
194 229
195 224
196 2
196 34
196 35
196 38
196 48
196 90
196 111
196 129
196 130
196 146
196 204
197 24
198 17
198 36
198 116
200 46
200 132
200 245
201 235
202 42
203 144
203 226
204 65
204 117
204 128
204 134
204 160
205 10
205 44
205 81
205 90
208 6
208 36
208 96
208 135
209 1
209 160
210 6
210 74
210 136
210 149
210 211
212 28
212 111
212 147
212 208
212 229
213 7
213 54
215 24
215 78
216 3
217 115
218 93
221 144
222 34
222 164
223 56
224 4
224 12
224 33
224 193
225 60
225 128
225 232
226 196
228 85
228 217
232 38
232 245
234 82
234 113
236 248
237 176
240 68
240 160
240 200
241 92
241 107
241 167
242 8
242 180
243 146
244 66
245 2
245 28
246 105
247 162
250 1
250 49
251 180
251 186
252 14
252 41
252 212
254 92
255 126
