# Synthetic Kronecker Graph 
# Edges are directed 
0 0
0 5
0 12
0 32
0 37
0 40
0 44
0 72
0 99
0 122
0 129
0 130
0 148
0 258
0 261
0 270
0 291
0 292
0 450
0 520
0 582
0 768
0 770
0 832
0 836
0 881
0 897
0 899
0 923
0 966
1 0
1 20
1 52
1 81
1 135
1 137
1 169
1 324
1 346
1 376
1 518
1 568
1 584
1 586
1 644
1 788
2 4
2 8
2 128
2 144
2 221
2 228
2 256
2 294
2 320
2 395
2 405
2 439
2 476
2 547
2 648
2 713
2 774
2 900
2 931
2 941
3 7
3 14
3 41
3 72
3 84
3 186
3 258
3 640
4 14
4 28
4 57
4 82
4 108
4 141
4 160
4 200
4 208
4 268
4 336
4 363
4 452
4 584
4 614
4 640
4 657
4 770
4 776
4 784
4 870
4 898
5 48
5 260
5 264
5 276
5 280
5 325
5 394
5 564
5 720
5 802
5 833
6 1
6 8
6 48
6 96
6 152
6 256
6 320
6 352
6 426
6 514
6 537
6 557
6 673
6 776
6 956
6 992
7 5
7 65
7 73
7 192
7 216
7 340
7 387
7 436
7 524
7 529
7 533
7 676
7 688
7 724
7 931
8 8
8 9
8 90
8 181
8 196
8 257
8 321
8 464
8 481
8 513
8 576
8 712
8 818
9 3
9 50
9 74
9 144
9 229
9 257
9 456
9 582
9 912
9 994
10 3
10 10
10 106
10 247
10 257
10 389
10 514
10 550
10 552
10 582
10 643
10 659
10 927
11 1
11 6
11 16
11 24
11 66
11 123
11 155
11 216
11 602
12 17
12 65
12 85
12 136
12 167
12 204
12 283
12 328
12 336
12 520
12 579
12 690
12 768
13 80
13 82
13 160
13 187
13 198
13 304
13 439
13 540
13 851
13 870
13 904
14 80
14 81
14 96
14 167
14 368
14 401
14 576
14 681
14 720
14 792
15 206
15 784
16 38
16 64
16 141
16 144
16 194
16 256
16 269
16 389
16 394
16 408
16 416
16 418
16 448
16 512
16 547
16 794
16 809
16 840
16 864
16 966
17 0
17 8
17 50
17 88
17 136
17 206
17 268
17 269
17 286
17 292
17 432
17 434
17 486
17 514
17 538
17 544
17 584
17 590
17 988
18 4
18 9
18 68
18 73
18 76
18 77
18 86
18 364
18 558
18 624
18 814
18 1008
19 18
19 70
19 132
19 180
19 287
19 513
19 545
19 582
19 762
20 1
20 31
20 32
20 49
20 104
20 260
20 296
20 332
20 514
20 612
21 16
21 72
21 204
21 288
21 378
21 523
21 576
21 636
21 764
22 0
22 80
22 244
22 385
22 808
22 833
22 880
23 258
23 576
23 624
24 32
24 41
24 160
24 260
24 262
24 660
24 681
24 961
25 13
25 66
25 129
25 136
25 177
25 215
25 556
25 646
25 691
26 691
27 40
27 177
27 323
27 849
28 564
29 13
29 104
29 332
29 360
29 524
29 576
29 716
29 821
30 29
30 33
30 552
30 933
31 288
31 848
32 20
32 64
32 88
32 97
32 185
32 279
32 310
32 320
32 513
32 522
32 753
32 789
32 803
32 823
32 906
33 16
33 36
33 80
33 113
33 150
33 248
33 257
33 337
33 530
33 827
34 25
34 178
34 209
34 258
34 277
34 488
34 791
34 836
34 988
35 5
35 16
35 156
35 336
36 25
36 69
36 129
36 153
36 178
36 266
36 278
36 320
36 326
36 329
36 338
36 352
36 388
36 409
36 513
36 533
36 581
36 673
36 695
36 837
37 12
37 16
37 33
37 152
37 265
37 512
37 521
38 12
38 106
38 127
38 224
38 663
38 778
39 76
39 215
39 272
39 285
39 838
39 856
40 4
40 20
40 44
40 100
40 169
40 272
40 522
40 552
40 660
40 824
40 835
41 24
41 236
41 320
41 529
41 746
42 0
42 1
42 18
42 140
42 145
42 256
42 262
42 316
42 322
42 338
42 384
42 603
42 788
42 802
42 835
42 921
43 64
43 160
43 233
43 512
43 727
43 926
44 416
44 468
44 489
44 672
44 904
44 961
45 34
45 334
45 526
46 257
46 528
46 530
46 545
47 77
47 776
48 64
48 77
48 128
48 132
48 192
48 198
48 392
48 526
48 546
48 616
48 776
48 866
49 293
49 304
49 384
49 502
49 814
50 86
50 276
50 320
50 350
50 645
50 979
51 266
51 292
51 312
51 356
51 706
51 928
52 88
52 144
52 186
52 231
52 278
52 282
52 392
52 516
52 682
52 722
52 995
53 5
53 66
53 177
53 562
54 8
54 196
54 328
54 350
54 517
54 528
54 718
56 56
56 145
56 168
56 256
56 321
56 362
57 99
57 536
57 905
58 4
58 18
58 37
58 83
58 176
58 513
58 643
58 900
59 12
59 57
59 340
60 34
61 200
61 467
61 516
62 256
62 524
63 48
63 418
64 20
64 26
64 52
64 69
64 70
64 106
64 136
64 153
64 172
64 256
64 266
64 278
64 417
64 616
64 711
64 755
64 919
65 160
65 192
65 234
65 258
65 282
65 323
65 514
65 548
65 654
65 976
65 990
66 7
66 14
66 36
66 99
66 132
66 162
66 201
66 286
66 514
66 520
66 684
66 902
67 4
67 28
67 80
67 103
67 192
67 257
67 320
67 600
67 717
67 898
68 34
68 82
68 234
68 257
68 273
68 402
68 753
68 756
68 788
69 1
69 4
69 20
69 65
69 188
69 300
69 338
69 420
69 515
69 658
70 12
70 14
70 17
70 18
70 275
70 512
70 568
70 858
71 36
71 72
71 258
72 16
72 48
72 102
72 129
72 260
72 356
72 387
72 422
72 680
72 865
72 1000
73 0
73 2
73 112
73 196
73 257
73 259
73 476
73 711
74 62
74 120
74 206
74 264
74 320
74 513
74 553
74 776
74 992
75 565
75 597
76 0
76 39
76 155
76 320
76 649
76 674
76 717
76 792
76 808
76 913
77 176
78 16
78 18
78 294
78 594
78 644
79 66
79 688
79 988
80 152
80 323
80 465
80 527
80 834
80 847
81 41
81 68
81 89
81 120
81 128
81 584
81 905
82 16
82 17
82 25
82 130
82 272
82 388
82 520
82 624
82 669
82 770
83 32
83 161
83 261
83 517
83 899
84 1
84 35
84 151
84 176
84 194
84 320
84 514
85 1
85 192
85 320
85 520
85 580
85 604
85 764
86 20
86 40
86 171
86 181
86 258
86 505
86 640
87 168
87 514
87 530
87 577
87 592
87 784
88 155
88 256
88 260
88 354
88 513
88 522
88 576
88 673
89 144
89 260
89 340
89 470
89 480
89 523
90 0
90 289
90 545
90 610
91 75
91 130
91 258
92 231
92 642
93 179
93 578
94 96
94 146
94 257
94 400
94 528
94 925
95 702
96 0
96 2
96 67
96 150
96 354
96 564
96 577
96 584
96 650
96 724
96 910
97 263
97 369
97 533
97 615
97 843
98 48
98 288
98 416
98 886
99 18
99 98
99 431
99 612
99 832
100 4
100 129
100 136
100 138
100 156
100 172
100 324
100 512
100 663
101 13
101 16
101 142
101 154
101 177
101 193
101 386
101 547
102 362
103 33
103 644
103 890
103 914
104 199
104 271
104 281
104 579
104 952
104 980
105 128
105 404
105 512
105 564
106 98
107 770
109 386
109 395
109 569
109 658
109 680
109 700
110 80
110 408
110 423
110 480
110 896
111 513
112 21
112 256
112 257
112 344
112 466
112 558
112 898
113 26
113 56
113 257
113 518
113 900
114 39
114 143
114 320
114 515
114 561
115 408
115 518
116 539
116 561
116 834
117 268
118 36
118 260
118 266
118 276
120 158
120 689
121 12
121 64
121 65
121 128
121 132
121 161
121 261
121 320
121 482
121 721
121 808
122 15
122 32
122 70
122 186
122 565
123 0
123 203
123 304
123 372
123 525
124 203
124 286
124 532
125 12
125 58
125 160
125 517
125 904
126 138
126 289
126 642
128 25
128 84
128 131
128 210
128 269
128 327
128 388
128 450
128 649
129 0
129 48
129 99
129 336
129 601
129 728
129 868
129 935
130 1
130 2
130 129
130 156
130 306
130 392
130 528
130 581
130 793
131 6
131 8
131 264
131 541
131 588
131 640
131 769
131 864
131 960
132 3
132 132
132 512
132 515
132 587
132 592
132 746
132 868
132 936
133 2
133 24
133 25
133 33
133 55
133 78
133 128
133 288
133 289
133 531
133 944
134 16
134 266
135 11
135 18
135 104
135 344
136 66
136 97
136 194
136 201
136 273
136 289
136 442
136 496
136 520
136 611
136 680
136 686
136 707
136 768
136 773
136 819
137 3
137 32
137 63
137 130
137 198
137 388
138 68
138 76
138 161
138 274
138 360
138 523
138 561
139 46
139 168
139 228
139 256
139 556
139 608
140 32
140 133
140 323
140 516
140 538
140 582
140 652
140 653
141 357
142 24
142 592
142 611
142 712
143 32
143 138
144 6
144 34
144 40
144 42
144 76
144 112
144 296
144 337
144 417
144 517
144 526
144 564
144 580
144 621
144 843
145 4
145 12
145 32
145 148
145 256
145 308
145 554
145 898
145 976
145 1002
146 28
146 86
146 164
146 256
146 273
146 277
146 432
146 436
146 532
146 849
147 64
147 72
147 150
147 660
147 673
148 83
148 482
148 577
149 1
149 64
149 194
149 269
149 352
149 533
150 37
150 147
150 521
150 564
150 851
151 248
151 262
151 683
152 120
152 147
152 257
152 530
152 558
152 612
152 672
152 781
153 108
153 145
153 208
153 320
153 392
153 525
154 48
154 107
154 196
154 226
154 512
154 610
155 47
155 100
155 264
155 276
155 577
156 7
156 91
156 256
156 280
158 143
158 192
158 244
158 258
159 340
159 560
159 680
160 16
160 42
160 72
160 74
160 256
160 264
160 265
161 10
161 20
161 74
161 96
161 160
161 296
161 330
161 332
161 554
162 1
162 212
162 552
162 787
162 890
163 194
163 282
163 289
163 512
163 626
163 827
164 32
164 42
164 114
164 328
164 596
164 624
164 642
164 723
165 64
165 552
165 790
166 36
166 80
166 115
166 195
166 297
166 348
166 396
166 608
167 67
168 2
168 24
168 38
168 80
168 134
168 203
168 208
168 488
168 579
168 790
168 896
168 905
169 12
169 206
169 264
170 10
170 192
170 328
170 548
171 11
171 267
171 280
171 538
172 86
172 190
172 256
172 496
173 738
173 971
174 26
174 158
174 216
174 276
174 790
174 807
175 736
176 2
176 5
176 18
176 20
176 121
176 128
176 136
176 272
176 292
176 479
176 517
176 739
177 133
177 198
177 244
177 972
178 579
178 649
178 880
179 21
179 208
179 648
179 908
180 42
180 148
180 288
180 355
180 661
180 777
181 8
182 268
182 321
182 385
182 481
182 650
183 970
184 9
184 101
184 592
185 36
185 268
185 597
185 722
186 769
186 772
187 528
188 0
188 397
188 416
188 523
189 10
189 344
189 544
189 776
190 369
190 712
191 76
191 302
192 4
192 7
192 16
192 113
192 162
192 264
192 281
192 404
192 417
192 529
192 544
192 574
192 578
192 951
193 0
193 44
193 130
193 236
193 257
193 415
193 771
194 213
194 301
194 696
195 19
195 64
195 300
195 628
195 708
196 2
196 15
196 23
196 261
196 525
196 532
196 548
197 86
197 101
197 480
198 432
198 710
199 96
199 248
199 396
199 400
200 6
200 32
200 84
200 132
200 308
200 424
200 563
201 1
201 5
201 10
201 194
201 278
201 317
201 356
201 365
201 499
201 676
202 196
202 257
203 170
203 264
203 770
204 397
204 744
205 1
205 224
205 524
205 676
206 0
206 147
206 318
206 998
207 284
207 526
207 910
208 5
208 80
208 273
208 356
208 640
208 903
209 65
209 106
209 133
209 140
209 259
209 484
209 516
209 565
209 706
210 116
210 129
210 267
210 320
210 387
210 738
211 112
211 549
211 628
212 24
212 97
212 137
212 148
212 393
212 852
213 32
213 914
214 36
214 65
214 163
214 267
214 301
214 615
214 673
215 67
215 544
216 42
216 221
216 326
216 331
216 370
216 712
216 730
216 897
217 201
217 267
217 390
217 528
217 768
217 792
218 6
218 384
219 310
219 554
220 521
220 544
220 642
220 789
220 905
221 545
221 737
222 193
222 455
222 601
223 336
224 5
224 65
224 135
224 292
224 416
224 888
225 2
225 4
225 51
225 77
225 136
225 340
225 402
225 729
226 8
226 865
226 961
227 17
227 267
227 625
228 16
228 41
228 71
228 192
228 592
228 756
228 880
229 338
230 44
230 114
230 699
232 22
232 262
232 544
232 550
232 650
232 897
233 148
233 530
234 16
234 48
234 131
234 275
234 855
235 35
235 516
236 65
236 335
237 2
237 869
238 100
238 194
238 325
239 784
240 30
240 85
240 207
240 424
240 484
240 513
240 840
241 1
241 128
241 258
241 514
242 256
242 534
242 821
243 364
244 98
244 170
244 286
244 545
244 824
245 73
245 256
245 546
245 672
245 773
246 530
247 212
247 602
248 172
249 394
249 528
249 746
250 79
251 2
251 418
251 966
252 176
254 68
254 77
254 258
255 452
255 580
256 29
256 36
256 50
256 72
256 76
256 90
256 128
256 130
256 161
256 165
256 183
256 258
256 262
256 298
256 346
256 402
256 405
256 426
256 520
256 554
256 582
256 583
256 598
256 642
256 936
256 960
257 4
257 6
257 8
257 89
257 120
257 168
257 228
257 337
257 536
257 544
257 593
257 642
257 779
257 903
258 4
258 9
258 66
258 156
258 224
258 336
258 358
258 484
258 514
258 775
259 130
259 160
259 296
259 404
259 604
259 686
259 716
259 762
260 0
260 32
260 98
260 124
260 240
260 267
260 274
260 322
260 551
260 576
260 618
260 646
260 742
260 819
260 951
261 48
261 93
261 99
261 129
261 391
261 400
261 410
261 548
261 641
261 817
261 904
262 102
262 202
262 266
262 348
262 516
262 580
262 674
263 0
263 32
263 512
264 4
264 128
264 129
264 147
264 172
264 539
264 597
264 708
264 736
264 784
264 785
264 928
265 10
265 16
265 36
265 114
265 276
265 281
265 393
265 418
265 801
266 67
266 202
266 316
266 434
266 524
266 602
266 614
266 652
266 786
267 32
267 79
267 132
267 320
267 598
267 656
267 698
267 725
267 974
268 0
268 14
268 97
268 192
268 194
268 224
268 257
268 354
268 604
268 795
268 873
268 898
268 1003
269 20
269 441
269 515
269 784
270 2
270 128
270 418
270 536
270 837
271 16
271 24
271 33
271 67
271 192
271 341
271 392
271 618
271 634
271 691
271 704
271 713
272 1
272 4
272 10
272 36
272 192
272 216
272 268
272 298
272 369
272 518
272 626
272 641
272 768
272 920
273 1
273 8
273 64
273 68
273 231
273 267
273 385
273 433
273 512
273 565
273 579
273 610
274 32
274 60
274 288
274 298
274 371
274 804
275 76
275 77
275 522
276 5
276 9
276 19
276 38
276 55
276 134
276 519
276 569
276 896
276 929
277 3
277 90
277 210
277 269
277 519
277 546
277 664
277 780
277 785
278 68
278 117
278 529
278 552
278 937
280 152
280 194
280 259
280 304
280 409
280 520
280 550
280 953
281 33
281 142
281 550
281 840
282 12
282 49
282 88
282 133
282 139
282 192
282 256
282 384
282 989
284 83
284 280
284 513
284 647
285 144
285 357
286 23
286 137
286 194
286 592
286 928
287 657
288 64
288 183
288 211
288 272
288 288
288 546
288 641
288 720
288 852
289 34
289 35
289 43
289 278
289 513
289 611
289 619
289 728
289 789
289 977
290 0
290 158
290 321
290 774
291 82
291 304
291 810
292 161
292 258
292 264
292 279
292 390
292 643
292 706
293 134
293 264
293 288
293 543
294 17
294 35
294 106
294 331
294 545
294 644
294 907
295 19
295 48
295 165
295 168
295 208
295 597
296 21
296 39
296 64
296 356
296 520
296 545
296 809
296 819
297 518
297 774
297 904
297 997
298 8
298 392
298 513
298 596
298 631
298 677
298 833
299 66
299 257
299 280
299 526
299 576
299 641
299 716
300 1
300 640
300 704
301 274
301 524
301 704
302 181
302 904
303 635
304 5
304 65
304 66
304 254
304 554
304 641
304 730
304 746
304 748
305 65
305 536
305 673
305 684
305 709
306 74
306 262
306 296
306 470
306 539
307 11
308 72
308 277
308 410
308 612
308 633
308 708
308 779
309 96
310 520
310 544
310 776
311 33
311 65
311 178
312 35
312 38
312 135
312 152
312 165
312 204
312 256
312 268
312 561
312 581
312 773
312 801
313 0
313 10
313 842
314 408
314 427
314 516
314 549
314 623
315 34
315 331
315 516
315 784
316 265
317 774
317 834
318 33
318 162
318 780
320 10
320 16
320 44
320 108
320 150
320 160
320 186
320 265
320 266
320 356
320 524
320 659
320 674
320 675
320 795
321 5
321 8
321 156
321 440
321 960
322 4
322 10
322 37
322 69
322 132
323 6
323 160
323 161
323 166
323 420
323 560
323 669
324 16
324 61
324 280
324 417
324 480
324 880
324 881
325 92
325 256
326 16
326 25
326 329
326 452
327 257
327 522
327 878
328 0
328 13
328 130
328 132
328 179
328 213
328 304
328 642
328 686
328 742
329 38
329 145
329 252
329 525
330 677
331 135
331 484
331 580
331 676
332 641
333 144
333 151
333 384
334 98
334 174
335 417
336 286
336 391
336 546
336 656
336 700
337 561
337 620
338 0
338 17
338 65
338 143
338 512
339 6
339 12
339 77
339 396
339 727
339 783
340 13
340 132
340 244
340 541
340 591
340 653
341 180
341 925
342 141
342 266
344 9
344 257
344 481
344 513
345 35
345 256
346 3
346 65
346 268
346 648
346 660
348 9
348 98
348 772
349 0
349 65
349 352
349 586
350 178
350 192
351 990
352 17
352 18
352 131
352 134
352 192
352 304
352 370
352 514
352 714
352 1008
353 21
353 76
353 513
353 684
353 730
353 1000
354 0
354 66
354 80
354 192
354 409
354 455
354 527
354 905
355 552
355 793
356 62
356 81
356 121
356 336
356 388
356 441
356 580
356 618
356 620
357 141
357 488
357 834
358 209
358 673
358 840
358 846
359 417
360 46
360 117
360 450
360 535
360 544
361 204
361 496
361 548
362 545
362 576
363 595
364 403
364 454
365 403
365 603
365 672
365 726
365 744
366 619
366 704
367 4
367 476
368 128
368 656
368 716
368 769
369 27
369 32
370 129
371 141
371 400
372 0
372 67
372 70
372 793
374 71
375 1
375 14
375 198
376 142
376 145
376 293
377 143
377 278
378 225
378 768
379 720
380 32
380 44
380 554
381 393
382 409
383 552
384 8
384 17
384 22
384 34
384 102
384 130
384 162
384 176
384 204
384 339
384 370
384 464
384 514
384 608
384 691
385 68
385 209
385 258
385 288
385 410
385 576
386 2
386 31
386 72
386 680
386 725
386 839
387 18
387 97
387 320
387 454
388 44
388 108
388 517
388 612
389 78
389 82
389 98
389 385
389 515
389 552
389 811
389 934
389 954
390 100
390 137
390 348
390 517
391 2
391 63
391 243
391 578
391 705
392 0
392 88
392 89
392 137
392 263
392 288
392 440
392 512
392 593
392 656
392 692
392 804
393 0
393 22
393 454
393 516
393 869
394 1
394 71
394 210
394 284
394 933
395 21
395 210
395 305
396 97
396 162
396 267
396 513
396 552
396 572
396 601
397 258
397 273
397 440
397 650
398 7
398 48
398 526
398 648
398 788
399 230
399 674
399 886
400 4
400 9
400 34
400 128
400 152
400 836
401 200
401 759
402 64
402 298
402 926
402 970
403 204
403 449
404 256
404 266
404 384
404 571
404 922
405 41
405 60
405 399
406 0
406 14
407 36
407 643
407 842
408 6
408 18
408 20
408 96
408 428
408 576
408 592
409 11
410 656
411 384
411 944
412 64
412 73
413 172
413 568
413 704
414 17
414 256
414 897
416 67
416 99
416 137
416 274
416 416
416 624
416 773
417 12
417 16
417 196
417 256
417 532
417 870
417 898
418 73
418 78
418 194
418 234
418 261
418 522
419 8
419 21
419 148
419 170
419 199
420 72
420 692
420 838
420 996
422 4
422 34
422 87
422 950
423 230
423 928
424 30
424 80
424 216
424 646
425 136
425 196
425 321
425 496
425 693
426 606
426 760
427 204
427 808
430 804
430 965
432 336
432 968
434 0
434 45
435 65
435 993
436 7
436 135
436 157
437 20
437 520
437 568
437 592
437 617
438 278
438 618
438 802
439 657
439 664
440 72
440 148
441 497
442 86
442 239
442 276
443 16
443 476
444 782
445 12
445 37
445 169
446 538
446 979
447 132
447 147
447 828
448 40
448 167
448 180
448 290
448 520
448 528
448 736
448 775
448 902
449 2
449 3
449 64
449 515
449 856
449 876
449 890
450 8
450 14
450 36
450 336
450 784
451 36
451 48
451 91
451 913
452 34
452 273
452 539
452 548
452 800
453 7
453 204
453 248
453 522
454 521
455 103
455 257
455 528
456 150
456 158
456 519
456 645
458 2
458 57
460 198
460 248
460 705
461 391
462 33
462 536
462 773
463 613
464 57
464 160
464 266
465 36
465 328
465 583
466 608
466 705
467 8
467 24
467 163
467 550
467 560
468 64
468 496
468 686
469 515
470 290
471 91
472 48
472 890
473 12
473 540
474 834
475 386
476 135
476 529
476 806
477 150
477 788
478 272
480 6
480 15
480 81
480 92
480 598
480 779
481 0
481 258
481 529
481 776
482 16
482 286
482 320
482 389
483 66
483 260
483 357
484 952
485 2
485 133
486 0
486 500
487 240
488 41
488 138
488 320
488 555
488 995
489 342
490 16
491 517
491 816
492 107
492 256
492 524
493 298
493 514
493 816
494 1
495 577
497 13
497 50
497 132
497 238
497 779
498 128
498 185
498 465
498 708
499 65
500 512
501 64
501 288
503 960
504 11
506 819
507 564
509 14
512 3
512 33
512 56
512 105
512 136
512 256
512 301
512 309
512 354
512 367
512 380
512 419
512 448
512 458
512 469
512 544
512 550
512 724
512 800
512 804
512 933
512 959
513 54
513 75
513 113
513 165
513 188
513 288
513 488
513 516
513 517
513 518
513 556
513 580
513 913
514 16
514 34
514 80
514 100
514 149
514 244
514 258
514 265
514 280
514 524
514 687
515 34
515 41
515 96
515 127
515 142
515 256
515 272
516 15
516 32
516 37
516 90
516 100
516 151
516 160
516 240
516 268
516 328
516 379
516 385
516 470
516 523
516 560
516 650
516 772
517 32
517 148
517 397
517 918
518 16
518 39
518 262
518 384
518 434
518 528
518 561
518 870
519 129
519 152
519 294
519 520
520 2
520 15
520 25
520 96
520 118
520 128
520 272
520 336
520 520
520 530
520 548
520 636
520 788
521 1
521 18
521 28
521 102
521 193
521 348
521 552
521 576
521 763
522 0
522 13
522 40
522 72
522 135
522 198
522 280
522 320
522 648
523 2
523 130
523 264
523 588
523 871
523 913
524 20
524 84
524 288
524 340
524 408
524 516
524 528
525 75
525 276
525 320
525 402
525 514
525 528
525 552
525 648
526 76
526 134
526 227
526 242
526 272
526 711
527 5
527 10
527 258
527 296
527 716
528 0
528 10
528 90
528 148
528 173
528 220
528 230
528 268
528 353
528 580
528 609
528 710
528 770
528 1000
529 16
529 55
529 566
530 4
530 129
530 205
530 272
530 290
530 516
530 672
530 900
530 1000
531 0
531 74
531 256
531 327
531 612
531 613
532 46
532 65
532 68
532 204
532 274
532 486
532 515
532 664
532 756
533 99
533 128
533 371
533 528
533 772
534 37
534 73
534 192
534 608
535 0
535 265
535 770
535 824
536 0
536 16
536 35
536 36
536 173
536 361
536 380
536 429
536 929
537 10
537 49
537 292
537 548
537 817
538 17
538 33
538 324
538 451
538 641
538 855
539 468
539 697
540 40
540 65
540 445
540 704
541 5
541 323
541 363
541 460
541 642
541 821
542 133
542 627
543 385
543 401
543 611
544 7
544 9
544 64
544 73
544 76
544 132
544 197
544 246
544 393
544 423
544 513
544 530
544 568
544 614
544 782
544 984
545 39
545 424
545 532
545 597
546 9
546 23
546 67
546 130
546 150
546 403
546 482
546 513
546 520
547 321
547 379
547 801
548 42
548 48
548 72
548 142
548 180
548 198
548 400
548 416
548 512
548 581
548 805
548 812
548 902
549 4
549 286
549 526
550 2
550 44
550 68
550 118
550 375
550 378
550 576
551 37
551 131
551 132
551 334
551 353
551 800
552 12
552 26
552 144
552 349
552 378
552 781
553 8
553 532
553 610
553 790
554 33
554 77
554 104
554 279
554 772
554 869
555 82
556 99
556 128
556 162
556 240
556 350
556 354
556 448
558 92
558 321
559 882
560 1
560 11
560 34
560 139
560 146
560 515
560 592
560 640
560 680
561 128
561 160
561 406
561 618
561 901
562 132
562 328
562 385
562 804
562 932
563 45
563 166
563 810
563 966
564 180
564 195
564 274
564 640
565 3
565 768
566 10
566 58
566 596
567 264
567 683
568 9
568 424
568 456
569 64
569 173
569 322
569 385
569 848
570 1
570 177
570 924
571 72
571 90
571 345
571 832
572 650
573 145
573 248
573 595
574 8
574 852
576 22
576 36
576 38
576 42
576 88
576 142
576 238
576 530
576 674
576 872
577 2
577 8
577 10
577 12
577 88
577 356
577 362
578 2
578 4
578 19
578 257
578 260
578 572
578 672
578 681
578 706
578 1002
579 8
579 74
579 140
579 209
579 285
579 288
579 378
579 384
579 705
579 712
579 882
580 14
580 74
580 112
580 257
580 396
580 404
580 544
580 784
580 868
581 80
581 364
581 387
581 417
581 440
581 598
582 0
582 21
582 74
582 200
582 212
582 386
582 389
582 538
582 710
582 928
582 956
583 614
583 657
584 41
584 173
584 208
585 236
585 257
585 272
585 362
585 385
586 77
586 250
586 286
586 385
586 824
587 680
587 810
588 67
588 781
589 10
589 704
590 169
590 525
590 777
591 384
592 168
592 260
592 300
592 684
592 836
592 887
592 983
593 32
593 100
593 262
593 520
594 97
594 196
594 273
594 547
594 564
594 886
594 909
594 960
595 16
595 69
595 804
596 16
596 107
596 218
596 288
596 421
596 516
596 642
596 687
596 694
597 8
597 320
597 523
598 8
598 12
598 33
598 268
598 291
598 296
598 938
598 944
599 128
599 136
600 184
600 209
600 267
600 432
600 672
600 792
601 21
601 60
601 172
601 232
601 740
602 137
602 351
602 553
603 35
603 64
603 142
603 672
604 13
604 16
605 75
605 132
606 530
607 264
608 130
608 176
608 219
608 355
608 611
608 645
608 835
609 41
609 156
609 370
609 512
609 529
610 7
610 106
610 360
610 368
610 563
611 1
611 777
612 48
612 68
612 288
612 636
613 258
613 336
613 712
614 3
614 197
614 265
614 450
615 9
616 66
616 112
616 129
616 135
616 578
616 632
617 51
617 85
617 100
617 481
617 640
617 836
618 266
618 424
618 592
618 612
618 663
618 706
618 769
619 674
620 224
620 395
620 754
620 995
621 354
622 241
622 549
622 584
622 798
623 4
624 168
624 257
624 280
624 514
624 736
624 903
625 8
625 17
625 158
625 176
625 597
625 945
626 80
627 21
627 368
627 544
628 179
628 643
628 812
630 129
630 138
630 802
631 192
631 401
631 897
632 513
632 772
634 49
634 914
635 89
635 232
635 882
636 18
636 133
638 666
639 328
640 4
640 12
640 33
640 36
640 66
640 104
640 120
640 134
640 332
640 339
640 450
640 451
640 512
640 541
640 608
640 868
641 21
641 74
641 169
641 361
641 544
641 615
641 704
642 208
642 551
642 643
642 961
643 7
643 34
643 198
643 320
643 354
643 482
643 512
644 24
644 38
644 66
644 173
644 197
644 640
644 724
645 28
645 64
645 133
645 168
645 278
645 660
645 769
645 892
646 1
646 3
646 14
646 130
646 172
646 288
646 322
647 72
647 96
647 974
648 56
648 68
648 138
648 165
648 192
648 258
648 263
648 523
648 582
648 725
648 728
649 26
649 80
649 117
649 513
649 548
650 1
650 212
650 804
651 24
651 448
652 25
652 266
652 324
652 404
652 547
652 673
652 720
652 768
653 785
654 194
654 436
654 535
655 327
655 480
656 8
656 32
656 44
656 64
656 78
656 80
656 90
656 98
656 162
656 359
656 360
656 718
657 259
657 268
657 384
657 536
658 6
658 466
658 537
658 598
659 636
660 0
660 186
660 292
660 449
660 516
660 526
660 583
660 646
660 940
661 577
662 277
662 289
662 420
662 422
662 568
663 103
663 802
664 34
664 57
664 108
664 804
665 178
665 540
665 890
666 256
666 528
666 640
667 0
667 2
667 202
667 332
668 146
668 282
668 768
672 306
672 465
672 529
672 770
672 800
672 896
673 0
673 33
673 332
673 537
674 517
674 671
675 212
676 0
676 128
676 261
677 6
677 16
677 972
678 512
679 415
679 526
679 692
680 30
680 273
680 528
681 22
681 73
681 214
682 66
682 608
682 640
682 669
683 35
683 421
683 576
684 611
684 768
685 99
685 324
686 155
687 218
687 473
688 20
688 264
688 528
689 35
689 131
689 328
689 577
689 582
689 832
690 120
690 167
690 195
690 272
691 8
691 192
691 307
691 851
692 32
692 136
692 320
694 100
696 4
696 6
696 302
697 6
697 46
697 290
697 452
698 12
698 15
698 49
698 928
699 156
699 824
701 1
702 0
702 353
704 19
704 89
704 263
704 277
704 339
704 400
704 586
704 644
705 5
705 16
705 38
705 69
705 268
705 385
705 388
705 564
705 738
706 482
706 944
707 290
707 304
708 5
708 20
708 49
708 68
708 256
708 271
708 408
709 100
709 275
709 792
710 16
710 420
711 30
711 286
711 288
711 496
711 836
712 269
712 299
712 306
712 595
712 772
713 88
713 642
714 5
714 323
714 645
715 85
715 769
716 122
716 148
716 286
716 913
718 516
719 619
719 867
720 56
720 793
721 28
721 35
721 58
721 133
721 250
721 282
721 325
722 405
724 27
724 34
724 74
724 289
724 290
724 753
724 875
724 909
725 224
726 640
726 778
727 258
728 4
728 521
728 984
729 536
729 542
730 49
730 97
730 128
731 823
732 525
733 5
733 448
734 296
734 726
736 266
736 304
736 457
736 655
736 740
736 786
737 438
737 619
737 712
738 107
738 640
738 949
739 53
739 797
740 3
740 288
740 321
740 339
741 409
742 284
742 768
744 370
744 529
744 580
744 648
744 649
744 689
745 8
747 156
747 550
748 18
748 30
749 131
750 128
750 136
750 257
750 554
752 176
753 13
753 43
754 16
754 264
755 865
756 929
757 64
757 525
758 9
758 162
758 195
758 514
758 594
759 322
759 628
760 136
760 704
765 92
765 305
765 320
765 450
767 4
767 205
768 39
768 66
768 104
768 113
768 139
768 141
768 200
768 265
768 308
768 404
768 493
768 512
768 650
768 668
768 769
769 103
769 120
769 340
769 407
769 432
769 524
769 560
769 850
770 48
770 72
770 96
770 150
770 163
770 201
770 256
770 817
771 11
771 16
771 148
771 258
771 369
771 632
772 3
772 29
772 179
772 193
772 271
772 400
772 448
772 496
772 514
772 796
772 853
773 14
773 16
773 75
773 144
773 322
773 441
773 446
773 569
773 648
773 905
773 928
774 392
775 44
775 88
775 112
775 388
775 468
775 573
776 4
776 23
776 88
776 128
776 144
776 153
776 301
776 354
776 418
776 513
776 896
777 10
777 20
777 68
777 176
777 708
778 264
778 321
778 560
779 137
779 289
779 656
780 32
780 96
780 135
780 259
780 289
780 428
780 666
780 673
781 107
781 282
781 385
781 416
781 644
781 727
782 1
782 770
783 292
784 4
784 18
784 116
784 195
784 258
784 456
784 725
784 902
784 923
785 272
785 354
785 865
785 899
786 170
786 284
786 387
786 389
786 513
787 210
788 264
788 451
788 516
788 619
788 712
788 836
789 145
789 302
789 518
790 778
791 24
791 70
791 132
791 277
792 512
792 514
792 610
792 689
793 0
793 68
793 360
793 395
793 512
794 81
795 34
795 899
796 192
796 304
796 514
796 537
797 145
797 524
798 257
800 42
800 77
800 130
800 155
800 204
800 357
800 663
801 3
801 172
801 248
801 727
802 23
802 24
802 52
802 200
802 610
803 108
803 596
803 806
803 922
804 71
804 298
804 301
804 318
804 444
804 466
804 529
805 108
805 260
806 10
806 97
806 201
806 224
806 260
807 555
808 16
808 83
808 325
808 651
808 736
809 1
809 8
809 291
809 304
809 385
810 2
810 169
811 123
812 76
812 531
813 62
813 418
813 531
813 552
813 645
814 72
814 144
814 280
814 288
816 195
816 552
816 964
817 94
817 258
818 262
818 532
818 746
819 33
819 152
820 0
820 256
820 265
820 528
820 596
821 89
821 866
822 168
822 170
822 552
824 227
824 592
825 65
827 576
828 25
828 130
832 104
832 230
832 270
832 296
832 386
832 392
832 572
832 770
832 802
833 164
833 259
833 386
833 475
833 522
833 616
833 848
833 962
834 16
834 64
834 163
834 164
834 288
834 520
834 782
835 53
836 10
836 96
836 291
836 384
836 388
836 518
836 646
836 794
836 795
837 264
837 497
837 520
837 696
837 896
837 900
838 90
838 369
839 44
839 306
839 548
839 920
840 49
840 536
840 922
841 236
841 403
842 131
842 370
842 384
842 428
842 549
842 555
843 77
843 602
845 134
845 718
846 291
847 64
847 202
848 393
848 597
849 132
849 272
849 459
849 672
849 711
849 741
850 8
850 152
850 196
850 264
850 628
851 784
852 640
853 292
854 16
854 186
854 258
854 400
856 177
856 336
856 416
856 782
857 44
857 132
860 41
860 163
860 521
862 8
864 80
864 270
864 518
864 645
864 770
865 2
865 65
865 806
866 256
866 389
866 792
867 192
867 357
868 86
868 418
868 525
868 947
869 655
870 12
870 905
871 2
871 84
871 105
872 168
872 302
874 50
874 208
874 294
874 297
874 528
875 17
875 647
876 10
876 261
876 769
878 241
878 664
879 226
879 317
880 272
880 528
881 512
881 544
881 940
882 595
882 621
883 531
883 533
885 102
885 132
886 33
886 268
886 718
886 987
887 78
889 10
889 553
889 584
891 131
891 484
892 512
893 448
893 624
894 34
894 133
895 673
896 14
896 34
896 40
896 60
896 68
896 74
896 193
896 289
896 294
896 303
896 304
896 560
896 667
896 813
896 865
897 38
898 44
898 81
898 530
898 879
899 56
899 69
899 232
899 436
900 16
900 70
900 256
900 530
900 540
900 772
901 152
901 600
902 792
903 664
904 2
904 116
904 166
904 272
904 519
904 556
904 598
904 896
904 914
905 1
905 64
905 80
905 250
905 486
905 512
905 560
905 620
905 897
906 45
906 168
906 253
906 768
908 257
908 423
910 32
910 65
910 363
911 291
912 1
912 152
912 461
912 484
913 66
914 1
914 48
914 274
914 586
915 718
916 2
916 232
916 266
916 818
917 54
917 259
917 570
918 16
918 49
918 104
918 153
919 274
919 929
920 369
920 699
921 789
922 84
922 332
922 770
924 4
925 946
926 225
928 0
928 98
928 109
928 171
928 174
928 232
928 582
928 920
928 927
929 0
929 23
929 442
929 481
929 776
929 825
930 22
931 29
932 18
932 171
932 562
933 811
934 161
934 257
934 516
935 197
936 150
936 550
936 560
936 716
937 106
937 547
937 556
937 578
938 66
938 91
938 273
938 806
938 836
939 45
939 147
939 192
939 256
939 724
939 740
940 194
941 177
941 191
941 256
941 258
941 282
942 164
942 436
942 482
942 736
942 820
944 523
944 835
946 595
946 826
946 932
946 934
947 900
948 992
949 25
950 98
950 196
951 217
952 520
952 848
953 72
954 10
954 578
954 922
957 21
957 295
958 645
959 137
959 453
960 801
961 170
961 629
961 772
962 18
962 704
962 832
962 904
963 10
963 160
964 8
964 32
965 106
965 296
965 310
966 18
966 256
967 1
967 896
968 10
969 55
971 54
972 8
972 16
972 384
972 517
974 193
974 776
975 8
975 192
975 320
976 36
976 229
976 293
976 618
977 64
977 68
977 548
977 551
978 18
978 48
978 68
978 137
980 0
981 28
981 437
982 6
983 14
984 256
984 706
984 769
985 82
985 339
985 544
986 270
986 808
988 544
990 67
990 857
992 401
992 784
992 817
993 6
993 66
994 71
995 340
996 232
996 1014
997 16
997 646
999 66
1000 32
1000 987
1001 226
1002 408
1003 68
1003 322
1004 4
1004 152
1005 152
1005 258
1005 520
1006 135
1008 17
1008 22
1008 112
1008 320
1010 988
1011 786
1012 17
1013 370
1014 403
1014 500
1015 4
1015 330
1016 0
1017 78
1018 8
1018 193
1018 625
1018 674
1020 554
1021 718
1023 80
