# Synthetic Kronecker Graph 
# Edges are directed 
0 0
0 1
0 8
0 14
0 15
0 19
0 20
0 22
0 25
0 28
0 31
0 32
0 52
1 1
1 7
1 16
1 22
1 56
2 0
2 5
2 8
2 10
2 42
3 2
3 32
3 34
4 8
4 16
4 29
4 30
4 33
4 50
5 0
5 10
6 17
6 40
7 1
7 32
8 0
8 24
8 41
8 56
9 46
10 0
10 8
10 42
11 1
11 2
11 13
11 44
12 1
12 5
12 6
12 19
12 32
13 1
13 6
14 24
15 25
16 2
16 26
16 38
16 48
16 51
17 0
17 3
17 36
18 8
18 24
18 49
19 3
19 23
19 28
19 59
19 60
20 0
20 2
20 57
21 1
21 5
21 19
21 48
23 4
23 36
23 40
23 50
24 6
24 8
24 20
24 40
25 4
25 14
25 18
26 3
26 28
27 39
28 0
28 34
28 44
30 1
30 52
31 6
31 47
32 0
33 10
34 8
34 12
34 49
35 13
36 1
36 12
36 19
36 40
37 0
37 8
37 16
37 43
38 42
38 48
39 16
39 28
40 0
40 25
40 32
41 6
41 17
41 50
41 52
42 16
43 33
44 0
44 17
46 49
47 33
47 62
48 3
48 40
48 54
49 6
49 12
49 44
50 0
50 1
50 11
53 0
53 23
56 8
56 11
56 32
56 33
56 44
59 18
59 62
60 0
60 9
62 8
