# Synthetic Kronecker Graph 
# Edges are directed 
0 1
0 3
0 16
0 17
0 42
0 52
0 64
0 107
1 25
1 32
1 50
1 65
1 70
1 71
1 105
2 0
2 1
2 6
2 11
2 12
2 40
2 74
2 81
2 103
4 0
4 4
4 5
4 47
4 70
4 88
4 96
4 106
4 121
5 0
5 8
5 14
5 79
5 100
5 101
5 118
6 0
6 11
6 16
6 34
6 49
6 68
6 105
7 6
7 77
7 83
7 100
7 102
7 104
8 2
8 12
8 37
8 40
8 42
8 45
8 63
8 82
8 105
8 112
9 29
9 48
10 32
10 36
10 73
10 85
10 112
11 17
11 98
12 50
12 64
12 76
13 1
13 10
13 65
14 3
14 36
14 107
16 5
16 22
16 28
16 89
16 96
16 104
16 113
17 0
17 27
17 68
17 72
17 80
17 84
17 96
17 113
18 4
18 39
18 53
18 73
18 97
19 2
19 16
19 105
20 2
20 4
20 64
20 67
20 73
21 44
21 104
21 105
22 22
22 44
22 80
22 95
23 3
23 4
23 41
24 3
24 4
24 12
24 13
24 16
24 23
24 32
24 40
24 64
25 3
25 72
26 40
26 64
27 16
27 82
28 0
28 27
28 100
28 104
29 41
30 20
30 68
32 6
32 16
32 37
32 63
32 79
32 89
33 0
33 8
33 17
33 105
34 0
34 16
34 17
34 49
34 70
34 104
35 14
35 68
35 72
35 77
36 8
36 21
36 68
36 84
36 86
36 88
37 8
37 10
38 0
38 11
38 82
39 16
40 8
40 42
40 110
41 5
41 18
41 29
41 43
41 96
42 4
42 29
42 64
42 104
43 4
44 32
44 37
44 52
46 20
47 52
48 0
48 1
48 67
48 88
49 8
49 84
50 2
50 38
50 65
50 76
51 64
52 42
53 4
53 66
53 76
54 84
55 73
55 113
57 1
57 39
57 89
57 96
59 41
60 56
61 20
62 10
62 82
62 101
62 112
64 16
64 18
64 32
64 36
64 66
64 88
65 0
65 52
65 54
65 112
66 4
66 17
66 31
66 37
66 53
67 77
68 10
68 32
68 34
68 49
68 66
68 88
69 4
69 8
69 94
69 102
70 1
70 23
70 26
71 60
71 80
72 1
72 48
72 50
72 66
72 68
72 80
72 89
73 32
73 64
73 116
74 24
74 64
76 0
76 19
76 32
76 36
77 9
77 15
77 32
77 97
77 98
78 112
79 84
80 7
80 12
80 18
80 22
80 32
80 48
80 56
80 85
81 72
81 97
81 104
82 0
82 16
82 17
82 36
82 80
83 2
84 58
84 65
84 99
86 2
86 96
87 68
88 0
88 80
88 88
88 107
89 100
91 0
91 72
92 0
93 17
96 1
96 2
96 49
96 84
97 21
97 57
97 65
97 116
98 60
98 70
98 71
98 86
99 59
99 65
99 97
101 4
101 8
102 3
103 0
104 6
104 8
104 36
104 109
105 72
106 8
106 10
106 80
107 8
110 0
111 54
111 58
112 18
112 57
112 96
112 114
113 13
113 43
114 6
114 11
115 67
116 40
116 60
116 76
116 80
117 16
117 23
117 28
117 73
117 121
118 41
118 101
119 103
120 23
120 65
122 21
122 65
122 68
