# Synthetic Kronecker Graph 
# Edges are directed 
0 28
0 38
0 64
0 68
0 71
0 100
0 104
0 158
0 200
0 251
0 276
0 312
0 347
0 417
0 513
0 517
0 525
0 578
0 581
0 584
0 633
0 681
0 736
0 742
0 769
0 833
0 961
0 976
1 0
1 36
1 68
1 156
1 192
1 319
1 363
1 580
1 583
1 596
2 0
2 49
2 64
2 66
2 84
2 98
2 130
2 157
2 164
2 260
2 308
2 318
2 418
2 484
2 643
2 646
2 733
2 768
2 952
2 961
3 0
3 2
3 641
3 679
3 770
3 835
3 896
4 0
4 16
4 35
4 40
4 41
4 135
4 218
4 258
4 306
4 332
4 546
4 629
4 658
4 659
4 774
5 0
5 25
5 136
5 193
5 260
5 292
5 294
5 305
5 355
5 545
5 666
5 680
5 788
5 834
5 844
6 2
6 3
6 10
6 94
6 136
6 177
6 220
6 534
6 548
6 577
6 706
6 744
6 772
6 816
6 880
7 33
7 112
7 116
7 264
7 279
7 658
8 1
8 10
8 20
8 21
8 36
8 101
8 288
8 300
8 602
8 641
8 672
8 706
8 861
8 972
9 0
9 5
9 71
9 80
9 95
9 169
9 656
9 674
9 682
9 775
9 922
9 938
10 57
10 202
10 629
10 660
10 865
11 480
11 594
12 21
12 32
12 61
12 78
12 91
12 131
12 527
12 569
12 640
12 784
12 833
13 64
13 112
13 133
13 168
13 544
13 572
13 666
13 789
14 177
14 652
14 674
15 68
15 113
15 256
15 321
16 2
16 15
16 28
16 38
16 66
16 103
16 128
16 182
16 328
16 337
16 580
16 630
16 642
16 660
16 770
16 779
16 932
17 26
17 43
17 232
17 323
17 368
17 609
17 768
18 4
18 39
18 56
18 83
18 128
18 197
18 239
18 256
18 258
18 281
18 598
18 645
18 833
18 864
18 897
19 4
19 49
19 215
19 224
19 242
19 324
19 449
19 841
19 936
20 130
20 131
20 145
20 159
20 192
20 294
20 296
20 372
20 545
20 611
20 719
20 978
21 80
21 128
21 280
21 421
21 457
21 512
21 794
21 886
22 0
22 19
22 66
22 69
22 208
22 275
22 546
22 621
23 266
23 298
23 527
23 770
23 840
24 1
24 134
24 152
24 156
24 258
24 270
24 343
24 513
24 516
24 528
24 619
24 773
24 778
24 781
25 73
25 75
25 88
25 98
25 118
25 162
25 337
25 384
26 8
26 32
26 36
26 160
26 257
26 522
26 577
26 582
26 600
26 768
26 972
26 993
27 54
27 128
27 296
27 514
28 80
28 96
28 333
28 389
28 390
28 412
28 528
28 546
28 586
28 660
29 40
29 72
29 536
29 608
30 1
30 37
30 977
31 45
31 289
31 452
32 0
32 1
32 11
32 20
32 65
32 86
32 104
32 150
32 173
32 272
32 386
32 453
32 456
32 544
32 562
32 642
32 712
32 916
32 941
33 12
33 24
33 33
33 38
33 131
33 276
33 324
33 486
33 532
33 577
33 579
33 705
33 714
34 1
34 4
34 24
34 41
34 81
34 88
34 145
34 193
34 272
34 326
34 387
34 432
34 512
34 515
34 584
34 640
34 680
34 776
34 802
34 964
35 144
35 147
35 384
35 424
35 544
36 0
36 6
36 7
36 9
36 19
36 24
36 152
36 324
36 420
36 709
36 780
36 808
36 934
37 3
37 41
37 80
37 145
37 388
37 417
37 436
37 645
37 672
37 865
38 4
38 22
38 24
38 256
38 620
38 896
39 82
39 195
39 518
39 528
39 580
39 641
39 672
40 8
40 40
40 89
40 102
40 108
40 128
40 133
40 161
40 232
40 240
40 339
40 518
40 529
40 562
40 722
40 804
40 843
41 22
41 416
41 445
41 560
41 686
41 768
41 864
41 901
42 0
42 36
42 48
42 64
42 68
42 85
42 681
42 848
43 0
43 64
43 144
43 320
43 664
44 4
44 32
44 97
44 136
44 260
44 266
44 396
44 404
44 664
45 306
45 322
45 449
46 173
46 263
46 357
46 449
46 576
46 625
46 642
46 882
47 286
47 336
47 340
48 3
48 6
48 10
48 12
48 70
48 78
48 354
48 385
48 512
48 558
48 560
48 841
49 457
49 520
49 578
49 641
49 649
49 860
50 12
50 192
50 262
50 516
50 557
50 801
51 9
51 496
51 771
51 808
51 993
52 6
52 263
52 290
52 294
52 518
53 48
53 64
53 259
53 323
53 776
54 11
54 102
54 130
54 196
54 548
55 393
56 6
56 133
56 193
56 399
56 516
56 668
56 786
57 100
57 176
57 335
57 346
57 468
57 700
57 907
58 5
58 122
58 152
58 605
58 709
58 844
59 66
59 305
59 617
59 696
59 710
60 2
60 32
60 34
60 70
60 81
60 728
60 815
60 832
61 416
62 375
62 389
62 1017
63 0
63 570
63 896
64 8
64 12
64 32
64 36
64 48
64 55
64 66
64 68
64 105
64 134
64 195
64 197
64 395
64 414
64 428
64 512
64 526
64 596
64 647
64 680
64 837
65 64
65 84
65 162
65 227
65 233
65 446
65 577
65 614
65 621
65 833
66 8
66 36
66 38
66 98
66 140
66 142
66 286
66 388
66 406
66 594
66 637
66 650
66 793
67 34
67 42
67 384
67 518
67 523
67 577
67 722
67 962
68 10
68 24
68 284
68 316
68 336
68 346
68 425
68 852
69 18
69 28
69 290
69 300
69 337
69 496
70 15
70 224
70 256
70 523
70 608
70 633
70 660
70 844
71 34
71 537
72 4
72 112
72 272
72 288
72 305
72 306
72 368
73 13
73 19
73 418
73 512
74 33
74 50
74 65
74 74
74 86
74 182
74 280
74 313
74 514
74 528
74 569
74 641
74 812
74 918
74 969
75 260
75 278
75 514
75 608
75 897
75 914
76 153
76 358
76 516
76 517
76 929
76 984
77 40
77 52
77 114
77 149
77 528
77 592
78 156
78 352
78 601
78 712
78 717
78 735
79 16
79 227
79 257
79 332
80 2
80 9
80 32
80 40
80 77
80 112
80 150
80 417
80 448
80 787
80 806
80 844
80 865
81 0
81 6
81 42
81 136
81 577
81 579
81 790
81 821
81 859
82 9
82 45
82 103
82 146
82 178
82 224
82 466
82 513
82 552
82 824
83 0
83 1
83 12
83 676
83 786
83 889
84 2
84 128
84 229
84 262
84 281
84 324
84 401
84 457
84 593
84 780
84 858
85 19
85 98
85 114
85 379
85 548
85 579
85 656
86 0
86 1
86 16
86 144
86 160
86 260
86 264
86 288
86 320
86 512
86 556
87 6
87 33
87 192
87 579
88 130
88 204
88 276
88 328
88 433
88 434
88 604
88 768
89 9
89 217
89 522
89 738
89 907
90 50
90 154
90 418
90 676
91 13
91 108
91 151
91 584
92 432
92 513
92 563
92 608
92 864
92 908
93 29
93 752
93 904
94 204
94 464
95 348
95 806
95 976
96 3
96 67
96 68
96 82
96 89
96 132
96 149
96 208
96 254
96 273
96 332
96 385
96 418
96 515
96 533
96 645
96 705
96 807
97 27
97 57
97 108
97 141
97 164
97 280
97 298
97 348
97 391
97 589
97 793
98 11
98 68
98 139
98 307
98 309
98 416
98 650
99 0
99 13
99 57
99 255
99 358
99 384
100 66
100 85
100 192
100 356
100 515
100 532
100 777
100 840
100 845
100 898
100 908
101 20
101 40
101 171
101 298
101 572
101 664
101 851
101 992
102 99
102 264
102 266
102 542
103 170
103 384
103 606
103 994
104 24
104 25
104 49
104 262
104 385
105 122
105 162
105 256
105 647
106 0
106 64
106 68
106 245
106 589
106 737
107 299
107 644
107 912
107 962
108 21
108 107
109 301
110 284
112 65
112 68
112 128
112 558
112 628
112 813
112 856
113 44
113 138
113 258
113 273
114 256
114 259
114 513
114 908
115 166
115 194
115 242
115 258
115 896
116 79
116 256
116 260
116 436
116 517
116 644
117 394
117 404
118 768
119 77
120 128
120 179
120 329
120 517
120 535
121 194
121 281
121 732
122 11
122 777
123 64
123 132
123 166
123 644
124 129
124 576
125 128
126 82
126 416
127 33
127 112
127 256
127 294
127 295
128 18
128 44
128 80
128 82
128 136
128 150
128 153
128 201
128 258
128 268
128 353
128 460
128 468
128 512
128 529
128 752
128 824
128 960
129 0
129 8
129 14
129 44
129 72
129 273
129 461
129 577
129 641
129 841
129 852
130 0
130 28
130 48
130 68
130 69
130 130
130 241
130 262
130 484
130 514
130 537
130 650
130 770
130 803
131 17
131 84
131 512
131 524
132 68
132 93
132 110
132 184
132 185
132 330
132 448
132 561
132 609
132 656
132 657
133 24
133 40
133 142
133 202
133 420
133 584
133 713
133 785
134 32
134 133
134 134
134 172
134 315
134 425
134 520
134 580
134 618
135 34
135 101
135 180
135 185
135 293
135 529
135 908
136 321
136 421
136 641
136 785
136 790
136 800
136 848
137 48
137 102
137 128
137 400
137 464
137 576
137 832
138 2
138 82
138 114
138 138
138 328
138 401
138 532
138 817
138 984
139 737
140 13
140 98
140 166
140 168
140 324
140 360
140 498
140 642
140 908
141 8
141 178
141 314
141 513
141 584
142 20
142 28
142 353
142 786
142 800
143 13
144 42
144 68
144 194
144 269
144 302
144 320
144 388
144 512
144 609
144 704
145 0
145 5
145 24
145 261
145 310
145 384
145 466
145 514
145 608
146 18
146 40
146 141
146 330
146 343
146 512
146 522
146 528
146 826
146 834
147 9
147 834
148 0
148 497
148 577
148 872
149 27
149 320
149 418
149 514
149 637
149 786
149 795
149 812
150 132
150 269
150 303
152 3
152 233
152 276
152 314
152 911
153 6
153 93
153 227
153 389
153 612
154 59
154 236
155 204
155 258
155 370
155 388
155 931
156 10
156 26
156 256
156 515
156 848
157 427
158 49
158 396
158 563
158 747
159 7
159 165
159 512
160 2
160 17
160 18
160 67
160 74
160 98
160 112
160 125
160 192
160 233
160 236
160 290
160 588
160 648
160 796
160 910
161 25
161 70
161 262
161 356
161 400
161 544
161 545
161 676
162 32
162 325
162 349
162 596
162 648
162 929
163 386
163 480
163 485
163 520
163 656
164 80
164 143
164 259
164 297
164 384
164 514
164 557
164 578
164 592
164 651
164 709
165 16
165 20
165 30
165 264
165 512
165 544
165 618
166 12
166 26
166 67
167 3
167 84
167 184
167 276
167 843
167 854
168 0
168 72
168 81
168 192
168 210
168 343
168 531
168 708
168 777
168 834
169 128
169 188
169 315
170 382
170 568
171 16
171 455
172 16
172 133
172 364
172 541
172 554
172 720
173 150
173 802
174 16
174 80
174 173
174 273
174 364
175 11
175 130
175 341
175 589
176 325
176 384
176 413
176 527
176 640
176 647
176 672
176 738
177 34
177 96
177 216
177 363
177 492
179 40
179 58
179 433
179 804
179 946
180 797
181 12
181 546
182 64
182 65
182 68
183 80
184 453
184 560
185 273
185 288
185 596
186 345
186 482
186 552
187 542
187 800
187 1006
188 518
188 522
188 988
189 70
189 233
189 266
189 335
190 72
190 126
191 299
192 3
192 32
192 45
192 66
192 99
192 144
192 168
192 282
192 651
192 737
192 875
192 939
193 24
193 86
193 207
193 388
193 416
193 662
194 88
194 163
194 200
194 960
195 152
195 261
195 290
196 8
196 14
196 19
196 64
196 73
196 88
196 130
196 132
196 255
196 274
196 449
196 551
196 699
196 805
196 825
196 912
197 27
197 58
197 342
198 64
198 136
198 176
198 592
199 50
199 102
199 422
200 93
200 150
200 236
200 307
200 388
200 700
200 801
200 940
201 34
201 65
201 256
201 272
201 528
201 532
201 544
201 706
201 817
202 2
202 18
202 260
202 357
202 389
202 512
202 607
202 864
203 416
203 514
203 529
203 545
203 680
204 16
204 129
204 419
204 834
204 980
205 80
205 100
205 129
205 713
206 168
206 310
206 562
207 1
207 47
207 464
207 630
207 640
208 12
208 215
208 478
208 513
208 524
208 547
208 626
209 9
209 18
209 281
209 557
209 560
209 798
209 873
210 64
210 69
210 514
210 547
210 849
211 171
211 386
211 521
212 296
212 578
212 778
213 29
214 10
214 516
215 11
215 628
215 722
215 792
216 41
216 109
216 370
216 545
216 712
216 772
217 524
218 526
220 32
220 162
220 174
220 177
220 304
221 734
221 816
222 258
222 530
223 41
223 88
223 304
224 0
224 6
224 9
224 72
224 408
224 513
224 720
225 0
225 16
225 65
225 149
225 257
225 273
225 390
226 4
226 46
226 64
226 536
226 546
227 10
227 275
227 912
228 2
228 22
228 42
228 137
228 182
228 272
228 392
228 416
228 521
229 787
229 905
230 204
230 294
230 570
231 289
232 14
232 70
232 292
232 534
232 562
232 838
233 14
233 146
233 657
234 145
234 164
234 181
234 307
235 33
235 161
236 72
236 256
236 303
236 512
236 800
236 834
237 386
239 589
240 227
241 80
241 969
242 16
242 33
242 393
242 720
243 160
244 58
244 141
244 373
244 728
244 870
246 298
247 0
248 258
248 304
248 312
248 918
249 9
249 384
250 0
250 476
251 40
251 132
251 545
252 73
252 258
252 601
253 129
253 783
254 516
254 976
256 24
256 32
256 51
256 54
256 72
256 74
256 80
256 122
256 128
256 148
256 170
256 207
256 241
256 278
256 532
256 550
256 648
256 666
256 710
256 749
256 862
256 914
256 944
257 26
257 32
257 46
257 76
257 78
257 81
257 99
257 136
257 137
257 194
257 262
257 278
257 361
257 522
257 616
258 65
258 97
258 156
258 162
258 296
258 343
258 519
258 598
258 641
258 817
259 136
259 312
259 532
259 680
259 908
260 2
260 18
260 32
260 75
260 86
260 100
260 138
260 193
260 266
260 388
260 420
260 451
260 516
260 608
260 659
260 798
261 0
261 72
261 178
261 191
261 417
261 588
261 603
261 708
261 792
262 33
262 49
262 256
262 386
262 472
262 516
263 308
263 517
263 769
263 808
263 874
264 0
264 38
264 44
264 109
264 128
264 194
264 195
264 199
264 268
264 286
264 304
264 330
264 408
264 545
264 548
264 551
264 651
264 678
264 772
264 1000
265 51
265 105
265 128
265 313
265 672
265 991
266 52
266 75
266 76
266 128
266 136
266 154
266 197
266 530
266 566
266 660
266 708
267 61
267 96
267 108
267 586
268 7
268 8
268 16
268 34
268 150
268 201
268 205
268 240
268 502
269 262
269 434
269 596
270 296
270 520
271 4
271 112
271 267
271 345
271 452
271 497
271 530
271 563
272 0
272 53
272 81
272 92
272 128
272 270
272 278
272 292
272 394
272 817
273 4
273 102
273 195
273 276
273 320
273 333
273 516
273 548
273 768
273 914
274 38
274 44
274 72
274 156
274 164
274 283
274 308
274 867
275 116
275 179
275 290
275 438
275 489
275 514
275 527
276 73
276 292
276 640
276 833
277 28
277 296
277 547
278 10
278 34
278 72
278 73
278 342
278 536
279 0
279 193
279 577
279 634
280 3
280 4
280 32
280 120
280 184
280 522
280 550
281 1
281 18
281 558
282 6
282 12
282 71
282 273
282 299
282 520
282 577
283 542
284 177
284 497
284 513
284 824
285 10
285 16
285 580
286 648
287 3
288 32
288 120
288 138
288 148
288 157
288 166
288 218
288 290
288 297
288 392
288 417
288 512
288 531
288 630
288 653
288 769
288 795
288 803
288 933
288 936
288 962
289 14
289 30
289 56
289 122
289 153
289 772
289 800
290 0
290 272
290 320
290 578
291 5
291 52
291 260
291 578
291 644
291 732
291 832
292 18
292 131
292 162
292 332
292 333
292 338
292 361
292 412
292 528
292 612
292 770
292 995
293 16
293 122
293 192
293 256
293 322
293 451
293 512
293 688
294 24
294 40
294 118
294 186
294 257
294 280
294 348
294 538
294 848
295 76
295 188
295 524
295 576
295 832
295 963
296 17
296 51
296 148
296 322
296 459
297 68
297 243
297 328
297 390
297 782
298 132
298 246
298 408
298 546
299 137
299 274
299 289
300 32
300 197
300 214
300 274
300 641
300 751
301 197
301 204
301 246
302 88
304 109
304 112
304 324
305 441
305 584
306 16
306 204
306 290
306 1018
307 4
307 35
307 46
307 78
307 129
307 140
307 192
307 267
308 97
308 644
308 977
309 306
309 658
309 697
310 22
310 49
310 88
310 142
310 229
310 688
310 803
310 820
311 163
312 4
312 32
312 66
312 408
312 546
312 868
313 64
314 83
314 86
314 160
315 338
316 136
316 141
316 160
316 257
316 396
316 611
316 772
317 338
318 0
318 261
318 773
318 839
319 9
319 114
319 200
319 283
320 97
320 132
320 222
320 257
320 272
320 353
320 521
320 554
320 584
320 596
320 628
320 642
320 644
320 725
320 908
320 928
321 9
321 160
321 795
321 944
322 8
322 45
322 68
322 384
322 544
323 202
323 244
323 271
323 457
323 600
324 145
324 448
324 450
324 577
325 16
325 77
325 256
325 332
325 529
325 773
326 376
327 611
328 208
328 381
328 388
328 488
328 518
329 4
329 32
329 128
329 146
329 256
329 982
330 61
330 256
330 274
330 560
330 576
330 640
331 278
332 1
332 258
332 512
332 616
333 66
334 179
334 265
334 609
335 9
335 32
335 208
335 432
336 84
336 266
336 320
336 324
336 528
336 779
337 289
337 512
337 640
337 657
338 14
338 276
338 324
338 445
338 519
338 718
338 736
339 40
339 132
339 540
340 37
340 72
340 392
340 785
341 390
342 130
342 177
342 342
342 385
342 387
342 433
342 569
343 182
343 706
344 0
344 6
344 7
344 260
344 574
344 672
345 274
345 581
345 650
346 625
347 22
347 210
347 816
349 69
349 584
350 14
350 83
350 106
351 42
352 5
352 70
352 451
352 522
352 553
352 557
352 589
352 634
352 697
352 776
352 970
353 17
353 45
353 512
354 544
355 40
355 326
355 772
356 28
356 96
356 128
356 140
356 188
356 228
357 0
357 42
357 100
357 102
357 430
357 528
357 563
358 71
358 336
359 4
359 738
360 18
360 144
360 323
360 448
360 592
362 56
362 132
362 224
362 789
363 856
364 164
364 609
365 261
365 333
365 438
365 513
368 256
368 512
368 513
368 524
368 580
368 804
369 32
369 204
369 603
370 29
370 129
370 221
370 842
371 17
371 176
371 776
372 269
372 333
372 464
372 598
373 26
373 36
373 152
373 531
373 538
373 640
374 320
374 410
375 106
375 412
376 266
376 637
377 513
378 84
379 977
380 272
380 349
380 532
381 39
382 19
384 160
384 171
384 175
384 179
384 524
384 593
384 595
384 739
384 779
384 880
385 15
385 42
385 76
385 204
385 348
385 593
386 147
386 278
386 448
386 530
386 808
387 67
387 142
387 372
387 417
387 516
387 723
388 11
388 26
388 36
388 128
388 137
388 153
388 204
388 388
388 742
389 149
389 256
389 716
389 800
389 926
390 4
390 5
390 512
390 513
390 785
391 274
392 19
392 80
392 129
392 300
392 304
392 528
392 762
393 3
393 50
393 252
393 376
394 66
394 104
394 273
394 476
394 517
394 536
395 513
396 0
396 14
396 26
396 160
396 770
397 67
397 329
397 494
397 544
397 667
397 776
397 807
398 64
398 134
398 136
398 230
398 512
398 541
399 784
400 1
400 136
400 192
400 226
400 321
400 385
400 580
401 448
401 533
402 260
402 857
403 8
403 44
403 170
403 206
403 807
404 9
404 188
404 208
404 278
404 301
404 327
404 706
405 156
405 157
405 272
405 788
406 96
406 100
407 424
407 528
408 0
408 63
408 610
408 832
409 109
409 432
409 626
410 0
410 200
410 832
410 857
411 532
411 864
412 4
412 22
412 96
412 397
412 540
412 542
412 566
412 881
414 40
414 592
415 19
416 20
416 70
416 298
416 441
416 736
416 800
416 907
417 1
417 172
417 296
417 518
417 912
417 984
418 6
418 50
418 82
418 145
418 200
418 443
418 515
418 832
419 11
419 88
419 288
419 512
420 250
420 640
420 644
421 140
421 142
421 473
421 916
422 0
422 688
422 880
423 153
423 336
423 648
423 900
424 416
424 807
425 137
425 450
426 145
426 296
426 432
426 737
426 925
427 131
428 223
428 272
428 335
428 931
429 528
429 707
430 3
430 10
430 259
430 663
431 777
432 4
432 160
432 290
432 532
432 844
433 24
433 243
434 463
435 322
435 542
435 586
436 0
436 13
436 144
436 230
437 574
437 596
438 8
440 2
440 8
440 309
440 329
440 361
441 24
441 256
441 297
441 536
441 705
446 165
446 545
448 51
448 64
448 68
448 257
448 278
448 526
449 248
449 520
449 767
449 842
450 14
450 186
450 464
450 651
451 18
451 234
451 425
451 533
452 965
453 136
453 545
453 546
453 593
454 73
454 491
455 452
455 562
456 184
456 232
456 640
457 391
457 554
458 260
458 539
459 62
459 586
460 284
460 533
460 926
461 109
461 300
463 422
463 795
464 12
464 146
464 158
464 520
464 880
465 0
465 699
465 832
466 265
466 934
468 300
469 3
469 130
469 265
469 280
469 296
470 644
471 80
472 45
472 116
472 616
473 6
473 114
473 176
474 50
474 105
474 520
475 914
476 18
476 66
476 288
476 677
480 34
480 56
480 416
481 133
481 392
482 5
482 100
482 291
483 266
483 689
484 296
484 647
485 52
485 72
486 4
486 118
488 17
488 223
488 838
489 520
489 708
491 172
491 524
491 546
491 805
492 9
492 72
493 2
493 866
493 928
493 996
493 1016
494 68
494 450
497 578
498 36
498 656
499 6
499 546
501 292
502 516
502 787
502 794
503 132
504 257
506 712
506 793
507 461
508 5
509 96
512 16
512 24
512 44
512 66
512 78
512 80
512 86
512 113
512 155
512 265
512 328
512 332
512 400
512 516
512 544
512 628
512 838
512 848
513 11
513 73
513 256
513 260
513 284
513 305
513 528
513 560
513 668
513 774
513 914
514 4
514 6
514 74
514 198
514 289
514 305
514 332
514 366
514 488
514 536
514 576
514 636
514 648
514 774
515 34
515 40
515 75
515 125
515 143
515 482
515 522
515 546
515 811
515 994
516 33
516 56
516 57
516 296
516 936
517 24
517 99
517 355
518 10
518 30
518 109
518 160
518 284
518 312
518 880
518 993
519 76
519 280
519 282
519 371
519 458
519 665
519 777
520 2
520 13
520 16
520 65
520 123
520 137
520 301
520 320
520 417
520 512
520 986
521 21
521 24
521 33
521 278
521 290
521 393
522 1
522 259
522 298
522 515
523 12
523 66
523 141
523 172
523 260
523 273
524 150
524 232
524 296
524 389
524 405
524 528
524 716
524 841
525 32
525 273
525 322
525 374
525 896
526 0
526 11
526 24
526 62
526 74
526 96
526 337
527 32
527 130
527 186
527 307
528 1
528 96
528 374
528 644
528 665
528 916
528 985
529 22
529 25
529 72
529 128
529 192
529 243
529 359
529 386
529 438
529 551
530 2
530 86
530 259
530 428
530 779
531 16
531 26
531 332
531 616
531 658
532 0
532 44
532 448
532 579
532 736
533 518
533 672
534 21
534 36
534 48
534 132
534 480
534 833
535 21
535 530
535 592
536 8
536 544
536 600
536 835
536 898
536 903
537 18
537 64
537 70
537 178
537 256
537 314
537 768
537 876
538 931
538 1016
539 74
539 107
539 512
539 992
540 0
540 5
540 17
540 132
540 155
540 168
540 384
541 15
541 176
541 196
541 231
542 54
542 176
542 403
542 434
542 528
542 548
544 8
544 24
544 65
544 67
544 100
544 243
544 539
544 653
544 948
545 5
545 34
545 261
545 407
545 546
545 553
545 560
545 644
545 833
546 27
546 197
546 215
546 302
546 390
546 560
546 652
547 85
547 520
547 606
548 9
548 114
548 128
548 218
548 278
548 322
548 338
548 594
549 137
549 312
549 320
549 585
549 679
549 725
550 65
550 68
550 78
550 532
550 684
551 9
551 90
551 160
551 230
552 1
552 4
552 133
552 183
552 262
552 272
552 400
552 581
553 4
553 162
553 369
553 401
553 620
553 640
554 23
554 56
554 68
554 166
554 340
554 354
554 584
555 144
556 765
557 146
557 224
557 258
557 348
557 718
557 795
558 436
560 0
560 18
560 36
560 101
560 331
560 610
560 844
561 10
561 707
562 19
562 21
562 265
562 404
563 584
563 808
563 916
564 5
564 7
564 12
564 19
564 180
564 613
564 854
565 80
565 128
565 144
565 314
565 387
565 692
565 973
566 45
566 198
566 644
566 836
567 41
567 81
567 337
567 1000
568 4
568 272
568 276
568 338
568 384
568 588
568 738
569 12
569 14
569 26
569 28
569 320
570 165
570 318
571 369
572 12
572 132
572 630
572 778
573 384
574 70
574 208
574 240
575 2
575 10
575 525
576 1
576 8
576 18
576 74
576 130
576 200
576 202
576 256
576 314
576 518
576 598
576 616
576 777
576 884
577 2
577 289
577 364
578 65
578 320
578 467
578 553
578 564
578 713
578 893
579 42
579 144
579 178
579 209
579 452
579 784
580 2
580 28
580 90
580 257
580 290
580 780
581 48
581 64
581 216
581 300
581 355
581 525
581 930
582 24
582 208
582 448
582 583
582 640
583 228
584 11
584 18
584 66
584 105
584 153
584 260
584 608
584 640
584 992
585 16
585 223
585 514
585 523
585 556
586 17
586 470
586 661
586 752
586 976
587 10
587 18
588 57
588 71
588 290
588 320
588 562
588 722
589 22
589 85
589 491
590 10
590 13
590 138
590 143
590 356
590 384
590 520
591 18
591 139
591 564
592 16
592 208
592 332
592 641
592 660
592 768
593 337
593 794
594 9
594 141
594 244
594 566
595 456
595 568
596 64
596 256
597 24
597 26
597 78
597 108
597 144
597 937
598 8
598 16
598 177
598 279
598 884
599 64
599 116
599 131
599 139
599 276
600 528
601 136
601 201
601 316
601 353
601 370
601 458
602 121
602 134
602 306
602 392
602 680
603 13
603 768
604 18
604 264
604 534
604 768
605 262
605 438
605 552
606 20
606 321
607 43
607 258
608 21
608 138
608 322
608 636
609 147
609 158
609 545
610 41
610 100
610 181
610 466
610 513
611 0
611 100
611 261
611 395
611 553
611 798
612 4
612 8
612 145
612 157
612 195
612 329
612 401
612 994
613 512
613 913
614 6
614 8
614 12
614 64
614 134
614 176
614 395
614 411
614 575
615 832
615 908
616 33
616 130
616 144
616 552
617 0
617 28
617 881
618 33
618 396
618 716
619 801
620 20
620 132
620 229
620 272
620 290
620 520
620 721
621 205
621 305
621 408
621 555
621 674
621 802
623 129
624 17
624 128
624 131
624 148
624 258
624 378
624 413
624 920
625 20
625 212
626 20
626 40
626 460
628 6
628 82
628 500
630 64
630 166
631 28
631 67
631 104
632 42
632 210
632 256
633 4
633 266
633 295
633 526
634 80
634 128
635 80
640 64
640 66
640 80
640 153
640 227
640 256
640 337
640 344
640 347
640 388
640 448
640 512
640 548
640 657
640 688
640 730
640 760
640 898
641 2
641 13
641 21
641 108
641 150
641 272
641 371
641 512
641 682
641 775
641 778
642 18
642 73
642 204
642 276
642 659
642 902
643 214
643 271
643 417
643 579
643 589
643 688
644 43
644 144
644 221
644 326
644 576
645 58
645 96
645 171
645 233
645 288
645 457
645 548
645 869
646 319
646 338
646 585
647 16
647 272
647 320
647 494
647 545
647 988
648 229
648 320
648 384
648 394
648 438
648 592
648 768
649 24
649 160
649 192
649 256
649 689
649 792
650 128
650 131
650 640
651 20
651 49
651 549
651 885
652 3
652 46
652 72
652 73
652 138
652 320
652 529
652 646
652 924
653 9
653 36
653 124
653 707
654 314
654 592
655 914
656 3
656 6
656 101
656 226
656 284
656 352
656 562
656 677
656 945
656 982
657 435
658 288
658 314
658 352
658 400
658 577
659 4
659 144
659 769
660 5
660 360
660 586
661 9
661 48
661 208
661 288
661 397
661 554
662 96
662 209
662 440
662 648
663 51
663 161
663 203
664 1
664 5
664 174
664 366
664 448
664 514
664 686
664 780
665 1
665 37
665 526
666 8
666 27
666 177
666 306
667 65
668 337
668 386
668 425
668 514
669 10
669 632
669 896
670 36
670 202
671 111
672 4
672 60
672 228
672 288
672 290
672 291
672 494
672 500
672 513
673 0
673 3
673 59
673 401
673 661
673 684
673 735
673 929
673 961
674 384
675 164
676 216
676 270
677 11
678 0
678 56
678 241
679 464
679 952
680 2
680 209
680 266
680 392
681 131
681 368
682 34
682 149
682 256
682 704
683 229
683 721
684 442
684 711
685 316
686 4
686 72
686 194
687 0
687 60
688 9
688 64
688 66
688 129
688 200
688 296
688 909
689 6
689 525
690 528
691 8
691 226
692 259
695 13
695 128
696 192
696 366
696 386
696 423
696 472
696 576
696 775
698 73
698 577
700 259
701 410
701 983
702 144
702 681
704 53
704 84
704 235
704 302
704 530
704 557
704 608
705 0
705 16
705 137
705 269
705 432
705 512
705 672
705 848
705 896
706 22
706 259
706 260
706 301
706 441
707 27
707 33
707 87
707 391
708 298
708 477
708 512
708 649
708 850
710 24
710 50
710 64
710 266
710 450
711 149
712 25
712 76
712 83
712 97
712 132
712 137
712 149
712 262
712 339
712 418
712 787
713 23
713 35
713 520
714 408
714 803
715 17
715 108
716 177
716 625
717 665
718 293
720 42
720 257
720 1010
721 444
721 517
721 697
722 34
722 38
722 68
722 334
722 606
723 32
723 99
723 272
723 307
723 332
723 713
724 96
724 128
724 256
724 916
725 678
726 321
726 485
726 720
727 72
728 17
729 738
730 306
730 396
730 551
730 714
731 297
732 257
732 872
733 14
733 152
733 816
735 516
735 771
736 1
736 64
736 128
736 167
736 169
736 178
736 513
736 560
736 603
736 644
736 712
736 774
737 4
737 56
737 789
738 213
738 367
738 393
738 557
738 777
739 46
739 651
740 237
740 269
740 280
741 88
741 551
742 80
742 604
743 172
744 141
744 160
744 329
744 678
745 273
746 770
747 60
747 294
748 4
748 12
748 34
748 193
748 256
748 400
748 689
748 804
749 30
750 600
750 806
752 5
752 68
752 82
752 193
752 259
752 326
752 419
753 45
753 136
755 100
756 352
756 512
756 616
756 929
758 72
759 165
760 112
760 208
760 339
760 848
761 418
762 174
763 721
768 0
768 2
768 16
768 32
768 39
768 92
768 132
768 136
768 148
768 266
768 388
768 476
768 512
768 526
768 527
768 691
768 785
768 832
769 8
769 20
769 24
769 130
769 132
769 172
769 216
769 276
769 517
769 566
769 604
769 668
770 4
770 80
770 92
770 99
770 144
770 155
770 193
770 210
770 224
770 612
770 691
770 832
771 4
771 512
771 796
771 932
771 1017
772 44
772 64
772 96
772 270
772 301
772 377
772 640
773 46
773 160
773 161
773 272
773 545
774 17
774 41
774 162
774 344
774 768
775 33
775 227
775 596
775 701
776 18
776 24
776 26
776 38
776 301
776 306
777 180
777 415
777 608
778 112
778 380
778 408
778 485
778 779
779 64
779 76
779 85
779 292
779 536
780 400
780 705
780 740
781 163
781 192
781 320
782 12
782 25
782 250
782 278
782 333
782 418
782 821
783 17
783 83
783 181
783 324
783 844
784 4
784 45
784 70
784 412
785 18
785 107
785 128
785 392
785 441
785 526
785 776
786 26
786 388
786 516
786 596
786 768
787 64
787 520
788 8
788 256
788 283
788 307
788 612
789 40
789 153
789 384
789 902
789 908
790 80
790 141
790 416
792 67
792 75
792 259
792 280
792 298
792 324
792 390
793 17
793 259
793 352
793 466
794 40
794 134
794 616
794 644
795 24
795 512
796 676
797 4
797 530
797 973
798 289
798 400
799 390
800 5
800 20
800 203
800 205
800 236
800 264
800 281
800 468
800 608
800 880
801 13
801 592
801 657
801 720
802 23
802 150
802 453
802 916
803 0
803 81
803 898
804 0
804 762
804 780
804 914
805 171
805 272
805 288
805 570
805 770
806 40
806 329
806 513
806 590
806 648
807 50
808 65
808 640
809 40
809 94
809 456
809 813
810 128
810 944
811 298
812 256
814 162
814 267
814 754
815 256
815 280
815 899
816 40
816 117
816 146
816 320
816 525
816 533
817 45
817 342
817 346
817 776
818 32
818 128
818 456
820 146
820 167
820 660
820 773
821 37
822 172
822 522
823 592
824 0
824 116
824 290
824 459
824 545
824 672
824 677
825 2
825 196
825 634
825 657
825 807
828 641
829 794
830 176
831 2
832 0
832 4
832 5
832 8
832 12
832 13
832 23
832 29
832 72
832 273
832 352
832 432
832 529
832 777
832 793
833 20
833 49
833 146
833 147
833 560
833 569
833 970
834 49
834 71
834 124
834 460
834 689
835 4
835 64
835 65
835 96
836 2
836 28
836 193
836 513
836 566
836 584
836 801
837 42
837 272
837 562
837 875
838 40
838 321
838 352
838 640
839 57
839 592
840 56
840 71
840 317
840 384
840 780
840 837
840 878
841 35
841 133
841 256
841 262
842 266
842 912
843 144
844 264
844 898
845 139
846 120
846 146
846 402
846 640
847 863
848 13
848 31
848 52
848 564
849 136
849 151
849 306
849 769
850 249
850 519
850 896
851 150
851 230
852 8
852 262
852 520
852 652
853 1
853 540
853 784
854 776
855 290
855 840
855 855
856 332
856 604
856 624
857 148
857 638
858 533
859 660
860 5
860 149
860 747
861 17
861 289
861 310
861 514
862 36
862 258
862 608
862 913
863 18
864 13
864 515
864 697
865 164
865 377
865 604
865 648
865 649
866 1
866 16
866 102
866 608
867 196
868 130
869 32
869 140
870 132
871 193
871 769
872 10
872 50
872 133
872 645
872 906
873 86
873 136
873 260
873 272
873 312
873 896
874 21
874 73
874 75
874 288
874 312
875 655
877 30
879 164
880 321
880 522
880 691
881 68
881 236
882 821
883 169
884 401
885 708
886 78
886 636
886 712
887 80
888 8
889 309
889 512
890 31
892 524
892 867
893 537
894 66
894 529
896 4
896 183
896 266
896 515
896 643
896 838
897 2
897 29
897 32
897 64
897 90
897 341
897 997
898 48
898 206
898 389
898 529
898 601
898 672
899 196
899 773
900 101
900 136
900 522
901 4
901 345
901 650
902 4
902 28
902 34
902 179
902 256
902 786
903 438
903 690
904 0
904 158
904 529
904 548
905 143
905 513
905 640
907 64
907 100
908 87
908 88
908 560
909 1
909 150
909 641
910 263
910 576
911 290
912 403
912 561
913 154
913 593
913 734
914 162
914 531
914 809
914 843
914 904
916 192
916 292
916 440
916 563
917 20
918 33
918 40
918 64
918 160
918 576
919 480
920 153
920 163
920 353
920 989
921 390
921 914
922 418
923 44
923 65
924 6
924 43
924 82
924 434
926 13
926 65
926 327
927 384
929 18
929 65
929 434
930 64
931 12
931 25
931 150
931 212
931 224
932 80
932 88
932 308
934 9
934 20
935 675
936 652
937 8
938 172
938 196
938 322
938 544
939 258
940 541
940 545
940 716
941 864
942 116
942 640
942 848
943 119
943 146
944 48
944 115
944 849
945 30
945 288
945 320
945 687
945 788
946 184
946 584
947 8
947 20
947 64
947 393
947 585
947 898
948 51
948 105
948 257
950 210
951 141
952 517
952 682
952 777
953 374
954 868
955 16
956 3
957 201
957 356
957 360
958 163
958 195
958 256
958 666
959 906
960 2
960 155
960 283
961 0
961 80
961 167
961 326
961 544
962 521
963 44
963 169
964 128
964 779
965 269
965 283
966 295
967 52
967 58
968 22
968 512
968 546
968 848
970 291
971 21
971 286
972 211
972 291
972 293
973 293
975 797
976 348
977 56
977 264
977 400
978 48
978 565
978 672
979 32
979 262
980 844
981 41
981 136
981 140
982 106
982 192
983 34
984 127
984 193
986 130
987 716
988 25
988 554
988 857
989 290
992 26
992 33
992 82
992 200
992 533
993 341
993 617
993 798
993 948
994 16
994 32
994 33
995 817
995 923
996 278
996 368
997 166
997 227
998 962
999 75
1000 217
1000 456
1001 181
1002 102
1003 30
1004 4
1004 14
1004 20
1008 283
1009 336
1011 38
1011 492
1012 394
1015 9
1015 128
1018 586
1019 16
1020 521
1020 800
1022 8
1022 392
1022 712
1023 64
