# Synthetic Kronecker Graph 
# Edges are directed 
0 0
0 2
0 22
0 26
0 36
0 42
0 72
0 82
0 99
0 101
0 122
0 124
1 0
1 4
1 12
1 25
1 64
1 81
1 100
2 12
2 27
2 40
2 85
3 17
3 66
3 100
4 0
4 2
4 20
4 34
4 76
4 84
4 113
5 2
5 5
5 69
5 98
5 106
6 88
7 1
7 18
7 40
7 41
7 48
8 2
8 17
8 116
9 0
9 88
9 123
10 37
10 64
10 68
10 73
10 83
10 102
11 16
11 53
11 106
11 109
11 120
12 0
12 1
12 21
12 25
12 34
12 54
12 104
13 5
13 7
13 55
14 1
14 32
14 41
14 73
14 84
15 1
15 8
15 36
15 48
15 69
15 80
16 3
16 5
16 8
16 9
16 11
16 24
16 28
16 29
17 0
17 2
17 3
17 70
17 100
18 7
18 8
18 20
18 64
19 32
19 66
19 76
19 96
19 97
20 24
20 26
20 49
21 1
21 64
22 2
22 7
22 50
23 4
23 24
24 11
24 16
24 33
25 0
25 4
25 64
25 112
26 72
26 88
27 36
28 3
28 96
28 107
29 33
29 60
30 2
30 10
30 72
31 7
31 24
31 38
32 0
32 5
32 8
32 64
32 105
32 112
33 0
33 17
33 76
33 107
34 1
34 24
34 34
34 40
34 44
34 88
34 106
35 53
36 3
36 15
36 58
37 32
38 0
38 8
38 24
38 26
39 2
40 56
40 107
41 0
41 4
41 32
41 42
42 18
42 89
43 120
44 1
44 73
45 8
47 88
48 27
48 46
48 64
49 2
49 17
49 28
50 0
50 12
50 34
50 69
50 107
51 4
51 18
52 6
52 14
52 18
52 79
53 124
54 1
56 0
56 2
56 4
56 13
56 17
56 31
56 32
56 37
56 53
57 3
57 52
57 82
58 66
59 67
60 57
61 4
61 31
61 77
61 85
62 1
62 95
63 96
64 2
64 7
64 24
64 72
65 0
65 113
66 2
66 36
66 88
66 94
67 107
68 1
68 9
68 20
68 44
68 116
69 0
69 2
69 8
69 25
70 0
70 75
70 102
71 11
71 18
71 37
71 65
72 37
72 63
72 120
73 20
74 10
74 28
74 35
74 53
76 2
76 64
76 72
76 74
76 91
76 98
77 2
77 4
80 8
80 71
80 80
81 79
81 83
82 36
82 101
83 8
83 20
83 21
83 63
83 88
85 56
85 73
88 0
88 7
88 66
89 22
90 41
92 20
92 64
93 7
93 38
93 82
96 96
97 4
98 88
99 40
100 1
100 8
100 17
100 74
101 34
101 70
102 3
102 29
102 70
102 84
103 43
104 17
104 71
104 76
105 1
108 48
108 68
109 12
109 22
109 72
110 32
111 45
112 6
112 17
112 68
113 74
113 108
114 14
114 93
116 0
118 8
118 67
118 80
118 116
119 13
119 20
120 17
120 34
120 98
121 42
122 5
123 48
125 9
125 32
126 4
127 0
