# Synthetic Kronecker Graph 
# Edges are directed 
0 5
0 7
0 12
0 14
0 30
0 35
0 41
0 52
0 57
0 112
0 113
0 139
0 141
0 160
0 213
0 228
0 265
0 274
0 280
0 283
0 348
0 370
1 9
1 11
1 12
1 19
1 35
1 45
1 85
1 133
1 166
1 194
1 201
1 214
2 6
2 22
2 24
2 25
2 161
2 230
2 256
2 297
2 298
2 434
3 1
3 259
4 0
4 3
4 4
4 7
4 9
4 51
4 76
4 80
4 172
4 174
4 194
4 216
4 260
4 291
4 400
5 2
5 97
5 101
5 145
5 169
5 172
5 201
5 290
5 298
5 300
5 436
6 117
6 164
6 198
6 199
6 202
6 340
6 356
6 373
7 76
7 230
8 4
8 17
8 22
8 96
8 144
8 160
8 274
8 464
9 2
9 8
9 74
9 144
9 148
9 260
9 268
9 294
9 304
9 306
9 333
9 459
10 0
10 4
10 55
10 68
10 148
10 152
10 210
10 228
10 320
10 508
11 16
11 112
11 134
11 256
11 260
11 274
11 296
11 448
12 65
12 70
12 80
12 176
12 251
12 272
12 280
12 305
12 308
12 366
12 380
12 400
13 128
13 178
13 312
14 227
15 0
15 52
15 120
15 163
15 461
16 2
16 5
16 6
16 8
16 57
16 78
16 98
16 109
16 263
16 268
16 288
16 293
16 297
16 334
16 406
16 434
16 440
16 478
16 480
17 7
17 17
17 49
17 136
17 140
17 168
17 246
17 253
17 288
17 466
18 50
18 64
18 128
18 241
18 305
18 347
18 366
19 2
19 26
19 76
19 104
19 256
19 448
20 1
20 13
20 108
20 197
20 297
21 2
21 64
21 78
21 100
21 416
22 138
22 275
22 276
22 423
22 449
23 138
23 164
23 224
23 425
24 6
24 16
24 53
24 89
24 236
24 385
25 26
25 46
25 82
25 128
25 144
25 153
25 171
25 389
25 396
26 42
26 198
26 336
28 0
28 49
28 146
28 265
29 60
29 200
29 264
29 458
32 2
32 16
32 32
32 49
32 52
32 84
32 106
32 114
32 155
32 170
32 302
32 387
32 396
32 423
32 452
33 6
33 19
33 34
33 72
33 105
33 170
33 196
33 331
33 491
34 8
34 18
34 37
34 43
34 74
34 194
34 400
34 405
34 469
34 501
35 12
35 213
35 256
35 265
35 298
35 328
35 488
36 29
36 50
36 128
36 131
36 136
36 264
36 320
36 384
36 385
36 481
37 131
37 162
37 192
37 261
37 308
38 16
38 104
38 184
38 256
38 266
38 274
38 339
38 386
38 473
39 17
39 65
39 276
40 9
40 13
40 20
40 65
40 71
40 124
40 149
40 192
40 199
40 210
40 480
41 77
41 119
41 152
41 264
41 288
42 0
42 19
42 276
43 32
43 65
43 66
43 129
43 165
43 286
43 400
44 12
44 64
44 208
44 372
44 433
44 448
44 468
45 298
46 139
46 208
46 329
47 106
48 0
48 3
48 41
48 65
48 168
48 198
48 336
48 387
48 505
49 4
49 40
49 66
49 96
49 156
49 282
49 388
50 1
50 81
50 116
50 293
50 310
50 322
50 344
51 43
51 198
51 235
51 260
51 266
51 278
52 50
52 96
52 176
52 263
53 43
53 97
53 451
54 16
54 25
54 80
54 116
54 275
54 329
54 390
54 400
56 88
56 156
56 259
56 448
57 33
58 288
59 0
59 408
59 416
60 18
60 130
60 132
60 300
61 62
61 436
62 1
62 17
62 132
62 134
62 289
63 17
63 118
63 266
64 17
64 73
64 112
64 168
64 169
64 260
64 345
64 362
64 401
64 480
65 42
65 192
65 257
65 261
65 315
65 328
65 388
66 10
66 17
66 48
66 161
66 164
66 257
66 386
66 419
67 17
67 161
67 288
67 297
67 352
67 416
68 28
68 36
68 44
68 77
68 132
69 138
69 154
70 160
70 192
71 194
71 456
72 27
72 40
72 53
72 64
72 272
72 484
73 34
73 58
73 256
73 267
73 323
73 465
74 139
74 152
74 224
74 395
75 65
75 116
75 320
75 394
76 0
76 3
76 10
76 12
76 21
76 64
76 75
76 163
76 221
76 257
76 354
76 393
76 403
77 42
77 68
77 240
77 258
78 9
78 252
78 256
78 272
78 308
78 337
79 138
80 11
80 22
80 72
80 83
80 292
80 294
80 389
81 3
81 17
81 32
81 33
81 72
81 100
81 173
81 187
82 4
82 12
82 20
82 45
82 68
82 208
82 256
82 274
83 1
83 8
83 32
83 62
83 95
83 98
83 146
83 340
84 21
84 48
84 108
84 128
84 132
84 150
84 168
84 173
84 260
84 268
84 273
84 378
85 8
85 147
86 3
86 15
86 106
86 260
86 388
86 441
87 137
87 384
88 4
88 20
88 72
88 74
88 76
88 97
89 16
90 104
90 207
91 129
92 16
92 38
92 48
92 50
92 105
92 292
92 320
92 448
93 73
93 138
93 261
93 306
93 425
94 30
94 33
94 38
94 264
94 267
95 130
96 4
96 64
96 107
96 114
96 122
96 161
96 224
96 293
96 326
96 400
97 36
97 68
97 69
97 180
97 268
97 365
98 8
98 335
98 361
99 136
99 160
99 416
100 0
100 18
100 80
100 324
100 337
100 348
101 221
102 33
102 36
102 209
102 261
103 6
103 264
104 32
104 178
105 27
105 336
105 337
106 29
106 45
106 248
106 389
106 390
106 434
107 36
108 2
108 4
108 24
108 135
108 201
108 328
108 449
109 128
109 137
109 321
109 385
110 3
110 14
110 133
110 134
110 226
112 36
112 160
112 163
112 480
113 74
113 185
113 269
113 400
114 9
114 14
114 37
114 271
114 274
114 311
115 124
116 69
116 295
116 331
117 291
118 16
118 384
119 139
120 68
120 74
120 89
120 112
120 128
120 384
121 10
121 111
121 157
123 67
123 300
125 147
125 289
127 177
127 268
128 18
128 20
128 22
128 64
128 69
128 120
128 152
128 264
128 274
128 276
128 304
128 416
129 25
129 39
129 68
129 158
129 162
129 163
129 275
129 318
130 0
130 18
130 35
130 62
130 67
130 76
130 81
130 128
130 132
130 133
130 184
130 197
130 260
130 424
130 459
131 60
131 154
131 266
131 388
131 428
131 488
132 99
132 155
132 264
132 282
132 301
132 331
133 0
133 33
133 146
133 242
133 272
133 321
133 496
134 33
134 56
134 99
134 138
134 330
134 356
134 360
134 392
135 6
135 18
135 84
135 294
136 33
136 256
136 259
136 328
136 384
136 496
137 18
137 25
137 78
137 144
137 284
138 7
138 89
138 277
139 12
139 131
139 224
139 330
140 0
140 17
140 132
140 366
140 379
141 14
141 273
142 34
142 38
142 131
142 194
142 276
142 404
143 20
143 24
143 150
144 0
144 8
144 19
144 26
144 65
144 80
144 136
144 147
144 256
144 330
145 20
145 65
145 72
145 77
145 168
145 234
145 266
145 281
146 49
146 442
147 1
147 66
147 100
148 144
148 295
148 480
149 33
149 128
149 372
150 6
150 144
150 224
151 6
153 12
153 152
153 407
154 144
154 193
154 293
155 16
155 422
156 8
156 125
156 274
156 340
156 418
158 64
159 216
159 457
159 507
160 8
160 104
160 144
160 197
160 240
160 256
160 450
160 464
161 2
161 13
161 31
161 48
161 212
162 5
162 162
162 192
162 211
162 261
163 32
163 384
164 2
164 149
164 239
164 457
165 107
165 172
165 200
165 320
165 330
166 60
166 64
166 161
166 192
166 277
166 313
166 406
166 470
167 5
167 101
167 164
167 464
168 29
168 69
168 85
168 157
168 241
168 272
168 273
168 305
169 0
169 66
169 89
169 188
169 320
171 2
171 40
171 69
171 97
171 225
171 336
172 21
172 32
173 5
173 196
173 216
174 7
174 184
175 20
175 179
175 400
176 104
176 162
176 325
177 145
177 208
178 0
178 34
178 64
178 334
179 98
180 28
180 139
180 489
181 56
181 197
181 294
182 196
182 280
183 1
184 15
184 29
184 42
184 48
184 128
184 456
185 86
185 293
186 208
187 62
188 288
188 384
189 287
190 73
190 86
191 68
191 260
192 69
192 72
192 113
192 166
192 294
192 297
192 391
192 448
193 330
193 349
194 24
194 203
194 258
194 304
194 323
195 12
195 99
195 102
195 361
196 1
196 19
196 25
196 32
196 48
196 63
196 74
196 93
196 131
196 136
196 314
196 496
197 77
197 89
198 0
198 38
198 128
198 296
198 321
198 472
199 10
199 136
199 171
199 265
199 280
199 400
199 457
200 30
200 34
200 45
200 124
200 128
200 256
200 275
200 279
200 397
201 10
201 40
201 87
202 33
202 209
202 264
202 272
202 352
202 485
203 8
203 272
203 312
203 320
204 42
204 132
204 145
204 266
204 346
205 0
205 40
205 172
205 373
206 10
207 0
207 210
208 48
208 69
208 136
208 234
208 278
208 306
208 309
208 388
208 392
209 8
209 24
209 80
210 43
210 153
210 208
210 388
210 406
210 425
211 14
211 44
211 290
212 33
212 230
212 253
212 339
212 360
212 402
213 0
214 89
214 181
214 336
215 208
215 285
216 135
216 386
217 64
217 146
217 389
217 422
218 117
218 394
220 32
220 136
220 261
220 262
221 132
221 274
221 304
222 20
223 9
223 36
223 69
223 353
224 3
224 65
224 76
224 162
224 178
224 241
224 287
225 261
225 459
226 6
226 60
226 178
226 261
226 377
227 114
228 34
228 138
228 256
229 128
230 15
233 4
233 257
234 423
236 64
236 89
236 172
236 266
236 353
237 17
237 276
237 384
238 128
238 146
239 0
240 228
240 273
240 448
241 372
242 440
243 124
243 145
244 89
244 130
244 256
244 406
245 20
245 24
246 1
246 37
246 96
246 129
248 77
248 110
248 134
248 163
249 138
250 33
250 164
250 450
253 4
253 7
253 128
253 444
254 28
254 36
254 72
254 131
255 314
256 0
256 14
256 17
256 23
256 78
256 128
256 136
256 156
256 168
256 196
256 225
256 234
256 364
256 396
256 431
256 467
257 4
257 20
257 33
257 36
257 78
257 125
257 128
257 258
257 372
257 373
257 488
258 16
258 54
258 56
258 168
258 172
258 194
258 264
258 339
258 373
259 192
259 225
260 4
260 36
260 138
260 229
260 257
260 258
260 275
260 296
260 364
260 401
261 154
261 265
262 16
262 19
262 77
262 130
262 194
262 281
262 419
262 500
263 36
263 138
263 354
264 4
264 100
264 257
264 337
264 418
265 2
265 6
265 81
265 132
265 159
265 160
265 165
265 263
266 70
266 226
266 256
266 292
266 389
267 38
267 82
268 2
268 3
268 32
268 130
268 163
268 321
269 32
269 35
269 54
269 98
269 256
269 264
269 298
269 318
270 10
270 96
270 437
271 0
271 23
272 23
272 37
272 251
272 320
272 321
272 352
272 386
272 404
273 2
273 55
274 0
274 6
274 32
274 64
274 97
274 144
274 224
274 263
274 306
274 402
274 432
274 453
275 62
275 194
275 284
276 4
276 16
276 161
276 172
276 261
276 337
277 72
277 152
277 307
278 4
278 189
279 3
279 90
279 188
279 264
279 330
280 35
280 46
280 58
280 132
280 135
280 226
280 262
280 292
280 336
281 11
281 30
281 69
281 128
281 149
282 64
282 108
282 128
282 136
282 149
282 429
283 52
283 275
283 342
284 100
284 364
285 96
285 148
286 0
286 3
286 107
286 113
286 432
287 40
288 0
288 1
288 37
288 76
288 132
288 263
288 352
288 461
289 2
289 69
289 312
289 379
290 1
290 2
290 6
290 14
290 24
290 217
290 361
290 386
290 396
291 77
291 109
291 168
292 16
292 56
292 321
292 325
292 392
292 460
293 66
293 128
294 40
294 128
294 257
294 258
295 80
295 361
296 68
296 133
296 260
296 329
297 68
298 338
299 9
299 56
299 66
300 457
301 16
301 17
302 16
302 76
302 83
303 4
303 199
303 305
304 2
304 15
304 130
304 197
304 257
304 258
304 272
304 355
305 5
305 22
305 80
305 128
305 268
306 10
306 56
306 73
306 258
307 139
307 147
307 194
307 354
308 143
308 259
309 157
309 281
310 288
311 8
311 65
312 10
312 23
312 505
313 129
313 421
314 192
314 288
316 97
318 193
318 211
318 256
318 272
319 320
320 38
320 44
320 65
320 139
320 192
320 309
320 324
320 414
320 450
321 0
321 128
321 262
321 336
321 418
322 9
322 74
322 132
322 137
322 150
322 276
322 417
322 462
323 1
324 70
324 121
324 424
325 21
325 146
325 187
325 260
325 335
325 390
326 337
327 33
327 170
327 305
328 16
328 72
328 130
328 156
328 176
328 225
328 262
329 74
329 276
329 290
329 397
330 66
330 83
330 401
331 67
331 148
331 198
331 200
331 274
331 368
332 2
332 93
332 100
332 146
332 487
333 10
333 149
336 35
336 65
336 84
336 160
336 332
336 377
337 6
337 18
338 32
338 132
338 320
340 2
340 76
340 269
341 1
341 18
341 64
341 164
342 128
342 142
342 312
342 404
344 1
344 65
345 24
345 74
346 55
346 135
346 150
346 297
347 96
347 280
348 59
348 275
348 307
348 337
349 224
351 20
351 130
352 1
352 264
352 274
352 304
352 388
353 19
353 111
354 38
354 44
354 149
355 98
356 21
356 44
356 320
356 330
357 2
357 22
357 41
357 80
357 257
357 268
358 35
358 262
358 400
358 404
359 304
360 90
360 136
360 171
360 256
361 0
361 32
361 449
362 76
362 122
363 39
363 124
363 417
364 16
364 120
364 122
364 400
365 65
365 257
365 263
368 36
368 37
368 203
368 256
368 295
369 8
369 295
369 330
370 72
370 136
370 320
371 278
372 25
372 90
372 355
373 64
373 144
373 263
374 276
374 298
375 136
375 234
376 192
376 257
376 264
378 325
379 492
380 2
380 165
381 217
381 399
384 0
384 2
384 10
384 137
384 176
384 213
384 256
384 272
384 289
384 291
384 402
385 20
385 44
385 64
385 154
385 285
386 107
386 136
386 473
387 140
388 0
388 128
388 276
388 296
389 12
389 52
389 134
389 363
390 64
390 126
390 162
390 412
391 12
391 20
391 34
391 235
391 347
392 33
392 64
393 35
394 12
395 2
395 258
395 402
396 0
396 66
396 91
396 288
396 306
396 365
397 192
397 224
399 36
400 42
400 64
400 144
400 301
401 34
401 35
401 130
401 144
401 302
402 53
402 256
402 257
402 264
403 48
404 0
404 32
404 331
404 388
406 71
406 208
406 460
408 32
408 124
409 74
410 4
410 7
410 8
410 36
411 141
411 385
411 461
412 49
413 20
413 132
414 192
415 43
415 158
416 9
416 36
416 59
416 256
416 379
416 384
417 1
417 129
417 176
417 386
418 1
418 66
418 88
418 275
419 132
419 160
419 184
419 217
420 2
420 4
420 36
420 450
421 29
422 2
422 33
422 169
422 354
422 424
424 66
424 72
424 130
424 226
424 238
425 138
425 224
426 20
426 65
427 169
427 197
427 277
428 90
428 321
428 384
429 0
429 35
430 0
430 178
431 41
432 29
432 116
432 177
432 257
432 382
433 14
433 422
433 492
434 111
434 260
434 301
435 293
436 322
437 12
438 261
440 132
440 462
441 192
441 307
442 385
444 40
444 51
446 12
446 154
448 118
448 274
448 318
449 1
449 10
449 84
449 141
449 162
449 432
450 19
450 50
450 228
452 3
452 10
452 198
453 258
454 74
454 112
455 128
457 128
458 390
459 0
460 80
460 141
461 226
461 330
462 52
463 243
464 60
464 125
464 128
464 176
464 450
465 28
465 44
465 66
465 294
466 0
466 64
467 0
467 452
468 75
468 83
469 8
471 322
474 165
474 177
474 434
475 357
475 384
475 413
480 37
480 121
480 126
481 82
482 139
482 294
484 24
484 29
484 128
485 24
485 34
485 261
485 448
487 0
487 266
487 268
488 114
488 128
488 361
489 170
492 50
492 138
492 204
493 5
493 49
493 328
496 176
496 384
496 387
497 61
499 392
501 372
502 198
504 96
504 142
506 2
507 94
508 160
508 476
509 30
509 128
511 24
