# Synthetic Kronecker Graph 
# Edges are directed 
0 0
0 2
0 4
0 16
0 35
0 39
0 40
0 67
0 84
0 101
0 105
0 130
0 164
0 178
0 181
0 230
0 231
0 240
0 247
0 257
0 266
0 272
0 337
0 386
0 409
0 416
0 443
0 520
0 528
0 540
0 544
0 549
0 580
0 655
0 746
0 774
0 781
0 831
0 872
0 921
0 964
1 4
1 128
1 152
1 194
1 352
1 382
1 512
1 519
1 544
1 556
1 642
1 651
1 700
1 703
1 794
1 1005
2 9
2 24
2 72
2 99
2 160
2 272
2 341
2 386
2 403
2 468
2 512
2 902
3 134
3 180
3 182
3 193
3 220
3 386
3 452
3 515
3 522
3 563
3 576
4 2
4 15
4 24
4 32
4 80
4 237
4 274
4 312
4 348
4 375
4 386
4 512
4 522
4 528
4 600
4 608
4 682
4 810
5 1
5 3
5 128
5 160
5 248
5 308
5 321
5 331
5 354
5 370
5 392
5 449
5 558
5 593
5 624
6 73
6 92
6 543
6 644
6 896
7 120
7 264
7 283
7 514
7 736
8 10
8 36
8 52
8 65
8 83
8 96
8 136
8 144
8 164
8 333
8 390
8 445
8 465
8 517
8 553
8 624
8 707
8 768
9 129
9 131
9 177
9 238
9 264
9 544
9 552
9 610
9 676
9 804
10 5
10 32
10 45
10 265
10 364
10 411
10 653
10 704
10 812
10 896
11 2
11 74
11 152
11 441
11 512
11 780
11 914
12 0
12 2
12 20
12 120
12 180
12 353
12 449
12 573
12 644
12 680
12 686
12 976
13 2
13 3
13 25
13 81
13 195
13 254
13 256
13 332
13 464
13 514
14 0
14 2
14 161
14 354
14 426
14 457
14 531
15 197
15 204
15 280
15 300
16 0
16 16
16 65
16 114
16 272
16 289
16 334
16 390
16 465
16 513
16 538
16 547
16 572
16 577
16 644
16 832
16 980
17 107
17 112
17 129
17 275
17 324
17 348
17 369
17 532
17 544
17 580
17 918
18 2
18 16
18 28
18 33
18 153
18 160
18 305
18 512
18 529
18 772
19 3
19 54
19 84
19 131
19 260
19 372
19 532
20 4
20 32
20 63
20 157
20 180
20 201
20 428
20 519
20 608
20 674
20 840
20 867
20 887
20 897
21 83
21 112
21 128
21 170
21 266
21 358
21 406
21 838
22 209
22 217
22 274
23 499
23 541
24 72
24 74
24 98
24 102
24 103
24 449
24 770
24 901
24 930
25 1
25 79
25 80
25 94
25 556
25 566
26 4
26 296
26 338
26 547
26 616
26 807
27 1
27 32
27 89
27 173
27 310
27 386
27 400
27 640
27 661
28 12
28 61
28 136
28 363
28 401
28 520
28 800
29 206
29 228
29 596
30 12
30 169
30 230
30 541
30 608
31 21
31 54
32 0
32 1
32 82
32 88
32 113
32 136
32 203
32 304
32 324
32 386
32 403
32 520
32 545
32 553
32 769
32 807
32 824
32 987
33 1
33 16
33 88
33 109
33 305
33 384
33 560
33 573
33 690
34 83
34 140
34 173
34 209
34 334
34 386
34 537
34 546
34 754
34 768
34 794
34 880
35 1
35 8
35 216
35 348
35 371
35 520
35 801
36 16
36 37
36 105
36 138
36 304
36 385
36 392
36 454
36 462
36 669
36 785
36 792
37 89
37 130
37 512
37 714
37 901
37 922
38 34
38 40
38 67
38 96
38 784
38 840
38 930
39 0
39 22
39 130
40 6
40 22
40 68
40 160
40 249
40 256
40 404
40 531
40 536
40 548
40 613
40 640
40 673
40 772
40 774
40 778
40 932
41 78
41 200
41 225
41 227
41 522
41 704
42 1
42 99
42 161
42 171
42 274
42 300
42 392
42 514
42 515
43 2
43 71
43 176
43 182
43 300
44 6
44 17
44 28
44 65
44 81
44 777
45 14
45 45
45 163
45 258
45 508
45 906
45 1004
46 24
46 234
46 256
46 704
46 866
48 0
48 73
48 76
48 168
48 489
48 512
48 561
48 768
48 964
49 2
49 73
49 103
49 130
49 161
49 297
49 512
50 33
50 34
50 96
50 257
50 269
50 288
50 300
50 528
50 593
50 910
51 265
51 528
51 536
51 880
51 900
52 1
52 4
52 7
52 12
52 329
52 578
52 856
53 34
53 35
53 325
53 368
53 387
53 854
54 16
54 25
54 36
54 50
54 248
54 256
54 386
54 697
54 832
54 912
55 240
55 388
55 655
55 994
56 80
56 91
56 103
56 171
56 223
56 261
56 450
56 708
56 942
57 0
57 4
57 16
57 84
57 161
57 201
57 210
57 712
58 136
58 146
58 568
58 587
58 609
59 214
59 548
59 597
60 10
60 135
60 152
60 321
60 520
60 569
60 915
60 921
60 923
61 128
61 386
61 517
62 14
62 197
62 653
63 584
64 1
64 6
64 7
64 8
64 9
64 18
64 20
64 26
64 34
64 52
64 69
64 73
64 100
64 104
64 356
64 416
64 452
64 481
64 947
65 52
65 65
65 130
65 136
65 187
65 334
65 344
65 385
65 524
65 612
65 946
66 3
66 36
66 207
66 226
66 330
66 404
66 540
66 656
66 665
66 848
66 906
67 40
67 160
67 240
67 304
67 330
67 360
67 524
67 567
68 6
68 8
68 266
68 274
68 385
68 452
68 512
68 514
68 576
68 584
68 646
68 752
68 781
68 816
68 836
68 874
69 2
69 34
69 48
69 113
69 115
69 132
69 221
69 260
69 320
70 34
70 39
70 141
70 258
70 280
70 749
70 793
70 947
71 162
71 224
71 552
71 557
72 66
72 134
72 322
72 521
72 549
72 555
72 556
72 576
73 0
73 90
73 449
73 513
73 657
73 704
74 24
74 196
74 276
74 289
74 387
74 554
74 562
74 564
74 833
75 22
75 241
75 288
75 546
75 896
76 3
76 8
76 18
76 140
76 200
76 526
76 840
77 40
77 41
77 152
77 260
77 264
78 64
78 656
79 24
79 64
79 85
79 640
79 838
80 4
80 10
80 40
80 52
80 129
80 256
80 266
80 330
80 401
80 417
80 518
80 640
80 663
80 681
81 81
81 145
81 270
81 345
81 357
81 452
81 800
81 960
82 40
82 72
82 289
82 564
82 625
82 661
82 968
83 257
83 520
84 256
84 405
84 532
84 792
85 810
85 991
86 613
87 20
87 786
88 0
88 574
88 737
89 17
89 22
89 92
89 144
89 261
89 262
89 333
89 598
89 991
90 52
90 491
90 704
90 769
90 840
91 232
92 68
92 81
92 101
92 132
93 522
93 546
95 102
95 800
96 3
96 117
96 177
96 255
96 375
96 389
96 392
96 550
96 580
96 603
96 613
97 0
97 116
97 257
97 337
97 390
97 1010
98 242
98 273
98 450
98 868
99 165
99 280
99 436
99 855
100 1
100 5
100 65
100 123
100 156
100 352
100 466
100 523
100 614
100 753
100 776
101 50
101 408
101 596
102 228
102 256
102 673
103 4
103 8
103 256
103 264
103 405
103 440
103 645
104 35
104 200
104 512
104 642
104 808
105 20
105 136
105 217
105 258
105 518
105 851
106 8
106 16
106 64
106 131
106 538
106 706
106 804
107 18
107 571
107 674
107 750
108 2
108 44
109 6
109 305
110 1
110 192
110 402
111 2
111 32
112 36
112 56
112 161
112 330
112 484
112 644
112 660
112 776
112 812
112 824
113 20
113 105
113 134
113 202
113 425
113 488
113 684
114 583
114 656
114 681
114 857
115 600
115 619
115 641
116 16
116 288
116 372
117 551
118 280
119 544
119 576
120 122
120 194
120 532
120 904
121 193
121 533
122 18
122 176
122 515
122 517
122 722
122 801
123 101
123 208
123 579
124 2
125 0
125 12
126 76
126 546
127 274
127 388
128 29
128 31
128 50
128 51
128 53
128 72
128 100
128 104
128 113
128 122
128 151
128 324
128 738
128 881
128 901
129 2
129 37
129 40
129 124
129 166
129 177
129 432
129 520
129 526
129 966
130 12
130 24
130 25
130 73
130 128
130 129
130 385
130 515
130 529
130 594
130 906
131 7
131 65
131 173
131 243
131 320
131 449
131 469
131 513
131 648
132 4
132 32
132 39
132 55
132 96
132 108
132 114
132 144
132 388
132 514
132 520
132 530
132 617
133 16
133 17
133 161
133 206
133 400
133 584
134 33
134 58
134 128
134 388
134 400
134 576
134 817
135 0
135 144
135 192
135 291
135 512
135 682
135 900
136 32
136 36
136 48
136 160
136 248
136 256
136 272
136 374
136 495
136 520
136 595
137 10
137 32
137 133
137 296
137 695
137 955
138 7
138 12
138 24
138 80
138 152
138 262
138 322
138 516
138 907
138 948
139 161
139 530
139 881
139 996
140 10
140 32
140 80
140 129
140 132
140 161
140 178
140 257
140 314
140 408
140 946
140 962
141 37
141 688
142 4
142 6
142 19
142 41
142 95
142 112
142 195
142 306
142 844
143 54
143 353
143 522
143 605
143 725
144 14
144 77
144 192
144 321
144 329
144 392
144 520
144 533
144 554
144 656
144 711
144 898
144 903
145 50
145 52
145 114
145 163
145 385
145 712
145 792
146 12
146 111
146 203
146 322
146 336
146 396
146 776
147 49
147 101
147 172
147 256
147 362
147 546
147 564
148 42
148 64
148 203
148 647
148 818
148 834
148 952
149 0
149 14
149 832
149 912
150 265
150 273
150 416
150 476
150 593
150 597
151 35
151 814
152 304
152 512
152 594
153 8
153 144
153 243
153 270
153 292
153 321
153 546
153 762
153 800
154 50
154 76
154 338
154 384
154 385
154 388
155 19
155 96
155 576
155 585
155 912
155 992
156 84
156 139
156 571
156 962
157 769
158 128
158 490
159 135
159 386
159 940
160 131
160 237
160 337
160 369
160 470
160 516
160 562
160 716
160 793
160 842
160 896
160 908
160 923
161 90
161 204
161 256
161 272
161 290
161 352
161 404
161 561
161 588
161 604
161 850
161 863
161 874
161 967
162 0
162 5
162 281
162 297
163 3
163 80
163 128
163 660
163 800
164 129
164 164
164 303
164 600
165 21
165 168
165 512
165 971
166 6
166 216
166 234
166 276
166 336
167 64
168 21
168 32
168 34
168 40
168 105
168 129
168 193
168 199
168 464
168 668
168 691
168 701
168 864
169 0
169 7
169 8
169 16
169 274
169 713
169 780
170 2
170 32
170 62
170 120
170 181
170 396
171 160
171 518
172 42
172 70
172 104
172 182
172 228
172 602
172 815
173 44
173 594
173 595
174 2
174 4
174 12
174 272
174 384
174 865
175 313
176 6
176 49
176 64
176 305
176 322
176 523
177 16
177 257
177 274
177 656
177 684
177 804
178 258
178 273
178 391
178 705
179 33
180 80
180 322
180 374
180 692
181 0
181 199
181 275
181 560
182 1
182 560
182 740
182 775
183 130
183 314
183 338
183 512
184 64
184 145
184 272
184 433
184 902
185 0
185 88
185 188
185 264
185 391
185 832
186 163
186 376
187 33
188 10
188 338
189 560
190 16
190 45
191 960
192 0
192 204
192 212
192 326
192 524
192 530
192 549
192 688
192 808
192 818
193 16
193 18
193 65
193 192
193 200
193 257
193 260
193 353
193 641
193 695
193 707
193 769
193 847
194 13
194 33
194 40
194 48
194 132
194 288
194 304
194 545
194 548
194 549
194 593
194 768
194 771
195 16
195 118
195 387
195 465
195 657
195 775
196 9
196 12
196 33
196 38
196 402
196 672
197 65
197 129
197 138
197 804
197 836
197 912
198 47
198 115
198 160
198 528
198 568
198 569
198 781
198 900
199 514
200 17
200 39
200 137
200 150
200 154
200 302
200 370
200 545
200 864
201 60
201 196
201 264
201 577
201 655
201 659
201 810
201 904
202 194
202 678
203 88
203 610
203 917
204 20
204 92
204 264
204 512
204 568
204 722
204 950
205 45
205 144
205 240
205 324
205 586
205 614
205 707
205 858
206 33
206 146
206 433
206 482
206 530
206 677
207 128
207 392
208 15
208 202
208 649
208 662
209 80
209 160
210 16
210 42
210 288
210 736
210 740
210 809
211 24
211 48
211 297
212 23
212 67
212 238
212 267
213 34
213 64
213 528
214 96
214 355
214 490
214 616
215 21
216 301
217 308
217 577
217 768
217 796
218 164
218 258
218 640
219 25
219 68
220 18
220 492
221 362
221 518
224 42
224 124
224 152
224 162
224 176
224 286
224 745
224 784
225 131
225 132
225 285
225 707
225 797
226 4
226 144
226 160
226 526
227 793
228 22
228 38
228 563
228 777
228 968
229 0
229 1
229 26
229 32
229 320
229 583
230 9
230 49
230 96
230 656
230 929
231 11
231 66
231 131
231 132
231 680
232 4
232 81
232 249
232 704
232 914
233 297
233 340
233 487
233 610
233 667
234 5
234 78
234 101
234 256
234 298
234 853
235 138
235 274
235 567
236 129
237 237
237 297
237 657
238 514
239 50
239 794
240 2
240 25
240 64
240 258
240 296
241 645
242 35
242 228
243 34
244 64
244 680
245 322
246 21
246 65
246 210
246 544
246 722
248 139
248 141
249 100
249 552
250 17
250 540
251 544
252 533
253 300
253 861
255 14
255 75
255 744
256 1
256 17
256 21
256 33
256 64
256 108
256 142
256 148
256 217
256 259
256 298
256 328
256 499
256 514
256 524
256 720
256 768
256 883
256 901
256 1013
257 50
257 130
257 385
257 402
257 660
257 846
258 0
258 45
258 52
258 83
258 172
258 273
258 296
258 331
258 577
258 701
258 809
258 944
259 300
259 353
259 632
260 10
260 75
260 78
260 361
260 368
260 400
260 518
260 533
260 557
260 561
260 564
260 566
260 603
260 801
260 917
261 8
261 58
261 278
261 520
261 865
262 8
262 18
262 184
262 190
262 514
262 538
262 602
262 770
263 68
263 102
263 320
263 528
263 713
263 850
264 1
264 9
264 16
264 168
264 184
264 280
264 389
264 448
264 513
264 520
264 555
264 660
264 707
264 920
265 22
265 68
265 132
265 297
265 405
265 516
265 834
266 143
266 154
266 196
266 356
266 417
266 523
266 640
266 688
267 128
267 212
267 286
267 960
267 964
268 130
268 136
268 295
268 339
268 580
268 784
268 788
268 801
269 14
269 64
269 67
269 182
269 184
269 192
269 288
269 354
269 424
269 769
270 42
270 472
270 794
270 976
271 348
271 768
271 801
272 4
272 64
272 78
272 280
272 385
272 516
272 528
272 549
272 612
272 807
273 8
273 20
273 43
273 260
273 308
273 317
273 612
274 2
274 161
274 162
274 256
274 341
274 478
274 531
274 674
275 178
275 317
275 338
275 545
275 580
275 633
275 782
276 177
276 258
276 628
277 16
277 74
277 104
277 156
277 233
277 272
277 448
277 512
277 812
277 858
278 396
279 13
279 73
279 516
279 902
280 64
280 139
280 257
280 608
280 816
280 912
281 0
281 11
281 69
281 153
281 195
281 361
282 20
282 256
282 412
282 928
282 958
283 19
283 515
283 964
284 0
284 17
284 103
284 130
284 164
284 228
284 620
285 0
285 89
285 169
286 106
286 822
287 15
288 1
288 20
288 24
288 36
288 37
288 84
288 168
288 256
288 269
288 333
288 385
288 402
288 448
288 535
288 600
288 698
288 796
288 826
289 39
289 259
289 542
290 0
290 12
290 75
290 96
290 144
290 282
290 552
290 601
290 672
290 681
291 35
292 0
292 116
292 132
292 341
292 628
292 643
292 779
292 802
293 8
293 128
293 194
293 202
293 256
293 322
293 401
293 538
293 702
294 8
294 513
294 632
294 672
295 260
296 132
296 208
296 224
296 498
296 504
296 521
296 659
296 723
296 778
296 793
296 845
297 69
297 176
297 261
297 424
297 788
298 272
298 657
299 16
299 210
300 222
300 373
300 784
300 796
300 897
301 16
301 264
301 532
302 274
303 532
303 798
304 15
304 417
305 22
305 147
305 190
305 375
305 384
305 616
305 744
306 1
306 39
306 79
306 93
306 217
306 269
306 404
307 86
307 100
307 165
308 32
308 160
308 214
308 260
308 450
308 560
308 570
309 724
310 17
310 525
310 645
311 72
312 218
312 267
312 497
313 264
313 752
313 771
314 524
315 104
316 69
316 145
316 163
317 169
317 417
317 674
318 54
318 588
320 2
320 20
320 57
320 68
320 131
320 140
320 338
320 390
320 417
320 440
320 460
320 530
320 532
320 592
320 768
320 842
321 23
321 64
321 132
321 136
321 155
321 197
321 242
321 392
321 624
321 700
321 912
322 66
322 96
322 124
322 257
322 289
322 456
322 528
322 672
322 972
323 140
323 227
323 320
323 326
323 358
323 386
323 771
324 65
324 138
324 202
324 345
324 536
324 544
324 582
324 660
324 705
325 1
325 14
325 32
325 70
325 133
325 134
325 296
325 595
325 675
325 928
326 12
326 166
326 236
326 256
326 542
327 213
327 333
327 768
327 909
328 6
328 136
328 236
328 261
328 506
328 608
328 697
328 960
329 44
329 66
329 273
329 646
330 192
330 384
330 544
330 578
330 657
331 53
331 68
331 619
331 642
331 647
331 876
332 44
332 586
332 651
333 264
333 370
333 514
333 868
334 192
334 261
334 316
335 116
335 226
335 513
335 660
336 15
336 33
336 44
336 394
336 417
336 501
336 512
336 513
336 529
336 557
336 664
337 32
337 54
337 82
337 295
337 426
337 448
338 86
338 332
339 12
339 32
339 163
339 350
340 15
340 258
340 520
340 561
340 710
341 284
341 608
342 34
342 84
343 34
344 217
344 258
344 290
344 327
344 832
344 853
345 71
346 32
346 97
346 102
346 109
346 115
346 320
347 10
347 37
347 152
348 546
348 551
349 8
349 27
349 546
350 24
350 48
350 67
350 78
350 240
352 98
352 418
352 812
353 61
353 584
353 736
353 966
354 1
354 3
354 52
354 198
354 529
354 535
354 650
355 36
355 520
355 680
355 844
356 316
356 784
357 5
357 207
358 167
358 593
359 576
359 748
360 16
360 531
360 710
361 120
361 368
361 385
362 56
363 344
363 504
364 521
365 96
365 256
368 53
368 128
368 545
369 258
370 16
370 129
370 196
370 382
371 159
371 197
372 0
372 329
372 392
373 516
373 666
374 45
374 653
375 25
375 80
376 40
376 197
376 455
376 515
376 552
376 903
377 44
377 65
377 197
377 405
377 690
378 0
379 91
380 0
380 611
382 236
383 173
384 128
384 140
384 328
384 398
384 416
384 524
384 534
384 736
385 28
385 169
385 361
385 426
385 516
385 552
385 670
385 677
385 680
385 702
386 2
386 64
386 120
386 204
386 261
386 296
386 359
386 390
386 533
386 644
387 6
387 354
387 356
387 368
388 52
388 165
388 322
388 640
388 641
388 804
388 956
389 171
389 400
389 453
389 576
390 84
390 265
390 529
390 545
390 576
390 660
390 814
391 32
392 74
392 192
392 211
392 320
392 407
392 494
392 768
392 899
393 328
393 385
393 404
393 800
394 176
394 272
394 610
394 698
395 551
396 33
396 128
396 604
396 706
397 32
397 532
398 41
398 130
398 557
400 1
400 7
400 19
400 20
400 267
400 330
400 385
400 403
400 529
400 686
400 688
401 13
401 352
402 151
402 353
402 778
403 64
403 534
403 548
403 640
403 955
404 2
404 37
404 85
404 372
404 720
405 741
406 602
408 137
408 418
408 553
408 608
410 1
410 390
410 415
410 644
410 832
411 2
411 132
412 4
412 12
412 65
412 263
412 396
412 415
412 417
413 56
413 192
413 704
413 872
414 10
414 116
414 128
414 423
414 506
415 266
415 808
416 2
416 19
416 24
416 208
416 258
416 392
416 522
416 531
417 256
417 258
417 416
418 20
418 517
419 2
419 513
419 572
419 717
420 32
420 384
420 836
420 936
421 25
421 76
421 672
422 256
422 624
422 849
424 9
424 13
424 106
424 386
424 391
424 545
425 820
426 448
426 652
426 690
427 27
427 78
427 135
427 208
427 550
428 4
428 145
428 174
428 257
428 260
429 96
429 150
429 517
429 536
429 665
429 850
430 457
431 37
432 0
432 4
432 32
432 587
433 17
433 36
433 42
433 98
433 352
437 181
437 202
438 4
438 532
440 7
440 16
440 161
440 552
440 596
441 274
442 96
443 202
444 36
444 564
445 656
446 80
446 520
447 67
448 10
448 75
448 264
448 416
448 427
448 459
448 517
448 556
449 13
449 244
449 386
449 578
449 669
450 4
450 34
450 113
450 256
450 270
450 392
450 552
450 589
450 901
451 65
451 320
451 518
451 743
452 48
452 84
452 160
452 206
453 5
453 72
453 154
453 832
454 130
454 193
454 520
454 726
455 289
455 310
455 538
456 152
456 210
456 289
456 320
456 521
457 144
457 320
457 413
457 800
457 836
458 20
458 272
458 586
459 36
459 128
459 291
459 328
460 3
460 306
460 704
461 17
461 56
461 226
462 2
462 184
462 264
462 400
463 330
464 532
464 616
465 65
465 256
465 1021
466 10
466 16
466 129
466 261
466 272
467 264
467 284
467 580
468 12
468 82
468 138
468 169
468 267
468 740
470 546
470 646
471 116
471 133
472 520
472 600
473 7
473 392
474 5
474 32
474 43
474 133
474 517
474 525
475 160
476 32
477 106
479 930
480 129
480 204
480 264
480 428
480 578
481 24
481 30
481 35
481 131
481 189
481 752
481 864
482 128
483 9
484 276
484 307
484 392
484 488
484 632
484 916
486 259
487 80
487 388
488 15
490 38
490 68
490 156
490 549
490 550
491 525
492 267
492 546
493 992
494 68
495 4
495 812
496 296
496 325
496 770
496 803
497 28
497 264
497 769
498 186
498 521
500 7
500 32
500 275
502 434
502 597
502 675
504 64
505 96
505 256
506 24
508 704
510 258
510 529
512 4
512 20
512 37
512 40
512 64
512 78
512 88
512 144
512 193
512 240
512 248
512 256
512 258
512 323
512 400
512 808
512 843
512 844
513 80
513 112
513 372
513 515
513 532
513 608
513 716
513 877
513 912
514 0
514 3
514 16
514 48
514 136
514 137
514 161
514 275
514 282
514 396
514 520
514 596
514 656
514 660
514 793
514 832
514 924
515 75
515 97
515 128
515 197
515 249
515 275
515 306
515 387
515 453
515 522
515 647
515 896
516 12
516 18
516 41
516 77
516 119
516 131
516 204
516 238
516 282
516 290
516 325
516 337
516 400
516 538
516 544
516 787
517 262
517 300
517 386
517 513
517 522
517 560
517 677
517 712
518 21
518 116
518 458
518 517
518 520
519 37
519 554
519 595
520 4
520 13
520 32
520 264
520 292
520 374
520 416
520 472
520 646
520 742
521 19
521 32
521 68
521 132
521 280
521 309
521 393
521 417
521 420
521 448
521 674
521 873
521 898
521 908
521 929
522 57
522 73
522 145
522 196
522 331
522 388
522 512
522 516
522 784
522 808
522 833
523 64
523 120
523 683
524 8
524 12
524 69
524 128
524 212
524 241
524 544
524 551
524 576
524 617
524 658
524 769
525 72
525 165
525 205
526 34
526 70
526 168
526 329
527 2
527 370
527 533
528 1
528 48
528 134
528 160
528 306
528 332
528 564
528 658
529 3
529 12
529 66
529 68
529 81
529 131
529 775
530 4
530 64
530 66
530 68
530 130
530 192
530 676
530 707
530 768
531 276
531 524
531 646
532 35
532 85
532 96
532 98
532 160
532 515
532 563
532 592
532 990
533 312
533 392
533 848
534 82
534 352
534 544
535 4
535 145
535 148
535 391
535 770
536 128
536 266
536 598
536 613
536 747
536 837
537 29
537 56
537 64
537 132
537 488
537 563
538 148
538 202
538 210
539 0
540 16
540 18
540 34
540 190
540 344
541 36
541 227
541 289
541 361
541 528
542 384
542 547
543 84
543 96
543 581
544 4
544 42
544 275
544 363
544 384
544 444
544 512
544 513
544 756
545 15
545 80
545 257
545 277
545 364
545 388
545 512
545 664
546 6
546 8
546 14
546 29
546 32
546 513
546 555
546 581
546 772
547 0
547 132
547 332
548 16
548 37
548 84
548 271
548 304
548 770
548 824
548 948
549 228
549 273
549 322
549 575
549 648
550 25
550 42
550 286
550 421
550 634
551 536
552 1
552 49
552 276
552 401
552 448
552 634
553 86
553 129
553 164
553 202
553 432
554 32
554 105
554 278
554 297
556 24
556 161
556 385
556 658
556 737
556 753
557 0
557 154
557 449
558 18
558 25
558 80
558 145
558 528
558 900
559 707
560 2
560 13
560 82
560 131
560 261
560 309
560 456
560 768
561 6
561 13
561 140
561 270
561 364
561 404
561 410
561 528
562 64
562 68
562 514
562 550
562 592
562 800
563 20
563 211
564 132
564 278
565 266
565 342
565 468
566 186
567 0
567 227
567 320
568 69
568 226
568 577
569 264
569 396
569 769
570 160
570 479
570 615
571 100
571 264
572 160
572 166
572 992
573 36
573 265
574 321
574 576
575 50
575 258
575 690
576 0
576 19
576 40
576 48
576 66
576 208
576 319
576 578
576 611
576 658
576 676
576 770
576 940
576 945
577 101
577 139
577 256
577 498
577 519
577 528
577 549
577 643
577 736
577 994
578 16
578 20
578 128
578 129
578 192
578 198
578 212
578 391
578 558
578 647
578 853
579 4
579 128
579 154
579 326
579 390
579 612
579 729
579 777
580 21
580 41
580 197
580 229
580 262
580 264
580 272
580 443
580 596
580 669
580 691
581 3
581 45
581 160
581 660
582 0
582 208
582 340
582 512
582 709
583 20
583 65
583 162
583 518
583 563
583 564
584 0
584 32
584 96
584 144
584 274
584 387
584 636
584 770
584 801
584 951
585 4
585 96
585 360
585 434
585 580
585 804
586 696
586 804
587 928
588 265
588 277
588 402
588 685
588 705
588 716
588 769
589 20
589 218
589 288
589 419
589 523
589 576
589 890
590 963
591 652
591 826
592 80
592 144
592 225
592 264
592 409
592 464
592 528
592 658
592 772
592 964
593 35
593 41
593 130
593 144
593 164
593 256
593 259
593 297
593 322
593 333
593 681
593 784
593 823
593 899
594 73
594 136
594 368
594 522
594 594
595 1
595 282
595 352
595 376
596 8
596 68
596 116
596 279
596 324
596 516
596 600
597 34
597 73
599 371
599 640
600 6
600 37
600 291
600 530
600 624
600 722
601 467
602 8
602 85
602 306
602 384
603 1
603 96
603 673
604 13
605 208
605 209
605 309
606 99
606 164
606 187
606 370
606 816
606 914
607 1
608 20
608 36
608 49
608 54
608 75
608 199
608 635
608 800
609 515
609 641
609 689
609 711
610 146
610 548
611 144
611 257
611 264
611 816
612 29
612 64
612 285
612 805
612 976
613 548
614 268
614 276
614 280
614 796
614 905
615 51
615 781
616 0
616 293
616 513
616 517
616 606
617 132
617 154
617 306
617 521
617 564
617 901
618 138
618 290
618 912
619 588
619 684
619 720
620 641
621 605
622 49
623 289
624 149
624 584
624 928
625 212
625 849
626 48
626 64
626 128
626 517
626 552
626 748
627 64
627 80
627 342
627 432
628 107
628 451
629 12
629 152
629 659
631 4
631 512
631 952
632 0
632 8
632 97
632 112
632 138
632 141
632 317
633 336
633 664
634 400
635 391
636 16
636 20
636 519
636 540
636 586
637 896
638 101
638 724
639 198
640 16
640 20
640 33
640 68
640 152
640 282
640 380
640 534
640 556
640 608
640 680
640 706
640 856
640 989
641 24
641 234
641 256
641 386
641 414
641 536
642 29
642 68
642 98
642 104
642 204
642 384
642 448
642 450
642 578
642 586
642 643
642 686
643 64
643 120
643 148
643 263
643 288
643 333
643 624
644 262
644 280
644 650
645 0
645 92
645 136
645 143
645 260
645 380
645 494
645 501
646 5
646 65
646 156
646 533
646 850
647 44
647 194
647 712
648 7
648 214
648 239
648 273
648 391
648 449
648 925
649 59
649 250
649 304
649 406
649 576
649 587
650 97
650 327
650 747
651 145
651 289
652 16
652 80
652 105
652 190
652 368
653 7
653 156
653 265
655 368
656 18
656 65
656 90
656 128
656 129
656 152
656 169
656 174
656 544
657 0
657 6
657 66
657 72
657 90
657 136
657 256
657 368
657 552
657 553
658 708
659 16
659 59
659 518
659 612
659 768
660 37
660 262
660 356
660 489
660 528
660 642
660 660
660 693
660 774
661 194
661 296
661 328
662 23
662 60
662 416
662 514
662 649
662 769
663 279
663 516
664 170
664 588
664 833
664 862
665 44
665 614
666 53
666 275
666 352
666 524
667 13
667 120
667 500
667 801
668 130
668 272
668 337
668 470
668 538
668 793
669 771
670 4
670 522
670 857
670 925
671 468
672 41
672 72
672 77
672 136
672 196
672 201
672 778
672 992
673 25
673 332
673 579
673 775
673 796
674 21
674 112
674 150
674 256
674 705
676 138
676 359
676 536
677 210
677 384
678 264
678 373
678 713
679 66
679 528
680 128
680 136
680 217
680 365
680 641
680 966
681 833
682 120
682 240
683 82
683 143
684 14
684 26
684 152
684 538
684 554
685 75
685 265
685 733
686 0
686 120
686 167
686 176
686 591
686 593
686 598
687 200
687 537
687 576
688 218
688 326
688 554
688 592
688 601
688 650
688 937
689 232
689 465
689 823
689 845
690 75
690 450
690 554
690 910
692 216
692 324
692 656
692 864
693 40
693 69
693 456
694 7
696 47
696 192
696 393
698 160
698 336
699 384
700 1
700 256
700 326
700 516
700 772
701 273
702 581
704 132
704 560
704 625
704 665
704 722
704 800
705 542
705 699
705 774
706 51
706 148
706 186
706 257
706 325
706 386
706 625
707 436
708 39
708 136
708 256
708 291
708 581
708 670
708 695
709 100
709 288
709 310
710 1
710 73
710 164
710 216
710 528
711 28
711 564
712 2
712 8
712 32
712 76
712 340
712 583
712 656
712 756
713 1
713 817
714 7
714 30
714 774
714 788
714 922
715 692
716 33
716 305
716 329
716 423
717 71
717 593
718 377
718 520
718 853
720 530
720 624
721 326
721 546
722 229
722 357
722 552
722 736
723 139
723 290
723 640
724 65
724 145
725 92
726 77
726 580
726 764
728 2
728 161
728 257
728 293
728 596
729 56
729 404
730 129
730 304
732 16
732 523
735 778
736 71
736 110
736 402
736 640
736 773
737 84
737 288
737 361
737 819
738 105
738 640
738 891
739 34
740 2
740 135
740 676
744 13
744 58
744 430
744 896
745 61
745 76
745 262
745 558
746 526
747 0
747 146
748 586
749 162
749 288
750 24
752 21
753 0
753 1
753 200
753 533
753 849
754 0
754 40
755 32
755 814
755 874
756 104
759 28
759 58
760 354
762 176
764 272
764 516
764 525
765 116
765 210
766 386
768 8
768 9
768 32
768 204
768 270
768 335
768 436
768 673
768 940
769 1
769 8
769 19
769 145
769 256
769 640
769 716
769 904
770 9
770 10
770 97
770 419
770 446
770 657
770 852
770 884
771 2
771 12
771 33
771 322
771 385
772 0
772 15
772 64
772 100
772 207
772 258
772 330
772 370
772 392
772 592
772 929
773 5
773 16
773 26
773 32
773 217
773 455
773 716
773 768
773 976
774 728
775 113
775 211
775 373
775 523
775 530
775 549
775 815
776 5
776 76
776 130
776 140
776 260
776 310
776 314
776 420
776 450
776 591
776 912
777 3
777 17
777 261
777 280
777 482
778 133
778 180
778 512
779 430
780 74
780 130
780 193
781 6
781 89
781 518
781 551
781 582
781 630
782 66
782 114
782 258
782 570
782 657
782 856
782 866
783 778
784 37
784 45
784 136
784 201
784 289
784 360
784 600
784 745
784 800
784 829
784 833
785 100
786 2
786 76
786 104
786 257
786 712
786 737
787 72
787 516
787 537
788 668
788 935
788 964
789 8
789 578
790 34
790 513
790 791
791 343
791 514
791 536
791 612
792 71
792 134
792 320
792 386
792 396
794 13
794 205
794 224
794 305
795 83
795 84
795 338
795 719
796 34
796 130
796 518
796 547
797 44
797 156
798 8
798 9
798 561
799 49
799 276
799 392
799 432
800 4
800 9
800 10
800 90
800 158
800 256
800 257
800 534
800 552
800 681
800 722
800 786
801 128
801 345
801 518
801 796
802 128
802 200
802 264
802 417
802 565
803 120
803 262
803 296
803 896
804 323
804 385
804 585
804 744
806 401
806 851
807 794
808 0
808 130
808 323
809 53
809 74
809 302
810 157
811 19
811 388
812 1
812 73
812 770
813 115
814 592
815 641
816 0
816 2
816 64
816 144
816 337
816 864
816 901
816 945
817 520
817 521
817 832
818 156
819 18
819 69
819 98
819 578
819 621
820 16
820 270
821 160
821 580
822 808
823 561
824 0
824 87
824 218
824 256
824 566
824 578
824 672
824 776
826 44
826 331
826 545
827 117
828 128
828 256
828 617
831 64
832 16
832 41
832 97
832 154
832 584
833 16
833 147
833 216
833 268
833 673
833 777
834 0
834 525
834 537
834 948
835 15
835 46
835 272
835 304
836 2
836 10
836 289
836 562
836 876
837 146
837 963
838 16
838 25
838 101
838 203
839 198
840 144
840 149
840 208
840 652
840 913
842 12
842 105
842 168
842 544
842 772
843 76
843 412
844 74
844 140
844 202
844 400
846 128
846 152
846 194
846 240
847 56
848 10
848 12
848 16
848 158
848 676
849 37
849 100
849 116
850 164
850 291
850 324
850 536
851 106
852 10
852 40
852 265
852 535
853 292
854 549
855 98
855 261
856 2
856 8
856 769
857 418
857 564
858 289
859 136
860 248
863 98
864 4
864 9
864 268
864 272
864 281
864 855
864 905
865 28
865 262
865 321
865 696
866 5
866 12
866 99
866 100
866 327
866 480
867 8
867 381
868 13
868 16
869 60
869 384
869 1008
871 537
872 553
873 136
873 591
873 643
874 854
875 257
876 512
877 596
877 928
878 480
879 432
880 44
880 112
880 388
880 898
881 137
883 249
883 266
883 320
884 20
884 32
887 4
888 3
888 17
888 541
888 641
888 805
889 386
889 968
890 45
890 570
890 737
891 897
892 512
893 270
893 530
896 9
896 10
896 29
896 61
896 330
896 490
896 774
897 8
897 72
897 272
898 5
898 12
898 16
898 327
898 498
898 556
898 900
899 9
899 259
899 784
899 864
900 0
900 58
900 139
900 428
900 563
900 875
901 12
901 88
901 918
902 32
902 299
902 808
902 896
903 452
904 8
904 128
904 516
904 528
904 532
904 807
905 257
905 258
905 269
905 992
906 13
907 316
907 864
908 548
909 605
910 544
910 641
912 46
912 50
912 51
912 129
912 244
912 470
912 672
913 18
913 134
913 646
914 568
916 17
916 44
916 548
917 525
917 528
917 788
918 72
918 122
918 148
918 225
919 67
919 116
920 368
920 768
921 393
922 526
923 76
923 372
923 962
924 41
924 322
924 326
925 24
925 64
925 921
927 545
928 5
928 400
930 2
930 34
930 157
930 265
930 706
932 720
933 192
933 394
933 514
934 86
934 137
935 595
935 802
936 258
937 128
937 218
937 374
937 627
940 434
940 805
941 122
941 904
942 274
944 776
945 208
945 681
945 709
946 260
947 19
947 77
947 290
949 132
949 320
950 928
951 896
952 57
952 772
953 3
953 8
954 49
954 205
954 441
955 478
956 6
956 142
958 1
958 65
958 736
959 66
960 74
960 97
960 140
960 514
960 524
960 538
961 3
961 9
961 143
961 532
961 668
962 35
962 129
962 514
962 648
962 872
963 131
963 653
964 263
964 384
964 708
965 46
965 982
966 930
967 32
967 112
967 116
968 0
968 4
968 208
968 458
968 512
968 556
968 672
969 219
969 292
969 556
969 561
970 71
972 33
972 354
972 401
972 852
973 135
976 136
976 675
976 872
977 194
978 27
978 56
978 73
978 514
979 144
980 88
980 298
981 364
981 372
981 608
983 2
983 516
983 545
984 32
984 65
986 560
987 64
987 262
987 362
987 960
988 835
989 265
990 588
992 32
992 384
993 43
993 777
993 810
994 212
994 258
994 581
995 160
995 642
998 292
1000 8
1000 100
1000 714
1001 258
1004 8
1006 513
1008 512
1009 20
1010 616
1012 78
1014 160
1014 288
1016 9
1016 16
1017 186
1017 371
1018 60
1018 576
1020 256
1021 0
