# Synthetic Kronecker Graph 
# Edges are directed 
0 8
0 15
0 34
0 36
0 104
0 136
0 163
0 195
0 252
0 269
0 325
0 392
0 515
0 568
0 681
0 800
0 838
0 877
0 1025
0 1026
0 1027
0 1057
0 1168
0 1188
0 1280
0 1308
0 1405
0 1408
0 1414
0 1485
0 1548
0 1595
0 1617
0 1680
0 1686
0 1735
0 1865
0 1957
1 33
1 57
1 116
1 136
1 144
1 158
1 168
1 288
1 336
1 410
1 416
1 480
1 552
1 638
1 716
1 770
1 782
1 808
1 819
1 955
1 1022
1 1027
1 1030
1 1088
1 1122
1 1288
1 1334
1 1361
1 1540
1 1589
1 1680
1 1696
1 1865
1 1985
2 10
2 42
2 132
2 137
2 233
2 309
2 446
2 449
2 516
2 576
2 620
2 659
2 768
2 1035
2 1237
2 1290
2 1458
2 1696
2 1706
2 1768
2 1801
2 1803
3 2
3 21
3 26
3 72
3 117
3 129
3 317
3 332
3 388
3 400
3 418
3 419
3 513
3 607
3 736
3 794
3 1044
3 1088
3 1613
3 1709
3 1792
4 5
4 14
4 21
4 34
4 68
4 102
4 160
4 178
4 212
4 240
4 298
4 303
4 335
4 355
4 379
4 392
4 400
4 477
4 516
4 537
4 657
4 666
4 689
4 792
4 1035
4 1224
4 1280
4 1489
4 1696
4 1704
5 0
5 1
5 11
5 33
5 72
5 99
5 136
5 288
5 681
5 874
5 1090
5 1152
5 1156
5 1184
5 1539
5 1587
5 1699
6 8
6 69
6 131
6 176
6 177
6 296
6 604
6 672
6 730
6 896
6 1168
6 1304
6 1332
6 1537
6 1643
6 1682
6 1956
7 0
7 1
7 3
7 105
7 193
7 256
7 258
7 547
7 692
7 769
7 1056
7 1324
7 1329
8 6
8 7
8 80
8 128
8 144
8 196
8 274
8 290
8 443
8 506
8 529
8 553
8 613
8 642
8 896
8 898
8 1025
8 1030
8 1060
8 1080
8 1160
8 1164
8 1216
8 1320
8 1543
8 1544
8 1673
9 3
9 19
9 22
9 128
9 272
9 369
9 454
9 464
9 528
9 586
9 617
9 1128
9 1228
9 1537
9 1609
9 1792
10 1
10 49
10 64
10 76
10 162
10 184
10 201
10 240
10 426
10 649
10 692
10 844
10 1080
10 1094
10 1140
10 1161
10 1334
10 1578
10 1688
11 7
11 132
11 236
11 294
11 392
11 783
11 1051
11 1456
11 1678
12 16
12 17
12 20
12 35
12 41
12 65
12 66
12 150
12 200
12 204
12 408
12 580
12 585
12 649
12 905
12 1043
12 1049
12 1139
12 1217
12 1708
13 16
13 54
13 76
13 416
13 1305
13 1496
13 1538
13 1680
13 1792
14 112
14 152
14 188
14 189
14 232
14 627
14 736
14 829
14 1030
14 1136
14 1153
14 1874
15 130
15 167
15 708
15 965
15 1095
15 1169
15 1440
16 7
16 17
16 66
16 173
16 257
16 260
16 384
16 391
16 476
16 556
16 961
16 1024
16 1160
16 1200
16 1220
16 1324
16 1792
16 1857
17 23
17 32
17 72
17 129
17 263
17 413
17 430
17 521
17 646
17 768
17 1024
17 1032
17 1035
17 1042
17 1059
17 1128
17 1153
17 1433
17 1552
17 1571
17 1753
17 1798
17 1888
18 53
18 193
18 200
18 256
18 260
18 269
18 534
18 641
18 777
18 885
18 898
18 1078
18 1568
18 1769
19 15
19 260
19 518
19 784
19 804
19 1120
19 1572
19 1900
20 1
20 49
20 76
20 267
20 280
20 341
20 352
20 417
20 465
20 517
20 1040
20 1054
20 1072
20 1089
20 1113
20 1158
20 1382
20 1505
20 1664
20 1818
20 1896
21 21
21 30
21 69
21 256
21 568
21 840
21 1154
22 72
22 200
22 445
22 497
22 576
22 586
22 770
22 1428
22 1715
23 65
23 139
23 359
23 804
23 837
23 1092
23 1280
23 1284
23 1800
24 0
24 64
24 133
24 144
24 177
24 462
24 539
24 550
24 678
24 768
24 776
24 800
24 1013
24 1185
24 1289
24 1419
24 1541
24 1568
24 1816
24 1825
25 8
25 161
25 388
25 444
25 820
25 1032
25 1166
25 1349
25 1698
26 112
26 148
26 192
26 324
26 544
26 625
26 778
26 1345
27 133
27 179
27 474
27 818
27 832
27 1025
27 1144
28 8
28 114
28 328
28 465
28 517
28 577
28 688
28 862
28 1234
28 1297
28 1312
28 1484
28 1634
29 144
29 168
29 232
29 810
29 1284
29 1325
29 1676
30 1
30 64
30 344
30 529
30 612
30 742
31 6
31 323
31 1026
31 1126
31 1315
31 1378
31 1472
32 13
32 106
32 133
32 144
32 145
32 400
32 405
32 560
32 586
32 597
32 725
32 828
32 877
32 905
32 930
32 1106
32 1128
32 1146
32 1233
32 1246
32 1257
32 1344
32 1384
32 1409
32 1848
33 2
33 128
33 273
33 612
33 673
33 740
33 1539
33 1670
34 298
34 517
34 524
34 577
34 704
34 708
34 768
34 808
34 920
34 934
34 1033
34 1050
34 1248
34 1352
34 1916
35 20
35 64
35 117
35 168
35 213
35 331
35 361
35 554
35 673
35 788
35 1184
35 1289
35 1421
35 1556
36 12
36 24
36 368
36 415
36 540
36 640
36 785
36 913
36 1030
36 1064
36 1305
36 1308
36 1579
36 1716
36 1741
36 1979
37 228
37 260
37 561
37 880
37 1030
37 1441
38 2
38 45
38 201
38 402
38 474
38 513
38 1074
38 1163
38 1184
38 1309
38 1349
39 2
39 115
39 384
39 483
39 508
39 552
39 1048
39 1286
40 18
40 64
40 68
40 83
40 97
40 99
40 177
40 263
40 265
40 388
40 456
40 516
40 517
40 532
40 746
40 789
40 818
40 1040
40 1222
40 1472
40 1736
40 1856
41 36
41 80
41 85
41 120
41 128
41 134
41 211
41 257
41 586
41 900
41 942
41 1026
41 1929
42 37
42 260
42 340
42 416
42 585
42 666
42 1156
42 1202
42 1223
42 1266
42 1578
42 1656
42 1728
42 1824
43 0
43 184
43 517
43 706
43 757
43 792
43 819
43 1155
43 1284
43 1545
44 68
44 72
44 241
44 293
44 368
44 465
44 514
44 617
44 983
44 1041
44 1052
44 1157
44 1348
45 1101
45 1216
45 1324
46 40
46 151
46 281
46 286
46 1552
46 1636
46 1858
47 2
47 135
47 457
47 545
48 17
48 29
48 38
48 62
48 200
48 534
48 556
48 614
48 704
48 897
48 1024
48 1139
48 1251
48 1510
48 1538
48 1611
48 1858
48 1920
49 132
49 242
49 353
49 357
49 912
49 1096
49 1281
49 1302
49 1794
50 4
50 76
50 98
50 115
50 330
50 568
50 593
50 1107
50 1116
50 1173
50 1228
50 1881
51 72
51 300
51 652
51 1216
51 1281
51 1282
51 1309
51 1554
51 1568
52 78
52 128
52 249
52 257
52 623
52 705
52 786
52 1105
52 1940
53 8
53 576
53 1042
53 1070
53 1410
54 147
54 806
54 870
54 940
54 1604
55 132
55 162
55 256
55 1159
55 1550
56 1
56 72
56 80
56 96
56 128
56 272
56 544
56 665
56 674
56 709
56 820
56 996
56 1511
57 1
57 24
57 291
57 316
57 516
57 1264
58 160
59 138
59 812
59 1356
60 137
60 1072
60 1422
60 1538
60 1553
60 1985
61 16
61 36
61 264
61 360
61 722
61 753
61 1091
62 968
62 1280
62 1728
62 1811
63 488
63 1676
64 5
64 16
64 20
64 81
64 128
64 177
64 181
64 320
64 467
64 562
64 577
64 818
64 917
64 1037
64 1160
64 1168
64 1172
64 1184
64 1200
64 1216
64 1221
64 1600
64 1644
64 1708
64 1728
64 1796
65 2
65 6
65 32
65 34
65 68
65 118
65 537
65 580
65 581
65 686
65 780
65 794
65 835
65 1027
65 1184
65 1186
65 1237
65 1336
65 1548
65 1561
65 1621
65 1792
65 1841
66 4
66 10
66 36
66 48
66 64
66 311
66 545
66 918
66 1052
66 1058
66 1189
66 1193
66 1282
66 1541
66 1601
67 6
67 96
67 540
67 1609
67 1680
67 1860
68 10
68 12
68 33
68 64
68 128
68 256
68 288
68 294
68 364
68 788
68 1045
68 1242
68 1307
68 1444
68 1452
68 1545
69 84
69 130
69 160
69 405
69 512
69 870
69 1038
69 1596
69 1705
69 1858
70 18
70 33
70 34
70 225
70 229
70 528
70 599
70 642
70 774
70 1088
70 1106
70 1217
70 1724
71 12
71 33
71 96
71 166
71 169
71 225
71 260
71 1056
71 1476
71 1537
72 136
72 144
72 160
72 449
72 551
72 898
72 1024
72 1032
72 1155
72 1313
72 1569
72 1802
73 0
73 17
73 80
73 156
73 248
73 332
73 512
73 547
73 1026
73 1427
74 145
74 193
74 400
74 423
74 480
74 1106
74 1124
74 1249
74 1284
75 386
75 428
75 577
75 1556
76 9
76 17
76 64
76 128
76 838
76 1324
76 1634
76 1725
77 290
77 424
77 566
77 960
77 1049
77 1465
77 1493
77 1628
78 25
78 209
78 320
78 1540
79 96
79 292
79 580
79 640
79 652
79 721
79 810
79 1041
79 1281
79 1544
80 4
80 7
80 13
80 50
80 101
80 110
80 256
80 364
80 516
80 771
80 822
80 1670
80 1796
81 48
81 68
81 522
81 527
81 608
81 841
81 1030
81 1045
81 1572
82 11
82 68
82 82
82 261
82 336
82 392
82 512
82 1115
82 1442
82 1584
83 130
84 13
84 51
84 650
84 1093
84 1318
84 1421
84 1666
85 65
85 712
86 97
86 388
86 514
86 527
86 1223
86 1537
87 6
87 32
87 65
87 196
87 1058
87 1549
88 42
88 64
88 97
88 257
88 269
88 314
88 519
88 1091
88 1663
88 1664
88 1696
88 1834
89 5
89 38
89 134
89 350
89 408
89 2028
90 5
90 64
90 276
90 1952
91 0
91 197
91 230
91 579
91 1197
91 1928
92 13
92 276
92 387
92 396
92 1408
92 1542
92 1694
92 1960
93 640
93 707
93 1721
94 1
94 59
94 226
94 298
95 323
96 10
96 268
96 273
96 753
96 832
96 1040
96 1074
97 179
97 518
97 577
97 630
97 1025
98 132
98 138
98 312
98 393
98 760
98 1220
98 1265
99 384
99 1104
99 1542
99 1599
100 19
100 64
100 160
100 257
100 322
100 449
100 616
100 844
100 1026
100 1060
100 1248
100 1290
100 1330
100 1409
100 1710
100 1746
101 20
101 24
101 187
101 219
101 714
101 1044
101 1154
102 464
102 522
102 802
102 1257
103 17
103 310
103 529
103 1064
103 1186
104 8
104 50
104 56
104 57
104 100
104 130
104 292
104 362
104 601
104 612
104 662
104 790
104 1488
104 1984
105 19
105 258
105 270
105 828
105 1284
105 1288
105 1499
106 2
106 257
106 520
106 588
106 1289
107 35
107 150
107 912
107 1322
107 1718
107 2029
108 169
108 418
108 550
108 1054
108 1824
109 0
109 344
109 536
109 584
109 1166
110 741
110 841
110 1657
111 1024
111 1736
112 26
112 65
112 97
112 178
112 266
112 517
112 724
112 725
112 805
112 869
112 903
112 1026
112 1313
112 1671
113 3
113 448
113 513
113 672
113 1394
113 1568
113 1831
114 52
114 89
114 265
114 392
114 490
114 772
114 1794
115 6
115 53
115 79
115 641
115 774
115 859
115 1618
115 1826
116 476
116 518
116 546
116 640
116 1173
116 1476
116 1937
117 74
117 170
117 870
117 998
117 1044
117 1417
118 768
118 1090
118 1448
118 1808
119 4
120 132
120 626
120 1024
120 1204
120 2021
121 552
121 721
122 87
122 582
122 756
122 1292
122 1764
123 1032
123 1319
124 129
124 144
124 547
124 642
124 1033
125 386
125 1793
126 145
126 802
126 1060
126 1572
128 30
128 32
128 48
128 66
128 80
128 137
128 193
128 256
128 288
128 320
128 558
128 575
128 584
128 616
128 720
128 800
128 1026
128 1035
128 1201
128 1328
128 1330
128 1385
128 1571
128 1660
128 1826
129 21
129 117
129 126
129 259
129 352
129 608
129 640
129 721
129 774
129 837
129 940
129 1059
129 1157
129 1238
129 1262
129 1540
129 1801
129 2000
130 0
130 37
130 48
130 164
130 289
130 666
130 724
130 804
130 1553
130 1676
130 1834
131 36
131 42
131 52
131 98
131 141
131 194
131 259
131 274
131 288
131 514
131 544
131 650
131 1185
131 1696
131 1709
131 1748
132 23
132 32
132 36
132 38
132 145
132 208
132 276
132 361
132 425
132 564
132 640
132 657
132 692
132 1026
132 1165
132 1293
132 1540
132 1792
132 1800
133 257
133 297
133 370
133 480
133 533
133 545
133 550
133 805
133 1028
133 1058
133 1096
133 1154
133 1186
133 1187
133 1986
133 2036
134 6
134 30
134 47
134 60
134 69
134 92
134 225
134 672
134 771
134 833
134 1046
134 1157
134 1555
134 1829
134 1832
135 40
135 91
135 320
135 456
135 625
135 778
136 32
136 68
136 128
136 133
136 256
136 517
136 546
136 617
136 1000
136 1030
136 1314
136 1317
136 1355
136 1600
137 12
137 139
137 202
137 314
137 365
137 456
137 617
137 717
137 776
137 1861
138 4
138 6
138 82
138 179
138 256
138 419
138 517
138 523
138 553
138 790
138 820
138 837
138 1024
138 1034
138 1104
138 1253
138 1648
138 1665
139 26
139 82
139 101
139 185
139 233
139 320
139 388
139 494
139 770
139 836
139 876
139 1056
139 1156
139 1304
140 3
140 77
140 532
140 556
140 1049
140 1280
140 1674
141 35
141 135
141 225
141 1153
142 256
142 286
142 326
142 348
142 489
142 552
142 1045
142 1098
142 1120
142 1352
142 1688
143 32
143 198
143 304
143 1052
144 9
144 20
144 99
144 153
144 270
144 562
144 1043
144 1097
144 1312
144 1314
144 1349
144 1383
144 1920
145 20
145 48
145 194
145 288
145 444
145 757
145 796
145 1053
145 1444
145 1673
146 24
146 246
146 267
146 626
146 852
146 1199
146 1229
146 1736
146 1809
147 296
147 505
147 785
147 1200
147 1872
148 17
148 77
148 131
148 233
148 714
148 900
148 1140
148 1304
148 1664
148 1678
148 1874
149 8
149 64
149 67
149 336
149 471
149 514
149 920
149 1666
149 1856
150 72
150 1549
151 256
151 353
151 1209
151 1353
151 1539
152 1
152 16
152 262
152 467
152 544
152 661
152 810
152 1024
152 1034
152 1189
152 1232
152 1537
152 1554
152 1572
153 112
153 398
153 1032
153 1952
154 18
154 78
154 196
154 434
154 526
154 546
154 726
154 1121
155 4
155 16
155 64
155 528
155 1345
156 20
156 65
156 68
156 205
156 916
156 1107
157 1024
157 1025
157 1408
158 449
158 840
158 928
158 1862
160 16
160 40
160 276
160 418
160 514
160 618
160 717
160 782
160 1037
160 1064
160 1170
160 1230
160 1422
160 1924
161 2
161 105
161 176
161 298
161 483
161 522
161 1036
161 1113
161 1290
161 1729
161 1738
162 9
162 40
162 64
162 78
162 83
162 177
162 272
162 503
162 522
162 544
162 1153
162 1245
162 1310
162 1346
162 1352
162 1894
162 1918
163 7
163 1221
163 1675
164 144
164 171
164 258
164 350
164 768
164 1027
164 1028
164 1316
165 22
165 160
165 164
165 480
165 552
165 844
165 900
165 1060
165 1314
166 520
166 549
166 1135
166 1241
167 101
167 1170
167 1550
167 1602
168 19
168 32
168 48
168 700
168 772
168 1030
168 1042
168 1731
168 1734
169 301
169 420
169 612
169 665
169 794
169 1073
170 260
170 645
170 715
170 768
170 784
170 1032
170 1609
171 10
171 384
171 564
171 1048
171 1571
172 392
172 407
172 1264
172 1802
173 124
173 407
173 1502
173 1827
174 0
174 10
174 76
174 673
174 1024
175 1
175 580
175 778
175 1540
176 177
176 257
176 296
176 662
176 855
176 898
176 1057
177 2
177 48
177 88
177 547
177 550
177 736
177 1093
177 1161
177 1312
177 1314
177 1720
177 1754
178 1087
178 1203
178 1280
178 1340
179 136
179 1288
179 1901
180 306
180 1048
180 1323
180 1640
181 32
181 288
181 1120
181 1827
182 41
182 59
182 820
182 1079
182 1164
182 1218
183 1050
183 1692
183 1756
184 9
184 198
184 585
184 1195
184 1572
184 1616
185 324
185 1184
185 1192
185 1287
185 1290
186 156
186 280
186 408
186 1145
186 1157
186 1232
186 1601
186 1636
187 49
187 144
187 833
188 2
188 8
188 12
188 32
188 673
188 1072
188 1164
188 1310
188 1576
188 1779
190 834
190 1280
190 1426
191 176
191 464
191 724
192 12
192 44
192 74
192 76
192 128
192 256
192 514
192 551
192 625
192 647
192 780
192 1040
192 1126
192 1190
192 1240
192 1552
192 1969
193 33
193 161
193 168
193 224
193 312
193 542
193 896
193 930
193 1029
193 1059
193 1682
193 1722
193 1924
194 19
194 192
194 408
194 696
194 1088
194 1122
194 1296
194 1762
195 72
195 155
195 373
195 522
195 618
195 1026
195 1329
195 1416
195 1425
195 1536
195 1613
195 1637
196 0
196 12
196 230
196 1152
196 1312
197 81
197 192
197 194
197 281
197 544
197 1055
197 1320
197 1475
197 1508
198 4
198 16
198 48
198 544
198 1092
198 1282
199 648
199 660
199 947
199 1025
199 1153
200 3
200 198
200 515
200 526
200 642
200 724
200 1303
200 1536
200 1681
201 49
201 96
201 214
201 359
202 36
202 133
202 521
202 769
202 850
202 1162
202 1570
202 1600
202 1862
203 108
203 332
203 368
203 689
203 1046
203 1220
203 1281
205 83
205 870
205 1024
205 1217
206 19
206 134
206 164
206 643
206 720
206 771
206 808
206 1042
206 1112
206 1324
207 384
207 883
207 1664
207 1665
207 1832
208 53
208 55
208 73
208 130
208 199
208 282
208 683
208 776
208 1063
208 1184
208 1540
208 1618
208 1689
209 32
209 44
209 129
209 136
209 211
209 320
209 336
209 593
209 832
209 1035
209 1281
209 1305
209 1632
210 281
210 805
211 0
211 97
211 204
211 357
211 520
211 770
211 865
211 1048
211 1074
211 1221
211 1408
212 41
212 114
212 787
212 1060
212 1450
212 1763
212 1842
212 1955
213 16
213 1292
213 1314
213 1528
214 540
214 1076
214 1281
215 211
215 512
215 576
215 842
215 1288
216 13
216 325
216 329
216 882
216 1074
216 1087
217 257
217 322
217 1184
217 1260
217 1274
217 1354
217 1412
217 1537
217 1688
217 1793
218 5
218 40
218 260
218 780
218 1157
218 1674
218 1940
219 276
219 1308
220 160
220 223
220 264
220 514
220 1228
220 1265
221 81
221 112
221 782
221 792
222 1162
222 2002
223 561
224 161
224 194
224 264
224 1041
224 1074
224 1648
225 138
225 314
225 626
225 990
226 275
226 398
226 707
226 723
226 1221
226 1228
227 19
227 770
227 1089
227 1313
227 1554
228 64
228 434
228 609
228 776
228 1025
228 1314
229 44
229 92
229 161
229 541
229 1064
229 1090
229 1104
229 1905
230 0
230 643
231 460
231 1210
231 1508
232 83
232 86
232 161
232 212
232 235
232 545
232 1213
233 48
233 288
234 203
234 338
234 349
234 601
234 1125
234 1170
234 1803
235 68
235 1190
236 54
236 516
236 681
236 1858
237 140
237 426
237 758
237 814
237 1068
238 1277
239 570
239 628
239 1051
240 305
240 392
240 417
240 530
240 1155
240 1571
240 1852
241 23
241 451
241 806
241 1131
241 1184
241 1446
241 1615
242 1
242 9
242 900
242 1061
244 320
244 724
244 1024
244 1399
244 1676
244 1688
244 1796
245 0
245 76
245 640
245 668
245 816
246 1080
246 1848
246 2005
247 265
247 1028
248 5
248 186
249 130
249 1036
249 1569
250 274
250 1168
251 640
251 1512
251 1625
252 1312
253 1330
254 148
255 40
255 299
255 533
256 1
256 14
256 16
256 27
256 52
256 96
256 120
256 128
256 152
256 192
256 193
256 388
256 392
256 410
256 448
256 512
256 513
256 561
256 642
256 1011
256 1040
256 1057
256 1064
256 1193
256 1312
256 1370
256 1408
256 1536
256 1552
256 1730
256 1940
257 1
257 192
257 218
257 292
257 364
257 526
257 653
257 706
257 833
257 1024
257 1035
257 1095
257 1101
257 1204
257 1292
257 1586
257 1758
257 1761
258 6
258 15
258 16
258 128
258 131
258 408
258 518
258 529
258 544
258 648
258 781
258 868
258 1024
258 1027
258 1208
258 1312
258 1537
259 21
259 64
259 265
259 389
259 582
259 1080
259 1157
259 1616
260 0
260 48
260 92
260 112
260 194
260 257
260 298
260 337
260 432
260 544
260 627
260 696
260 898
260 987
260 1056
260 1099
260 1104
260 1136
260 1168
260 1192
260 1298
260 1621
260 1817
261 42
261 278
261 549
261 1024
261 1034
261 1412
261 1446
261 1689
261 1814
262 78
262 1120
262 1199
262 1626
263 8
263 34
263 200
263 272
263 1032
263 1088
263 1550
263 1565
263 1796
264 8
264 13
264 48
264 226
264 228
264 328
264 344
264 409
264 534
264 536
264 606
264 622
264 707
264 1290
264 1540
264 1568
264 1612
264 1842
264 1920
265 1
265 32
265 66
265 224
265 322
265 558
265 650
265 874
265 1316
266 32
266 81
266 126
266 152
266 196
266 1029
266 1101
266 1200
266 1601
266 1760
266 1810
267 16
267 59
267 132
267 256
267 270
267 485
267 1088
267 1296
268 16
268 65
268 96
268 104
268 514
268 1098
268 1329
268 1537
268 1616
269 24
269 385
269 538
269 800
269 1731
270 0
270 33
270 992
270 1041
271 0
271 832
271 1484
272 8
272 20
272 25
272 41
272 336
272 518
272 717
272 897
272 1058
272 1065
272 1093
272 1219
272 1346
272 1472
272 1700
272 1716
272 1796
273 34
273 40
273 105
273 133
273 256
273 291
273 577
273 672
273 673
273 819
273 897
273 1026
273 1070
273 1344
273 1408
273 1680
273 1810
274 28
274 384
274 673
274 752
274 896
274 915
274 928
274 931
274 2016
275 9
275 22
276 1
276 129
276 153
276 174
276 293
276 672
276 834
276 992
276 1258
276 1477
276 1612
276 1618
276 1952
277 144
277 148
277 685
277 1057
277 1088
277 1828
278 64
278 69
278 484
278 896
278 1056
278 1096
278 1568
278 1786
279 65
279 320
279 512
279 536
279 898
279 1026
280 23
280 32
280 305
280 501
280 545
280 828
280 833
280 888
280 1156
280 1219
280 1298
280 1420
280 1806
281 32
281 102
281 261
281 516
281 624
281 1046
281 1683
282 66
282 904
282 1559
283 651
283 776
283 1560
283 1730
283 1931
284 37
284 45
284 106
284 122
284 513
284 742
284 777
284 784
284 928
284 1115
284 1829
285 393
285 1321
285 1568
286 260
286 898
286 1169
286 1548
287 512
288 23
288 49
288 83
288 85
288 304
288 348
288 350
288 384
288 551
288 704
288 768
288 864
288 1089
288 1102
288 1130
288 1162
288 1402
288 1572
288 1604
289 14
289 195
289 480
289 648
289 1056
289 1077
289 2034
290 8
290 22
290 352
290 533
290 1158
290 1188
290 1200
290 1298
291 135
291 172
291 370
291 550
291 1097
292 2
292 12
292 299
292 621
292 1093
292 1284
292 1288
292 1443
293 82
293 265
293 296
293 1077
293 1289
294 4
294 200
294 666
294 676
294 1043
294 1066
294 1073
294 1105
295 935
295 1040
295 1169
295 1552
296 0
296 2
296 7
296 8
296 10
296 44
296 56
296 96
296 101
296 103
296 170
296 340
296 353
296 1024
296 1109
296 1173
296 1347
296 1665
297 67
297 272
297 1084
298 258
298 640
298 652
298 1090
298 1324
299 544
299 563
300 7
300 28
300 40
300 61
300 212
300 525
300 1216
300 1808
301 4
301 1560
302 1096
302 1328
302 1565
302 1571
303 128
304 106
304 160
304 161
304 192
304 301
304 448
304 745
304 1006
304 1104
304 1571
304 1589
305 169
305 209
305 256
305 330
305 587
305 721
305 912
305 920
305 1025
305 1193
305 1299
305 1952
305 1977
306 140
306 173
306 225
306 257
306 307
306 787
306 1792
307 54
307 288
307 564
307 601
307 1321
308 160
308 322
308 760
308 1106
308 1602
309 8
309 9
309 150
309 425
309 1290
309 1410
310 0
310 409
310 520
310 1024
310 1096
310 1193
310 1804
311 303
312 130
312 248
312 400
312 616
312 619
312 1112
312 1376
313 11
313 176
313 811
313 1026
313 1223
313 1240
313 1664
314 391
314 801
314 1098
314 1176
315 1043
315 1094
316 2
316 444
316 626
317 511
317 531
317 549
317 768
318 568
318 1628
319 37
319 345
319 803
320 19
320 153
320 200
320 490
320 499
320 724
320 728
320 1040
320 1072
320 1085
320 1109
320 1156
320 1188
320 1326
320 1463
320 1477
320 1981
321 140
321 216
321 227
321 320
321 333
321 414
321 542
321 642
321 742
321 1088
321 1372
321 1377
322 0
322 1
322 2
322 19
322 29
322 270
322 529
322 650
322 897
322 1072
322 1298
322 1570
322 1734
322 1797
323 160
323 265
323 540
323 664
323 1214
323 1606
324 0
324 26
324 130
324 140
324 200
324 273
324 512
324 563
324 568
324 613
324 1027
324 1037
324 1064
324 1292
324 1420
324 1447
324 1539
324 1560
324 1941
325 161
325 578
325 786
325 1044
325 1561
325 1602
325 1677
326 256
326 1186
327 100
327 797
328 76
328 193
328 560
328 772
328 785
328 1463
328 1546
329 128
329 130
329 168
329 301
329 425
329 476
329 513
329 530
329 656
329 1132
329 1242
329 1464
329 1650
329 1808
330 14
330 213
330 257
330 258
330 692
330 711
330 1025
331 106
331 208
331 306
331 823
331 1313
331 1363
331 1698
332 149
332 205
332 529
333 320
333 577
333 594
333 1029
333 1636
334 3
334 1352
335 18
335 28
335 796
336 296
336 356
336 369
336 820
336 824
336 1032
336 1066
336 1227
336 1264
337 82
337 140
337 534
337 772
337 1096
337 1109
337 1156
337 1568
337 1730
338 128
338 134
338 710
338 1421
338 1570
338 1697
338 1800
339 130
339 136
339 256
339 399
339 696
339 1281
339 1536
340 11
340 33
340 44
340 85
340 225
340 562
340 576
340 1168
340 1433
341 107
341 502
341 1600
341 1856
342 3
342 107
343 96
343 103
343 496
343 545
343 1560
344 49
344 122
344 204
344 512
344 520
344 652
344 769
344 1054
345 771
345 1152
345 1432
345 1678
346 40
346 198
346 300
346 816
346 1376
348 907
348 1072
348 1540
349 614
349 622
349 1113
349 1616
349 1768
350 565
352 0
352 12
352 27
352 44
352 70
352 392
352 465
352 940
352 1134
352 1186
352 1281
352 1562
352 1586
352 1676
353 2
353 11
353 302
353 530
353 546
353 974
353 1146
353 1154
353 1176
353 1556
353 1718
354 22
354 804
354 1192
354 1243
354 1335
354 1551
354 1768
355 513
355 949
356 0
356 265
356 1280
357 1
357 138
357 1362
357 1611
357 1772
358 256
358 258
358 642
358 936
358 1189
359 33
359 753
360 512
360 531
360 850
360 864
360 1024
361 42
361 64
361 264
362 380
362 593
362 1306
362 1380
363 150
363 176
363 1028
364 2
364 100
364 164
364 662
364 1079
364 1716
365 556
365 1160
366 37
367 531
367 748
368 82
368 308
368 544
368 1159
368 2032
369 104
369 172
369 189
369 271
369 539
369 852
369 1026
370 0
370 45
370 512
370 1104
370 1413
371 112
371 320
371 704
372 47
372 144
372 152
372 176
372 267
372 385
372 873
372 1034
372 1137
373 904
373 1036
373 1043
375 0
375 132
375 1184
375 1544
376 584
376 1070
377 930
378 1
378 520
378 1152
378 1202
379 592
379 1184
381 10
382 1201
384 1
384 2
384 4
384 13
384 20
384 73
384 100
384 112
384 233
384 256
384 395
384 448
384 513
384 522
384 1039
384 1434
384 1574
384 1608
384 1664
384 1702
385 0
385 58
385 68
385 181
385 453
385 458
385 546
385 1026
385 1048
385 1049
385 1617
385 1766
386 286
386 531
386 596
386 880
386 961
386 1064
386 1146
386 1176
386 1632
386 1678
387 54
387 66
387 82
387 284
387 353
387 493
387 1030
387 1433
387 1449
387 1478
387 1764
387 1792
388 4
388 60
388 129
388 230
388 354
388 579
388 876
388 1307
389 32
389 256
389 264
389 386
389 693
389 712
389 791
389 822
389 1035
389 1045
389 1102
389 1359
389 1394
389 1415
390 57
390 129
390 271
390 380
390 420
390 489
390 778
390 1034
390 1283
391 26
391 35
391 99
391 1152
392 40
392 54
392 147
392 539
392 1146
392 1171
392 1291
392 1569
392 1796
392 1832
392 1844
393 97
393 320
393 412
393 661
393 705
393 1897
393 2008
394 162
394 306
394 531
394 1029
395 8
395 31
395 1464
395 1769
396 56
396 257
396 648
396 770
396 810
396 1379
396 1408
397 13
397 352
397 456
397 773
397 1033
397 1352
397 1641
397 1666
398 584
398 1098
399 24
399 32
399 36
399 47
400 1
400 6
400 18
400 19
400 261
400 517
400 524
400 528
400 642
400 1072
400 1160
400 1537
400 1864
401 3
401 112
401 128
401 148
401 516
401 864
401 1132
401 1150
401 1570
401 1806
402 18
402 154
402 811
402 1280
402 1474
402 1512
402 1562
402 1667
402 1674
403 10
403 52
403 275
403 454
403 621
403 992
403 1042
403 1056
403 1240
404 400
404 1792
405 1477
405 1642
406 223
406 880
406 1141
406 1489
406 1536
407 0
407 9
407 384
407 525
408 8
408 9
408 40
408 136
408 266
408 672
408 770
408 1088
409 4
409 421
409 864
410 461
410 641
410 1183
410 1864
411 128
411 144
411 400
411 1025
411 1121
411 1456
411 1792
412 0
412 268
412 358
412 648
412 737
412 992
412 1187
413 0
413 72
413 512
414 135
414 512
414 1228
414 1680
415 1068
415 1412
416 206
416 377
416 432
416 552
416 620
416 794
416 905
416 1044
416 1155
416 1476
417 17
417 82
417 88
417 600
417 1150
417 1194
417 1383
417 1665
417 1794
418 134
418 556
418 1548
418 1888
419 3
419 357
419 586
419 1634
420 77
420 109
420 460
420 901
420 923
420 1055
420 1411
421 28
421 352
421 1040
421 1080
421 1136
421 1725
421 1856
422 327
422 588
423 33
423 560
423 590
423 1824
424 16
424 70
424 257
424 278
424 569
424 1555
425 44
425 1027
425 1540
425 1593
425 1670
425 1704
426 12
426 1409
426 1666
427 51
427 177
428 565
428 1299
428 1458
429 992
429 1024
429 1284
430 306
430 600
430 1221
431 48
431 400
431 451
431 517
431 842
431 1536
432 129
432 210
432 654
432 1031
432 1072
432 1601
433 2
433 527
433 1046
433 1115
433 1546
434 32
434 51
434 130
434 136
434 216
435 1026
435 1032
436 131
436 379
436 544
436 772
436 1488
437 162
437 216
438 1162
439 761
440 144
440 265
440 515
440 593
440 1022
440 1088
442 338
442 649
442 680
442 1283
443 160
443 520
444 36
444 130
444 1050
444 1349
444 1443
445 530
445 1024
445 1349
446 264
446 512
446 541
446 826
446 1537
448 1
448 3
448 4
448 42
448 300
448 416
448 604
449 38
449 272
449 292
449 387
449 391
449 1409
449 1619
450 264
450 280
450 513
450 1331
450 1859
451 448
451 1025
451 1037
451 1329
451 1863
452 244
452 317
452 518
452 1029
453 263
453 451
453 1029
453 1331
453 1557
453 1741
454 672
454 1304
454 1562
455 32
455 173
455 1621
456 51
456 69
456 470
456 818
456 1285
456 1376
457 264
457 326
457 656
457 660
457 1066
457 1073
457 1668
457 1676
457 1842
458 1110
458 1248
458 1281
458 1746
459 774
459 1352
459 1383
460 33
460 92
460 542
460 1297
460 1936
461 80
461 1656
462 292
462 538
462 1024
462 1233
462 1920
464 33
464 50
464 84
464 161
464 290
464 311
464 1153
464 1550
464 1664
466 298
466 1702
466 1713
467 1132
467 1288
468 144
468 268
468 1176
469 304
469 524
469 1718
470 200
470 528
470 1975
471 257
471 1509
472 29
472 135
472 274
472 578
472 1409
472 1536
473 170
473 774
473 1024
473 1025
474 13
474 50
474 576
474 1811
475 370
475 1625
475 1665
476 32
476 1125
477 162
477 1185
477 1475
478 35
478 717
480 0
480 389
480 393
480 560
480 716
480 1760
481 8
481 522
481 777
481 1304
482 5
482 657
482 685
482 1580
483 1924
484 2
484 1042
486 6
486 19
486 232
487 1043
488 82
488 1444
488 1735
489 55
489 324
489 336
489 533
490 327
490 574
491 5
491 320
491 386
491 392
491 1614
492 82
492 842
492 1153
492 1552
492 1668
493 34
493 1846
494 1560
494 1876
495 128
496 520
497 593
497 1028
498 160
498 1604
499 73
499 281
500 0
500 21
500 218
500 361
500 443
500 581
500 993
500 1025
500 1032
500 1192
500 1529
502 72
502 266
502 292
502 869
502 915
503 181
503 772
503 1168
504 128
504 432
504 728
504 1298
505 1698
505 1809
506 546
506 775
508 48
508 98
508 278
508 1010
510 711
512 9
512 44
512 48
512 84
512 114
512 142
512 160
512 200
512 256
512 338
512 416
512 545
512 561
512 587
512 630
512 715
512 774
512 804
512 820
512 849
512 867
512 920
512 1041
512 1042
512 1052
512 1153
512 1156
512 1609
512 2025
512 2036
513 12
513 33
513 35
513 36
513 60
513 72
513 376
513 508
513 535
513 562
513 705
513 1029
513 1051
513 1087
513 1376
513 1604
514 4
514 8
514 9
514 69
514 89
514 161
514 288
514 330
514 550
514 702
514 985
514 1025
514 1095
514 1275
514 1280
514 1484
514 1489
514 1552
514 1623
514 1820
515 148
515 262
515 286
515 492
515 578
515 602
515 768
515 1172
515 2017
516 72
516 154
516 768
516 784
516 1035
516 1192
516 1242
516 1282
516 1289
516 1415
516 1540
516 1768
517 48
517 98
517 194
517 220
517 641
517 1415
517 1424
517 1704
518 20
518 33
518 160
518 394
518 489
518 516
518 544
518 937
518 1001
518 1052
518 1435
518 1525
518 1807
519 64
519 1044
519 1152
520 37
520 165
520 225
520 264
520 300
520 322
520 352
520 488
520 514
520 522
520 626
520 784
520 791
520 1027
520 1034
520 1117
520 1540
520 1544
520 1676
521 0
521 198
521 279
521 308
521 598
521 784
521 1250
521 1578
522 26
522 41
522 44
522 161
522 278
522 321
522 388
522 932
522 1095
522 1110
522 1582
522 1668
522 1809
523 9
523 50
523 107
523 402
523 512
523 538
523 1562
524 41
524 141
524 582
524 1035
524 1249
524 1324
524 1999
525 21
525 24
525 40
525 98
525 200
525 286
525 288
525 290
525 434
525 641
525 1347
525 1568
526 0
526 18
526 254
526 270
526 384
526 642
526 989
526 1075
526 1144
526 1168
527 208
527 1608
528 0
528 16
528 271
528 312
528 320
528 496
528 560
528 644
528 678
528 793
528 1060
528 1152
528 1164
528 1410
528 1658
529 0
529 9
529 16
529 48
529 68
529 164
529 192
529 235
529 416
529 1037
529 1056
529 1060
529 1199
529 1250
529 1558
529 1708
529 1763
530 106
530 176
530 234
530 261
530 394
530 676
530 740
530 778
530 864
530 949
530 1024
530 1344
530 1540
530 1686
530 1730
530 1734
530 1953
531 1
531 65
531 394
531 451
531 515
531 1407
531 1410
531 1568
531 1624
531 1688
532 80
532 112
532 286
532 389
532 431
532 960
532 1106
532 1283
532 1544
532 1558
532 1563
532 1585
532 1896
533 12
533 67
533 74
533 96
533 260
533 560
533 604
533 888
533 1192
533 1626
533 1764
534 0
534 4
534 48
534 416
534 1092
534 1242
534 1805
535 10
535 62
535 1037
536 10
536 80
536 264
536 353
536 532
536 660
536 792
536 1069
536 1087
536 1418
536 1764
537 25
537 208
537 562
537 932
537 1066
537 1168
537 1224
538 39
538 64
538 422
538 587
538 930
538 1062
538 1353
538 1794
539 20
539 224
539 285
539 668
539 766
539 805
540 98
540 150
540 1025
540 1730
541 96
541 132
541 516
541 772
541 1179
542 274
542 606
542 802
542 2045
543 1298
543 1359
543 1563
544 0
544 5
544 12
544 72
544 75
544 182
544 535
544 576
544 661
544 829
544 1044
544 1218
544 1256
544 1553
544 1684
545 26
545 32
545 48
545 81
545 192
545 411
545 412
545 528
545 626
545 769
545 944
545 1026
545 1058
545 1098
545 1301
545 1572
545 1792
545 1810
545 1828
545 1864
546 68
546 264
546 400
546 560
546 1054
546 1237
546 1299
546 1472
546 1668
547 8
547 192
547 398
547 1349
547 1540
548 9
548 80
548 221
548 265
548 354
548 580
548 592
548 901
548 1219
548 1301
548 1352
548 1679
549 35
549 69
549 197
549 221
549 650
549 1568
549 1646
550 98
550 320
550 420
550 536
550 772
550 1128
550 1411
550 1697
551 796
552 9
552 21
552 37
552 96
552 401
552 530
552 615
552 896
552 1042
552 1406
552 1444
552 1491
553 28
553 80
553 776
553 946
553 965
553 1034
553 1056
553 1170
554 5
554 182
554 359
554 439
554 483
554 518
555 674
555 1281
556 56
556 260
556 650
556 768
557 288
557 1194
558 37
558 173
558 243
558 608
558 1065
558 1136
558 1581
559 77
559 1028
560 4
560 284
560 321
560 327
560 514
560 706
560 1154
560 1473
560 1604
561 8
561 152
561 272
561 581
561 1008
561 1048
561 1173
561 1412
562 1
562 28
562 224
562 1028
562 1424
562 1710
562 1840
563 66
563 289
563 1892
564 32
564 317
564 481
564 682
564 788
564 1024
564 1325
565 64
565 320
565 323
565 826
565 1024
566 716
566 1849
566 1860
568 138
568 281
568 546
568 770
568 917
568 1290
569 132
569 256
569 296
569 1628
570 528
570 779
570 934
572 320
572 322
572 441
572 559
572 1105
572 1152
572 1184
572 1285
573 35
573 768
573 1111
574 98
574 582
574 1801
575 106
576 67
576 164
576 281
576 288
576 348
576 486
576 521
576 560
576 768
576 867
576 1158
576 1184
576 1560
576 1594
576 1944
577 9
577 28
577 141
577 182
577 916
577 1029
577 1241
577 1431
577 1451
577 1628
578 1
578 21
578 137
578 325
578 718
578 772
578 1157
578 1192
578 1416
578 1432
579 96
579 144
579 370
579 384
580 37
580 64
580 144
580 168
580 600
580 720
580 1026
580 1122
580 1893
580 1950
581 70
581 75
581 163
581 226
581 297
581 1032
581 1057
581 1158
581 1220
582 204
582 515
582 776
582 864
582 1078
582 1689
583 260
583 428
584 0
584 17
584 85
584 98
584 109
584 241
584 397
584 545
584 588
584 704
584 1617
585 256
585 532
585 560
585 902
585 1646
585 1830
586 32
586 35
586 37
586 61
586 80
586 439
586 525
586 1543
587 1169
587 1548
587 1859
588 33
588 160
588 261
588 363
588 665
588 800
588 968
588 1488
588 1708
588 1833
589 720
589 1808
590 290
590 1842
591 224
592 0
592 24
592 108
592 149
592 224
592 260
592 353
592 515
592 520
592 1353
592 1364
592 1542
592 1601
593 1
593 7
593 14
593 17
593 50
593 135
593 166
593 262
593 288
593 769
593 1093
593 1282
593 1601
594 209
594 562
594 596
594 674
594 1680
594 1824
595 436
595 880
595 1044
595 1349
595 1878
596 15
596 19
596 413
596 1049
596 1132
596 1138
596 1466
596 1799
597 371
597 644
598 80
598 333
598 780
598 1574
600 354
600 364
600 768
600 1056
600 1538
600 1962
601 24
601 138
601 391
601 1064
602 0
602 528
602 642
602 838
602 1141
603 216
604 1026
604 1448
604 1504
604 1690
604 1836
605 514
606 265
606 328
606 516
606 1155
607 754
608 65
608 78
608 104
608 226
608 254
608 268
608 394
608 448
608 538
608 1268
608 1290
609 92
609 331
609 448
609 1048
609 1231
610 166
610 194
610 448
610 1312
610 1432
610 1549
610 1797
611 0
611 8
611 35
611 266
611 969
611 1145
612 116
612 164
612 220
612 453
612 682
612 688
612 1056
612 1489
612 1537
612 1817
612 1849
613 29
613 141
613 320
613 515
613 528
613 1298
613 1546
613 1646
613 1792
614 2
614 64
614 108
614 268
614 363
614 1552
614 1696
615 264
615 1572
616 0
616 15
616 66
616 532
616 549
616 812
616 1077
616 1539
616 1923
617 1067
617 1153
618 134
618 228
618 1119
619 18
619 68
619 386
620 1
620 201
620 581
620 1088
621 1216
622 394
622 930
622 1856
624 0
624 64
624 129
624 311
624 313
624 338
624 413
624 552
624 1027
624 1280
624 1409
624 1634
624 1700
625 31
625 584
625 1881
626 356
626 480
626 777
626 1040
626 1800
627 491
627 1804
628 5
628 19
628 64
628 227
628 763
629 18
629 385
629 515
629 736
629 1035
629 1552
630 1820
631 46
631 297
631 1543
631 1568
632 67
632 1862
633 282
633 549
633 706
633 798
633 917
634 19
634 278
634 1196
635 6
635 26
635 394
636 467
636 513
636 1667
636 1856
637 1668
637 1856
639 1046
640 2
640 115
640 151
640 165
640 281
640 416
640 674
640 705
640 1114
640 1186
640 1266
640 1288
640 1333
640 1341
640 1408
640 1412
640 1536
640 1580
640 1600
640 1688
640 1720
641 4
641 8
641 133
641 220
641 324
641 548
641 576
641 720
641 1056
641 1236
641 1665
642 0
642 49
642 145
642 217
642 264
642 309
642 330
642 448
642 796
642 848
642 1036
642 1108
642 1208
642 1315
643 390
643 538
643 816
643 1029
643 1044
643 1078
643 1574
643 1630
644 64
644 80
644 546
644 562
644 684
644 788
644 811
644 872
644 1016
644 1261
644 1632
645 82
645 162
645 191
645 280
645 521
645 528
645 577
645 1152
645 1352
646 404
646 545
646 706
646 1105
646 1314
646 1464
648 0
648 24
648 153
648 304
648 1057
648 1708
648 1988
649 178
649 288
649 1248
649 1601
650 3
650 8
650 73
650 138
650 174
650 273
650 294
650 544
651 12
651 1065
651 1185
651 1523
652 2
652 37
652 72
652 78
652 128
652 192
652 258
652 321
652 780
652 1553
652 1610
653 3
653 256
653 400
653 872
654 259
654 901
654 1038
654 1594
655 404
655 555
655 684
655 1545
655 1569
656 19
656 20
656 33
656 72
656 117
656 248
656 326
656 380
656 613
656 923
656 940
656 1025
656 1096
656 1152
656 1238
656 1281
656 1381
656 1689
657 161
657 218
657 332
657 656
657 1027
657 1384
657 1408
658 224
658 513
658 1524
658 1628
659 141
659 147
659 672
660 151
660 555
660 1280
660 1440
661 272
661 1304
662 22
662 104
662 386
662 584
662 1828
663 1192
664 101
664 276
664 847
664 1112
664 1442
665 65
665 774
665 783
665 1674
666 121
666 442
666 764
666 1542
667 52
667 1450
667 1607
668 132
668 642
668 1026
669 96
669 520
669 840
669 1080
670 30
670 365
670 810
670 816
670 1457
670 1923
672 24
672 261
672 274
672 1026
672 1216
672 1817
673 91
673 156
673 208
673 327
673 332
673 457
673 634
673 1152
674 5
674 64
674 224
674 800
674 1400
674 1416
675 2
675 30
675 52
675 521
675 1997
676 16
676 476
676 522
676 524
676 608
676 1090
676 1109
677 6
677 659
677 1112
677 1126
677 1456
678 50
678 146
678 272
678 309
678 498
678 788
678 1184
678 1407
678 1844
679 513
679 525
679 644
680 44
680 567
680 577
680 1320
681 256
682 65
682 416
683 993
683 1923
684 51
684 229
684 397
684 856
684 1765
685 68
685 1434
685 1699
686 33
687 512
688 150
688 332
688 368
688 371
688 1063
688 1424
688 1764
689 269
689 640
689 864
689 1062
689 1117
689 1887
690 316
690 832
690 1600
691 50
691 105
691 322
691 410
691 1109
691 1312
691 1941
692 193
692 420
692 531
692 642
692 1169
692 1868
694 426
694 546
694 1056
694 1808
696 82
696 194
696 256
696 590
696 1268
696 1536
697 1388
697 1616
698 1056
698 1824
700 304
700 661
700 1122
700 1542
701 561
701 1799
702 1388
703 260
704 40
704 65
704 148
704 161
704 377
704 437
704 515
704 1025
704 1316
704 1418
705 30
705 144
705 152
705 273
705 512
705 661
705 1109
705 1313
705 1536
706 269
706 287
706 314
706 544
706 717
706 1064
706 1067
706 1632
706 1672
706 1841
707 73
707 89
707 276
707 404
707 614
707 656
707 742
707 1028
707 1537
708 1
708 35
708 299
708 648
708 1152
708 1843
709 18
709 1297
709 1793
710 353
710 800
710 1066
711 28
711 369
711 660
711 1092
711 1444
712 80
712 193
712 244
712 597
712 1360
712 1624
712 1809
713 1152
713 1289
714 2
714 1152
715 0
715 1046
716 0
716 146
716 355
716 1616
717 0
717 33
717 208
717 272
717 1134
718 1080
719 18
719 525
719 1632
720 106
720 400
720 403
720 481
720 544
720 1028
720 1689
721 187
721 817
721 1542
722 18
723 1359
723 1733
724 51
724 96
724 237
724 545
724 1064
724 1297
724 1610
725 3
725 1538
726 86
726 1001
726 1120
727 130
727 337
727 576
727 920
728 808
728 1285
728 1412
728 1476
728 1601
729 298
729 390
729 677
729 1088
729 1116
729 1360
729 1480
730 7
730 144
730 769
730 1153
732 0
732 12
732 528
733 90
733 150
733 512
733 1179
734 625
736 12
736 270
736 527
736 551
736 946
736 1088
736 1173
736 1571
736 1895
737 290
737 1621
737 1830
738 0
738 4
738 134
738 1172
738 1576
738 1700
738 1908
738 1993
739 600
740 54
740 149
740 201
740 547
741 1890
743 226
743 517
744 359
744 788
744 805
744 833
744 1545
744 2021
745 21
745 896
745 1088
745 1287
746 21
746 515
747 1029
747 1216
747 1988
749 193
749 273
749 660
750 1260
751 2
751 304
751 704
752 33
752 123
752 268
752 416
752 1053
753 576
753 1816
754 805
754 1448
755 265
755 1060
756 1174
757 1044
757 1596
758 130
758 336
758 628
758 914
758 1592
758 1757
760 128
761 1617
764 68
766 774
766 1345
767 113
768 12
768 18
768 94
768 129
768 289
768 323
768 355
768 545
768 672
768 896
768 1029
768 1092
768 1622
769 35
769 36
769 69
769 226
769 269
769 548
769 584
769 651
769 653
769 815
769 1046
769 1095
769 1347
769 1536
769 1554
769 1560
769 1795
770 58
770 96
770 99
770 144
770 293
770 295
770 592
770 684
770 1155
770 1189
770 1604
770 1805
771 4
771 168
771 264
771 1924
772 128
772 132
772 171
772 336
772 696
772 936
772 1056
772 1076
772 1080
772 1104
772 1139
772 1163
772 1218
772 1222
772 1528
772 1539
773 240
773 1024
773 1056
773 1553
773 1632
773 1665
774 64
774 682
774 904
774 1123
774 1235
775 229
775 412
775 672
775 930
775 1120
775 1344
776 14
776 273
776 341
776 546
776 1062
776 1129
776 1182
776 1235
776 1248
776 1264
776 1408
776 1414
776 1539
776 1560
777 72
777 1353
777 1523
778 1
778 36
778 149
778 236
778 344
778 612
778 723
778 1058
779 18
779 58
779 1202
779 1895
780 52
780 169
780 461
781 523
781 578
781 652
781 678
781 1152
781 1616
782 52
782 192
782 518
782 1225
783 1039
784 57
784 64
784 82
784 114
784 420
784 530
784 1043
784 1096
784 1270
784 1715
785 117
785 169
785 258
785 320
785 579
785 620
785 1149
785 1602
785 1631
786 41
786 305
786 306
786 422
786 564
786 1569
787 220
787 256
787 258
787 584
787 1249
788 149
788 172
788 512
788 528
788 712
788 1810
789 240
789 268
789 652
789 817
789 1346
790 534
790 896
790 1057
790 1569
792 208
792 225
792 1220
792 1844
793 32
793 116
793 512
793 1862
793 1936
794 35
794 274
794 780
795 0
795 640
795 1110
796 18
796 277
796 408
796 536
796 1168
796 1538
796 1736
797 49
797 251
797 1096
798 320
798 390
799 11
799 24
800 8
800 24
800 218
800 512
800 715
800 792
800 858
800 1025
800 1080
800 1204
800 1448
800 1691
801 530
801 896
801 1132
801 1172
801 1421
801 2005
802 131
802 300
802 554
802 708
802 1056
802 1792
802 1798
803 59
803 344
803 514
803 760
803 1036
804 22
804 143
804 337
804 384
804 488
804 1618
804 1704
805 40
805 1033
805 1220
805 2020
806 793
806 1163
807 144
807 1088
808 0
808 1
808 19
808 128
808 326
808 1161
809 210
809 554
809 733
809 1172
809 1583
809 1912
810 136
810 1597
812 187
812 224
812 336
812 391
812 980
812 1033
812 1121
813 275
813 532
813 1097
814 50
814 266
814 1644
815 8
815 188
815 776
815 1607
816 64
816 131
816 176
816 227
816 562
816 989
816 1064
816 1630
816 1716
817 918
818 802
818 1600
819 400
819 547
819 576
819 770
819 1214
820 1026
820 1690
821 642
822 68
822 705
822 840
822 1072
824 10
824 411
824 1965
825 17
825 67
825 130
825 528
826 64
826 99
827 1024
827 1285
828 277
828 320
828 406
828 1043
828 1054
828 1064
828 1152
828 1682
829 146
829 657
830 106
830 1024
830 1041
831 167
832 11
832 16
832 19
832 65
832 100
832 269
832 426
832 962
832 1134
832 1160
832 1678
833 7
833 58
833 85
833 148
833 285
833 372
833 656
833 1857
834 96
834 120
834 168
834 258
834 464
834 772
834 981
834 1032
834 1188
834 1370
835 73
835 640
835 656
835 688
835 1025
835 1122
836 184
836 529
836 1233
836 1612
837 1
837 153
837 260
837 445
838 0
838 24
838 424
838 1541
838 1864
838 1924
839 573
839 583
839 912
839 1001
839 1091
839 1670
840 82
840 226
840 322
840 1041
840 1931
841 42
841 499
841 899
841 1478
842 87
842 91
842 144
842 264
842 536
842 620
842 1324
842 1539
842 1668
843 557
843 1373
843 1841
844 290
844 313
844 770
844 1058
844 1352
844 1723
845 138
845 968
846 112
847 1285
848 32
848 75
848 1614
849 14
849 320
849 698
849 1281
849 1367
850 192
850 270
850 553
850 1298
851 1572
852 40
852 64
852 402
852 1282
853 290
853 1154
853 1874
854 12
854 156
854 1624
855 13
855 845
855 1024
856 176
856 546
856 944
856 1088
856 1810
858 275
860 522
861 34
861 172
861 1540
861 1578
863 1182
864 0
864 418
864 780
864 1339
865 1169
866 131
866 180
866 1472
866 1541
867 10
867 81
867 162
867 297
867 769
868 19
868 120
868 352
868 737
868 1100
868 1123
868 1448
868 1812
869 83
869 221
870 598
871 1026
871 1181
871 1296
871 1537
872 27
872 452
872 640
872 1261
872 1888
873 1
873 448
873 1460
874 26
874 665
874 1028
875 642
876 1047
876 1426
877 262
877 696
877 902
878 69
878 528
878 1097
878 1590
880 256
880 451
880 512
880 800
880 1328
880 1496
880 1603
881 1570
882 257
882 897
882 1024
883 711
884 200
884 265
884 770
884 832
884 1166
885 192
885 1618
886 1603
888 486
888 669
888 1037
888 1177
888 1817
890 154
890 291
891 698
892 19
892 83
892 532
893 665
893 1212
893 1339
893 1538
896 142
896 242
896 257
896 420
896 596
896 920
896 1056
896 1417
896 1568
897 16
897 265
897 316
897 581
897 1092
897 1792
898 298
898 562
898 1127
898 1982
899 234
899 545
899 1619
900 14
900 122
900 1096
900 1225
900 1865
901 64
901 128
901 339
901 527
902 21
902 361
902 1056
902 1586
903 12
903 1019
904 1
904 69
904 226
904 520
904 706
904 786
904 1274
904 1672
904 1848
904 1950
905 82
905 624
905 1094
905 1440
906 40
906 100
906 410
906 1052
906 1069
907 1303
908 419
908 513
908 776
908 1152
908 1682
909 388
909 1410
910 1488
910 1671
911 388
911 553
912 13
912 33
912 42
912 52
912 71
912 1024
912 1542
913 76
913 178
913 537
913 553
913 690
913 824
913 1033
914 388
914 920
914 1366
915 83
915 1236
916 12
916 82
916 260
917 243
917 526
918 192
918 416
918 716
919 96
919 1410
919 1585
920 0
920 724
921 1041
921 1216
921 1232
922 456
922 1105
922 1595
923 1643
924 1456
925 370
925 1648
928 149
928 333
928 549
928 553
928 1806
929 346
929 628
929 1560
930 40
930 65
930 81
930 83
930 1410
931 1297
932 801
933 560
933 773
933 1092
933 1756
933 1999
934 2
934 321
934 783
935 52
935 531
936 69
936 265
936 355
936 770
936 1157
936 1685
937 1025
937 1220
937 1298
937 1862
938 526
938 832
939 846
939 1198
939 1303
940 400
940 651
940 1092
941 8
941 10
941 1872
942 279
943 1709
944 6
944 339
944 702
944 941
945 298
945 912
945 1169
945 1256
946 457
946 589
946 800
947 517
947 1738
948 276
948 385
948 604
950 576
950 1042
951 169
951 1032
953 51
954 420
955 8
956 177
956 512
956 1842
957 104
957 582
958 1696
960 169
960 260
960 587
960 910
960 1088
960 1184
961 656
961 679
961 1157
962 265
962 653
962 789
962 1824
962 1968
963 41
963 298
963 453
964 8
964 64
964 106
964 704
964 1092
964 1836
965 264
965 432
965 1048
965 1233
965 1296
966 42
966 224
966 305
966 1100
967 310
967 1284
968 2
968 232
968 845
968 1031
968 1188
968 1197
968 1264
969 404
969 744
970 0
970 11
970 500
970 1026
971 1452
972 144
972 224
972 231
974 257
974 353
974 397
974 1696
975 272
976 552
976 1048
977 1
977 64
978 40
978 268
978 352
979 26
979 738
980 108
980 1730
981 649
982 459
983 516
984 8
984 35
984 101
984 257
984 931
985 268
986 217
988 1174
990 329
990 368
990 521
990 940
990 1244
992 8
992 193
992 370
992 848
992 982
992 1864
993 500
993 1287
993 1722
994 256
994 769
994 820
994 1061
994 1829
995 268
996 259
996 592
996 1771
997 160
998 366
998 373
999 26
999 721
999 1041
1000 8
1000 536
1000 1600
1001 84
1001 355
1001 1034
1002 387
1002 1418
1002 1862
1004 1029
1004 1312
1004 1824
1005 450
1005 561
1005 896
1006 1076
1006 1162
1007 1332
1008 483
1008 771
1008 1186
1009 386
1009 614
1009 1133
1011 52
1011 1134
1012 256
1013 219
1014 166
1014 768
1016 432
1016 593
1016 602
1017 144
1017 1810
1018 133
1018 1164
1019 166
1019 850
1020 287
1020 1762
1022 30
1022 600
1022 720
1022 804
1022 1029
1023 1360
1024 10
1024 66
1024 75
1024 96
1024 100
1024 109
1024 134
1024 148
1024 172
1024 292
1024 380
1024 516
1024 653
1024 707
1024 778
1024 796
1024 839
1024 1032
1024 1041
1024 1093
1024 1159
1024 1174
1024 1288
1024 1301
1024 1536
1024 1568
1024 1825
1024 1861
1025 1
1025 40
1025 129
1025 194
1025 210
1025 258
1025 280
1025 409
1025 462
1025 523
1025 659
1025 776
1025 1014
1025 1044
1025 1088
1025 1094
1025 1179
1025 1186
1025 1358
1025 1413
1025 1716
1026 10
1026 49
1026 65
1026 120
1026 128
1026 131
1026 256
1026 273
1026 292
1026 389
1026 482
1026 592
1026 746
1026 841
1026 844
1026 1059
1026 1072
1026 1123
1026 1163
1026 1236
1026 1256
1026 1260
1026 1856
1027 11
1027 16
1027 49
1027 63
1027 80
1027 81
1027 101
1027 112
1027 296
1027 333
1027 348
1027 528
1027 808
1027 1091
1027 1448
1028 8
1028 23
1028 65
1028 96
1028 152
1028 781
1028 784
1028 1166
1028 1412
1028 1427
1028 1569
1029 8
1029 314
1029 385
1029 561
1029 1096
1029 1336
1029 1553
1029 1800
1029 1809
1030 50
1030 66
1030 80
1030 88
1030 116
1030 194
1030 232
1030 720
1030 1349
1030 1684
1030 1704
1031 132
1031 337
1031 705
1031 1374
1031 1674
1032 0
1032 11
1032 13
1032 128
1032 136
1032 192
1032 196
1032 331
1032 560
1032 596
1032 642
1032 769
1032 860
1032 1042
1032 1052
1032 1243
1032 1366
1032 1552
1032 1560
1032 1602
1032 1608
1032 1696
1032 1744
1033 3
1033 24
1033 38
1033 188
1033 230
1033 253
1033 324
1033 465
1033 552
1033 645
1033 649
1033 822
1033 977
1033 1584
1033 1636
1033 1666
1034 2
1034 35
1034 50
1034 104
1034 400
1034 545
1034 560
1034 713
1034 784
1034 930
1034 1089
1034 1097
1035 56
1035 756
1035 768
1035 1258
1035 1832
1036 3
1036 16
1036 48
1036 96
1036 149
1036 200
1036 220
1036 283
1036 289
1036 304
1036 660
1036 1124
1036 1286
1037 795
1038 54
1038 141
1038 288
1038 1369
1038 1378
1039 90
1039 208
1040 72
1040 80
1040 104
1040 178
1040 419
1040 440
1040 780
1040 1001
1040 1028
1040 1029
1040 1108
1040 1282
1040 1285
1040 1544
1040 1822
1041 18
1041 122
1041 258
1041 301
1041 524
1041 557
1041 626
1041 801
1041 1161
1041 1281
1042 131
1042 1092
1042 1104
1042 1106
1042 1301
1043 308
1043 536
1043 615
1043 1026
1043 1858
1043 1929
1044 8
1044 80
1044 135
1044 217
1044 257
1044 755
1044 792
1044 800
1044 1080
1044 1112
1044 1122
1045 20
1045 162
1046 290
1046 647
1046 1188
1047 164
1047 1040
1047 1174
1048 12
1048 43
1048 74
1048 514
1048 664
1048 690
1048 1037
1048 1132
1048 1363
1049 40
1049 119
1049 130
1049 132
1049 205
1049 337
1049 513
1049 576
1049 584
1049 1448
1050 2
1050 32
1050 66
1050 160
1050 296
1050 516
1050 1106
1050 1388
1050 1754
1050 1833
1051 129
1051 578
1051 1378
1052 96
1052 131
1052 132
1052 266
1052 514
1052 784
1052 1041
1052 1640
1052 1677
1052 1808
1053 180
1053 221
1053 515
1053 898
1053 1201
1054 73
1054 218
1054 269
1054 523
1054 1908
1055 328
1055 385
1056 116
1056 341
1056 352
1056 421
1056 517
1056 1024
1056 1188
1056 1224
1056 1263
1056 1319
1056 1329
1056 1421
1056 1464
1056 1667
1056 1736
1056 1812
1056 1840
1056 2015
1057 0
1057 268
1057 1042
1057 1044
1057 1051
1057 1997
1058 2
1058 8
1058 136
1058 441
1058 524
1058 769
1058 839
1058 1046
1058 1090
1058 1552
1058 1593
1058 1750
1059 44
1059 164
1059 252
1059 545
1059 792
1059 1049
1059 1281
1059 1797
1060 80
1060 200
1060 320
1060 512
1060 641
1060 833
1060 1181
1060 1300
1060 1558
1060 1795
1061 84
1061 138
1061 216
1061 401
1061 549
1061 1418
1062 90
1062 145
1062 152
1062 192
1062 384
1062 528
1062 1409
1063 736
1063 1035
1064 12
1064 19
1064 130
1064 201
1064 512
1064 546
1064 548
1064 663
1064 1057
1064 1152
1064 1954
1065 50
1065 208
1065 292
1065 442
1065 616
1065 1665
1065 1787
1066 5
1066 66
1066 136
1066 456
1066 536
1066 824
1066 946
1066 1923
1067 351
1067 1709
1068 652
1069 593
1070 226
1070 419
1070 1728
1071 161
1071 1587
1072 1
1072 42
1072 53
1072 265
1072 322
1072 513
1072 658
1072 816
1072 1060
1072 1281
1072 1298
1072 1313
1072 1560
1072 1633
1072 1880
1073 0
1073 24
1073 108
1073 288
1073 1160
1073 1340
1074 110
1074 370
1074 451
1074 624
1074 1216
1075 89
1075 642
1075 938
1075 1036
1075 1064
1075 1156
1075 1489
1076 0
1076 6
1076 316
1076 1050
1076 1344
1076 1697
1077 4
1077 393
1077 1061
1077 1077
1077 1300
1078 1092
1078 1176
1078 1538
1078 1541
1079 145
1079 146
1079 1043
1080 82
1080 288
1080 586
1080 1029
1080 1554
1081 96
1081 475
1081 676
1081 769
1081 1347
1082 18
1082 96
1082 173
1082 419
1082 1029
1083 164
1083 530
1083 1356
1084 16
1084 470
1084 1056
1085 33
1085 418
1085 512
1086 1312
1087 384
1088 3
1088 26
1088 34
1088 40
1088 84
1088 141
1088 288
1088 406
1088 484
1088 905
1088 1287
1088 1490
1088 1554
1088 1736
1089 9
1089 17
1089 93
1089 116
1089 281
1089 1166
1089 1284
1089 1286
1090 8
1090 130
1090 170
1090 200
1090 540
1090 552
1090 762
1090 1502
1091 44
1091 64
1091 130
1091 200
1091 272
1091 516
1091 590
1091 592
1091 1045
1092 11
1092 89
1092 120
1092 249
1092 258
1092 526
1092 549
1092 630
1092 780
1092 1560
1092 1673
1092 1940
1093 12
1093 144
1093 195
1093 203
1093 245
1093 1672
1093 2000
1094 18
1094 64
1094 168
1094 203
1094 322
1094 341
1094 355
1094 612
1094 931
1094 1089
1094 1235
1094 1280
1094 1608
1095 169
1095 1291
1095 1312
1095 1524
1096 32
1096 194
1096 261
1096 518
1096 633
1096 1033
1096 1152
1096 1184
1097 12
1097 128
1097 235
1097 257
1097 418
1097 644
1098 19
1098 58
1098 1121
1098 1154
1098 1262
1099 27
1100 152
1100 215
1100 392
1100 592
1100 656
1101 32
1101 282
1101 329
1101 644
1101 1028
1101 1330
1101 1698
1102 2
1102 265
1102 290
1102 348
1102 1472
1103 1056
1103 1128
1103 1452
1104 13
1104 178
1104 218
1104 276
1104 1024
1104 1040
1104 1045
1104 1536
1104 1744
1104 1981
1105 128
1105 261
1105 303
1105 406
1105 610
1106 424
1106 584
1106 602
1106 1776
1107 46
1107 798
1107 1356
1108 64
1108 217
1108 517
1108 546
1108 553
1109 70
1109 83
1109 256
1109 520
1109 1024
1109 1089
1109 1450
1109 1673
1110 946
1110 1173
1110 1310
1111 1275
1112 66
1112 101
1112 113
1112 546
1112 1029
1113 189
1113 262
1113 338
1114 7
1114 36
1114 100
1114 273
1114 289
1114 539
1114 658
1114 1442
1115 709
1115 1796
1116 94
1116 97
1116 161
1116 791
1116 1040
1117 8
1117 228
1117 676
1118 95
1118 449
1118 530
1118 864
1118 980
1118 1316
1119 206
1119 458
1119 1300
1120 16
1120 256
1120 263
1120 346
1120 354
1120 534
1120 584
1120 868
1120 1025
1120 1192
1120 1625
1120 1733
1120 1738
1120 1765
1120 1799
1121 10
1121 592
1121 1184
1121 1552
1121 1796
1122 6
1122 349
1122 576
1122 1039
1122 1056
1122 1234
1123 17
1123 556
1123 576
1123 683
1123 868
1123 1254
1123 1984
1124 32
1124 40
1124 147
1124 250
1124 1038
1124 1057
1124 1536
1124 1735
1125 1106
1125 1952
1126 132
1126 784
1126 1061
1126 1288
1126 1324
1126 1556
1126 1590
1127 1578
1128 2
1128 286
1128 304
1128 614
1128 786
1128 848
1128 1037
1129 178
1129 1621
1129 1795
1130 512
1130 513
1130 1676
1130 1847
1131 12
1131 17
1131 257
1131 530
1131 536
1131 610
1131 777
1131 1049
1131 1232
1132 46
1132 513
1132 907
1132 965
1132 1136
1132 1657
1132 1984
1133 292
1133 540
1134 33
1134 1033
1134 1418
1136 32
1136 34
1136 48
1136 438
1136 528
1136 739
1136 813
1136 1160
1136 1619
1136 1968
1137 1856
1138 72
1138 897
1138 1026
1138 1104
1139 137
1139 256
1139 530
1139 1522
1140 12
1140 33
1140 100
1140 1024
1140 1595
1140 1745
1141 199
1141 1149
1142 98
1142 150
1143 312
1144 13
1144 228
1144 517
1144 1184
1145 278
1145 1346
1145 1532
1145 1573
1146 656
1147 67
1147 621
1148 36
1148 1024
1148 1152
1148 1836
1150 16
1150 112
1150 514
1151 304
1152 3
1152 20
1152 68
1152 70
1152 129
1152 154
1152 265
1152 284
1152 354
1152 492
1152 515
1152 533
1152 618
1152 834
1152 1050
1152 1157
1152 1369
1152 1484
1152 1586
1152 1632
1152 1792
1152 1846
1152 1964
1153 54
1153 56
1153 60
1153 270
1153 340
1153 514
1153 858
1153 1027
1153 1096
1153 1324
1153 1744
1154 9
1154 328
1154 394
1154 520
1154 1033
1154 1817
1155 184
1155 381
1155 515
1155 519
1155 576
1155 635
1155 1304
1155 1859
1156 138
1156 156
1156 306
1156 582
1156 808
1156 1125
1156 1172
1156 1331
1156 1540
1157 15
1157 34
1157 38
1157 260
1157 470
1157 530
1157 1024
1157 1029
1157 1296
1157 1892
1158 76
1158 89
1158 453
1158 1292
1159 6
1159 33
1159 136
1159 258
1159 304
1159 346
1159 742
1159 763
1159 785
1159 1094
1159 1108
1160 16
1160 40
1160 197
1160 265
1160 267
1160 642
1160 856
1160 913
1160 1346
1160 1989
1161 12
1161 16
1161 42
1161 64
1161 280
1161 1408
1161 1860
1162 118
1162 154
1162 688
1162 768
1162 900
1162 1026
1162 2010
1163 41
1163 578
1163 966
1163 981
1163 1764
1164 1
1164 98
1164 132
1164 161
1164 166
1164 209
1164 396
1164 586
1164 772
1164 1072
1164 1304
1164 1549
1164 1696
1165 47
1165 142
1165 369
1165 746
1165 768
1165 1428
1165 1670
1166 16
1166 18
1166 338
1166 1091
1166 1678
1167 244
1167 544
1167 682
1168 4
1168 16
1168 139
1168 412
1168 512
1168 563
1168 1052
1168 1140
1168 1268
1168 1387
1168 1644
1169 92
1169 168
1169 398
1169 522
1169 660
1169 1164
1169 1386
1169 1830
1170 0
1170 315
1170 560
1170 599
1170 768
1170 1171
1170 1228
1170 1776
1171 44
1171 264
1171 658
1171 662
1171 796
1171 1265
1172 266
1172 435
1172 581
1172 736
1172 1035
1172 1432
1173 37
1173 364
1173 849
1173 1192
1173 1208
1173 1264
1173 1668
1173 1756
1174 5
1174 9
1174 109
1174 116
1174 259
1174 322
1174 1120
1175 4
1175 103
1175 663
1176 100
1176 233
1176 286
1176 322
1176 548
1176 558
1176 1280
1176 1472
1177 1248
1177 1562
1178 848
1178 1026
1178 1092
1178 1800
1179 18
1179 69
1180 139
1180 564
1180 584
1181 24
1181 35
1181 266
1181 1394
1181 1413
1182 595
1182 642
1183 38
1183 337
1184 15
1184 45
1184 113
1184 393
1184 416
1184 602
1184 639
1184 709
1184 848
1184 1197
1184 1281
1185 100
1185 284
1185 620
1185 770
1186 5
1186 28
1186 400
1186 816
1186 1026
1186 1540
1186 1876
1187 204
1187 261
1187 272
1187 620
1187 1003
1188 274
1188 276
1188 566
1188 660
1188 1475
1189 3
1189 41
1189 72
1189 86
1189 144
1189 530
1189 584
1189 829
1189 1025
1189 1288
1189 1452
1190 320
1190 534
1190 1040
1190 1088
1190 1216
1191 449
1191 1074
1192 128
1192 195
1192 196
1192 267
1192 272
1192 320
1192 608
1192 824
1192 1058
1193 0
1193 189
1193 194
1193 706
1193 1396
1193 1612
1194 194
1194 629
1195 104
1195 774
1196 418
1196 597
1196 1053
1196 1606
1197 16
1197 580
1198 12
1198 40
1198 1040
1198 1157
1198 1313
1199 1304
1200 49
1200 557
1200 677
1200 1044
1200 1088
1200 1346
1200 1544
1201 220
1201 528
1201 765
1201 1057
1201 1286
1201 1403
1201 1600
1202 358
1202 388
1202 520
1202 1048
1202 1120
1203 665
1203 1408
1204 1472
1204 1555
1204 1570
1205 74
1205 268
1205 516
1205 603
1205 869
1205 1938
1206 594
1206 882
1207 25
1207 137
1208 81
1208 84
1208 162
1208 456
1208 515
1208 1662
1208 1807
1209 652
1210 1711
1211 530
1212 749
1212 834
1213 21
1215 769
1216 0
1216 64
1216 150
1216 356
1216 1593
1217 8
1217 266
1217 275
1217 392
1217 409
1217 418
1217 452
1217 1192
1217 1589
1217 1804
1218 25
1218 168
1218 192
1218 650
1218 835
1218 1041
1219 64
1219 106
1219 521
1219 1156
1220 21
1220 128
1220 196
1220 594
1221 309
1221 492
1221 515
1221 532
1221 663
1221 710
1221 786
1221 801
1222 2
1222 40
1222 211
1222 548
1222 660
1222 832
1222 1696
1223 82
1223 233
1223 261
1223 1217
1224 190
1224 268
1224 540
1224 756
1225 104
1225 392
1225 512
1225 996
1225 1045
1225 1156
1225 1516
1225 1796
1226 373
1226 1024
1227 22
1227 38
1227 245
1227 291
1227 528
1228 1
1228 519
1228 584
1228 773
1229 1033
1230 0
1230 1
1230 591
1230 1256
1230 1609
1231 135
1231 280
1231 648
1232 269
1232 325
1232 370
1232 512
1232 550
1232 580
1232 1032
1232 1733
1233 2
1233 145
1233 266
1233 324
1233 572
1233 880
1233 1080
1233 1428
1234 16
1234 621
1234 948
1234 1492
1234 1603
1235 460
1236 130
1236 138
1236 157
1236 402
1236 429
1236 668
1236 1051
1236 1062
1237 652
1237 1140
1238 54
1238 152
1238 353
1238 600
1238 1378
1239 688
1239 1033
1239 1676
1240 0
1240 5
1240 19
1240 272
1240 870
1240 1482
1241 268
1241 290
1241 1417
1242 109
1242 770
1243 1332
1244 97
1244 640
1245 1575
1246 405
1246 538
1246 1796
1247 517
1247 1698
1248 96
1248 105
1248 214
1248 665
1248 1036
1248 1168
1248 1592
1249 0
1249 8
1249 36
1249 208
1249 528
1249 717
1250 64
1250 144
1250 625
1250 1618
1251 35
1251 1112
1251 1192
1251 1554
1251 1602
1252 57
1252 314
1252 1120
1252 1123
1252 1231
1253 308
1253 544
1253 570
1253 1026
1253 1066
1254 40
1255 98
1255 1315
1256 708
1256 716
1256 1025
1256 1308
1257 6
1257 8
1257 659
1257 786
1258 1426
1258 1664
1258 1760
1260 403
1260 912
1264 134
1264 407
1264 720
1264 774
1264 1282
1264 1292
1264 1469
1265 53
1265 388
1265 550
1265 1208
1267 73
1267 551
1267 1727
1267 1874
1268 360
1268 657
1269 64
1269 1280
1269 1624
1269 1688
1272 16
1272 101
1272 256
1272 574
1272 585
1272 1563
1273 3
1274 95
1274 627
1277 496
1277 576
1277 881
1280 1
1280 4
1280 33
1280 95
1280 128
1280 133
1280 204
1280 215
1280 258
1280 274
1280 449
1280 513
1280 518
1280 852
1280 1030
1280 1094
1280 1168
1280 1207
1280 1257
1280 1292
1280 1416
1280 1707
1280 1876
1281 34
1281 64
1281 114
1281 776
1281 1032
1281 1145
1281 1472
1281 1764
1281 1873
1282 2
1282 71
1282 73
1282 182
1282 228
1282 384
1282 468
1282 712
1282 1941
1283 78
1283 262
1283 427
1283 605
1283 766
1283 1582
1283 1818
1284 269
1284 514
1284 547
1284 812
1284 928
1285 372
1285 396
1285 769
1285 1138
1285 1418
1286 62
1286 200
1286 352
1286 1339
1287 554
1287 1089
1287 1625
1288 4
1288 230
1288 282
1288 540
1288 728
1288 768
1288 1029
1288 1041
1288 1049
1288 1536
1288 1939
1289 25
1289 33
1289 81
1289 169
1289 176
1289 724
1289 1033
1289 1413
1289 1672
1290 2
1290 514
1290 699
1290 1041
1290 1120
1290 1736
1290 1770
1291 81
1291 146
1291 578
1291 780
1291 1061
1291 1096
1291 1201
1291 1350
1292 648
1292 900
1292 1060
1292 1420
1292 1529
1292 1825
1292 1872
1293 10
1293 30
1293 192
1293 408
1293 1088
1294 192
1294 256
1294 304
1294 808
1294 1584
1294 2020
1295 10
1295 64
1295 905
1295 1330
1296 25
1296 76
1296 301
1296 521
1296 898
1296 1089
1297 34
1297 48
1297 72
1297 129
1297 172
1297 501
1297 576
1297 841
1297 1092
1297 1201
1297 1283
1298 0
1298 513
1298 1025
1298 1105
1298 1519
1298 1794
1298 1795
1299 7
1299 336
1299 488
1299 904
1299 1024
1300 144
1300 536
1300 694
1300 763
1300 1045
1300 1504
1301 274
1301 320
1301 404
1301 1061
1301 1604
1302 8
1302 32
1302 358
1302 1416
1303 29
1303 133
1303 704
1303 1026
1303 1353
1304 56
1304 64
1304 75
1304 163
1304 209
1304 352
1304 547
1304 659
1304 967
1304 1562
1305 39
1305 154
1305 207
1305 362
1305 1057
1305 1584
1305 1825
1306 32
1306 448
1306 625
1306 1097
1306 1184
1306 1192
1306 1240
1307 261
1307 494
1307 903
1308 468
1308 626
1308 1938
1309 412
1309 1032
1309 1092
1309 1203
1309 1601
1310 16
1310 848
1310 1320
1312 134
1312 197
1312 272
1312 554
1312 1032
1312 1088
1312 1201
1312 1296
1312 1568
1312 1830
1313 268
1313 280
1313 323
1313 772
1313 1321
1313 1989
1314 34
1314 258
1314 784
1314 1049
1314 1198
1314 1290
1314 1679
1315 6
1315 28
1315 118
1315 730
1315 738
1315 832
1316 388
1316 583
1316 1361
1316 1544
1317 220
1317 257
1317 298
1317 522
1317 1033
1317 1114
1317 1313
1317 1638
1318 1
1318 2
1318 244
1318 323
1318 331
1318 495
1318 792
1318 1084
1318 1241
1318 1568
1319 20
1319 266
1319 705
1319 1738
1320 51
1320 160
1320 402
1320 666
1320 790
1320 893
1320 948
1320 1043
1320 1093
1320 1296
1321 9
1321 1378
1321 1536
1322 32
1322 140
1322 338
1322 1025
1322 1186
1322 1408
1324 449
1324 1088
1324 1568
1324 1667
1324 1740
1324 1888
1325 0
1325 64
1325 1714
1326 132
1326 671
1326 815
1326 1577
1326 1589
1327 140
1328 91
1328 128
1328 146
1328 245
1328 454
1328 628
1328 1960
1329 1
1329 741
1329 1044
1329 1676
1330 130
1330 133
1331 512
1332 389
1332 800
1332 1603
1333 516
1333 768
1333 1216
1334 1028
1336 0
1336 332
1336 572
1336 740
1337 324
1337 907
1337 1040
1338 194
1338 1073
1338 1729
1339 120
1339 128
1339 562
1339 1508
1340 32
1340 872
1341 160
1341 1241
1342 321
1342 776
1342 1329
1343 1538
1344 4
1344 29
1344 227
1344 234
1344 321
1344 456
1345 59
1345 952
1345 1761
1346 64
1346 276
1346 790
1346 1051
1346 1320
1346 1875
1347 640
1347 833
1347 1416
1347 1758
1348 126
1348 130
1348 289
1348 307
1348 452
1348 577
1348 1027
1348 1520
1349 314
1349 513
1349 1027
1350 642
1350 656
1350 1217
1351 74
1351 130
1351 514
1351 515
1351 854
1351 869
1352 161
1352 634
1352 1097
1352 1160
1353 16
1353 230
1353 273
1353 538
1353 1284
1354 136
1354 152
1354 256
1354 1024
1355 37
1355 169
1355 519
1355 527
1356 2
1356 6
1356 1577
1357 130
1357 1061
1357 1544
1358 28
1358 136
1358 1034
1358 1280
1359 134
1359 391
1360 17
1360 160
1360 531
1360 1032
1360 1033
1360 1058
1360 1109
1360 1200
1361 5
1361 230
1361 431
1361 846
1362 1
1362 12
1362 273
1362 1113
1364 78
1364 272
1364 526
1364 650
1364 1027
1364 1416
1365 66
1365 148
1365 416
1366 13
1366 32
1366 316
1367 267
1367 1154
1368 11
1368 416
1368 1065
1368 1092
1368 1167
1369 1888
1370 11
1370 72
1370 834
1371 1061
1371 1312
1374 600
1376 19
1376 24
1376 97
1376 320
1376 643
1376 1602
1377 747
1377 1706
1377 2000
1378 834
1378 1024
1378 1045
1379 538
1379 1123
1380 10
1380 256
1380 288
1380 512
1380 534
1380 1472
1380 1608
1381 16
1381 121
1381 397
1381 665
1381 1097
1382 1251
1382 1852
1383 801
1383 1536
1384 801
1384 1042
1384 1085
1384 1186
1384 1240
1384 1420
1384 1642
1385 654
1385 1088
1388 417
1389 1128
1389 1296
1391 42
1392 268
1392 578
1392 1367
1393 652
1393 1833
1394 11
1394 148
1394 544
1394 715
1394 778
1396 938
1396 1033
1396 1097
1397 40
1397 140
1398 713
1398 1234
1399 2014
1400 272
1400 328
1401 553
1402 28
1402 155
1402 512
1402 576
1402 613
1402 1410
1404 171
1406 1448
1406 1474
1407 688
1408 35
1408 68
1408 144
1408 291
1408 384
1408 604
1408 670
1408 1133
1408 1300
1408 1313
1409 8
1409 16
1409 32
1409 180
1409 226
1409 1091
1409 1481
1409 1591
1409 1891
1409 2021
1410 16
1410 618
1410 664
1410 1706
1411 61
1411 156
1411 539
1412 143
1412 530
1412 1135
1412 1872
1413 89
1413 289
1413 585
1413 1546
1414 36
1414 157
1414 300
1414 552
1414 1024
1414 1064
1414 1384
1415 779
1415 800
1415 1408
1416 2
1416 128
1416 305
1416 660
1416 872
1416 1682
1416 1809
1416 2006
1417 1088
1417 1536
1417 1676
1418 166
1418 260
1419 8
1419 1110
1419 1816
1420 75
1420 304
1420 339
1420 551
1420 605
1420 1441
1420 1675
1422 274
1422 668
1422 1068
1422 1097
1422 1429
1422 1537
1422 1943
1423 232
1424 68
1424 113
1424 512
1424 895
1424 1057
1424 1564
1424 1573
1425 776
1425 866
1425 1417
1426 628
1426 1090
1426 1402
1427 34
1428 22
1428 36
1428 120
1428 545
1428 549
1428 1287
1429 550
1429 876
1429 1040
1429 1571
1429 1888
1429 1921
1431 546
1432 68
1432 84
1432 202
1432 425
1432 1044
1432 1052
1433 358
1434 784
1434 1298
1434 1427
1434 1593
1436 44
1438 1032
1439 272
1439 1321
1440 176
1440 288
1440 321
1440 388
1440 424
1440 518
1440 549
1440 1193
1440 1257
1441 260
1441 1106
1442 512
1442 1053
1443 68
1443 1214
1444 46
1444 547
1444 768
1444 1908
1445 32
1445 171
1445 312
1445 480
1446 1065
1446 1580
1447 162
1447 1664
1447 1730
1448 25
1448 650
1449 2
1449 639
1449 1306
1449 1357
1450 195
1450 288
1450 306
1450 325
1450 976
1450 1218
1450 1730
1452 528
1452 1235
1453 366
1454 1696
1455 961
1456 3
1456 10
1456 106
1456 137
1456 464
1456 530
1456 1032
1456 1037
1456 1146
1456 1312
1458 697
1458 772
1458 1037
1459 427
1459 512
1460 195
1460 1975
1461 272
1464 176
1464 208
1464 209
1464 273
1464 469
1464 714
1465 210
1466 64
1466 1571
1467 112
1467 1056
1467 1194
1471 325
1472 2
1472 6
1472 98
1472 279
1472 454
1472 813
1472 1040
1472 1072
1472 1548
1473 51
1473 157
1473 400
1473 1961
1474 376
1474 1312
1476 970
1477 4
1478 224
1478 417
1479 40
1479 1426
1480 1921
1481 19
1481 274
1481 1970
1482 40
1482 216
1482 1185
1482 1601
1483 514
1484 70
1484 272
1484 329
1484 1248
1484 1902
1485 132
1486 888
1486 1591
1486 1715
1487 675
1487 1270
1488 2
1488 109
1488 340
1488 564
1489 300
1489 329
1489 1472
1490 20
1490 101
1490 1809
1491 132
1491 768
1492 902
1492 1029
1492 1062
1492 1073
1492 1089
1493 8
1493 41
1493 800
1493 1661
1494 39
1494 512
1495 376
1496 34
1496 194
1496 1024
1496 1349
1496 1537
1497 92
1497 293
1497 1881
1498 6
1499 368
1500 14
1500 565
1500 1378
1502 28
1502 394
1502 1031
1502 1109
1502 1164
1503 1676
1503 1898
1504 97
1504 109
1504 163
1504 672
1505 332
1506 0
1506 1168
1506 1843
1507 132
1507 260
1507 1288
1508 40
1509 90
1509 256
1510 196
1510 549
1510 777
1511 361
1513 1408
1513 1516
1514 16
1514 50
1514 258
1514 516
1514 768
1515 16
1515 624
1516 781
1516 1415
1517 27
1517 136
1520 36
1520 263
1520 405
1521 40
1522 360
1522 520
1522 1419
1523 1200
1523 2013
1524 1675
1525 1635
1526 346
1527 874
1528 517
1528 817
1528 1076
1529 724
1529 1417
1530 524
1531 98
1531 668
1534 26
1536 37
1536 100
1536 186
1536 198
1536 228
1536 305
1536 424
1536 568
1536 589
1536 816
1536 1026
1536 1034
1536 1042
1536 1153
1536 1224
1536 1304
1536 1801
1537 18
1537 29
1537 49
1537 64
1537 72
1537 108
1537 128
1537 144
1537 226
1537 290
1537 652
1537 752
1537 764
1537 1357
1537 1557
1538 77
1538 144
1538 173
1538 265
1538 300
1538 560
1538 810
1538 1126
1538 1841
1539 58
1539 500
1539 772
1539 1054
1539 1056
1539 1115
1539 1217
1540 2
1540 12
1540 36
1540 210
1540 288
1540 448
1540 899
1540 953
1540 1089
1540 1225
1540 1284
1540 1949
1541 4
1541 144
1541 457
1541 1059
1541 1188
1541 1749
1542 32
1542 34
1542 510
1542 546
1542 934
1542 1032
1542 1600
1542 1633
1542 1795
1543 1
1543 20
1543 22
1543 268
1543 396
1543 768
1543 796
1543 865
1544 34
1544 204
1544 554
1544 806
1544 1155
1544 1415
1544 1546
1545 36
1545 102
1545 281
1545 373
1545 689
1545 1194
1545 1281
1546 97
1546 98
1546 570
1546 832
1546 1152
1546 1156
1546 1728
1546 1758
1547 0
1547 38
1547 330
1547 397
1547 1684
1548 12
1548 24
1548 109
1548 514
1548 718
1548 778
1548 1665
1548 1810
1549 40
1549 517
1549 1666
1550 9
1550 272
1551 616
1551 784
1551 1481
1552 1
1552 10
1552 22
1552 192
1552 201
1552 384
1552 544
1552 586
1552 1032
1552 1280
1552 1288
1552 1316
1552 1448
1552 1680
1552 1762
1553 4
1553 74
1553 132
1553 525
1553 840
1553 1392
1553 1552
1553 1569
1554 48
1554 136
1554 139
1554 297
1554 1096
1554 1306
1555 36
1555 72
1555 104
1555 166
1555 459
1555 646
1555 1348
1556 176
1556 280
1556 929
1556 1033
1556 1034
1556 1220
1556 1827
1557 48
1557 65
1557 830
1558 54
1558 130
1558 905
1558 1024
1558 1284
1559 64
1559 516
1559 1184
1560 208
1560 537
1560 1696
1561 2
1561 72
1561 130
1561 968
1561 1835
1562 9
1562 228
1562 604
1562 1032
1562 1069
1563 258
1563 340
1563 1152
1564 577
1564 983
1565 2
1565 187
1565 704
1565 1605
1565 1868
1566 452
1566 468
1566 1376
1567 552
1567 1729
1568 104
1568 192
1568 218
1568 226
1568 248
1568 400
1568 520
1568 931
1568 1031
1568 1040
1568 1232
1568 1248
1568 1280
1568 1800
1569 6
1569 14
1569 32
1569 707
1569 848
1570 2
1570 523
1570 529
1570 661
1570 780
1570 1050
1570 1108
1570 1239
1571 529
1571 1858
1572 120
1572 284
1572 295
1572 410
1572 641
1572 1098
1572 1320
1572 1351
1572 1490
1573 200
1573 419
1573 705
1573 1076
1573 1104
1573 1113
1574 84
1574 432
1574 552
1574 1057
1574 1308
1574 1739
1575 64
1575 1338
1576 18
1576 151
1576 154
1576 194
1576 244
1576 273
1576 468
1576 544
1576 823
1576 833
1576 968
1576 1156
1576 1163
1576 1471
1577 84
1577 349
1577 1027
1577 1043
1578 69
1578 176
1578 257
1578 320
1578 734
1578 1298
1578 1520
1579 392
1579 521
1579 1320
1580 48
1580 66
1580 70
1580 720
1580 803
1581 160
1581 1024
1581 1444
1582 259
1582 322
1582 384
1583 1317
1584 8
1584 96
1584 223
1584 296
1584 666
1585 3
1585 140
1585 333
1585 464
1585 666
1585 1682
1586 84
1586 142
1586 1089
1586 1308
1586 1377
1587 64
1587 487
1587 547
1587 643
1587 1538
1588 2
1588 896
1588 1217
1588 1830
1589 8
1589 788
1590 173
1590 349
1590 1232
1591 387
1591 902
1592 548
1592 1094
1592 1152
1592 1601
1593 306
1593 561
1593 1410
1594 0
1594 273
1594 582
1594 834
1594 1157
1594 1553
1594 1556
1595 164
1595 274
1597 0
1597 1172
1597 1436
1600 33
1600 65
1600 75
1600 218
1600 478
1600 500
1600 530
1600 1280
1601 3
1601 9
1601 17
1601 57
1601 82
1601 200
1601 516
1601 1090
1601 1240
1601 1411
1601 1553
1602 9
1602 11
1602 519
1602 521
1602 608
1602 1412
1602 1984
1603 44
1603 76
1603 129
1603 406
1603 610
1603 1092
1603 1882
1603 1981
1604 37
1604 46
1604 128
1604 252
1604 644
1604 1061
1604 1600
1605 32
1605 192
1605 257
1605 341
1605 1735
1606 28
1606 81
1606 231
1606 273
1606 1312
1607 40
1607 546
1608 48
1608 108
1608 257
1608 279
1608 366
1608 722
1608 800
1608 1544
1608 1601
1609 46
1609 384
1609 408
1609 412
1609 481
1609 1488
1609 1521
1610 544
1610 576
1610 663
1611 256
1611 581
1611 768
1611 1634
1612 66
1612 770
1612 1034
1613 83
1613 258
1613 262
1613 264
1613 1081
1613 1639
1614 1306
1615 18
1615 969
1616 0
1616 138
1616 515
1616 1169
1616 1196
1617 553
1617 1164
1617 1668
1618 34
1618 176
1618 192
1618 258
1618 496
1618 1346
1619 576
1619 672
1620 113
1620 262
1620 589
1620 644
1620 1120
1621 80
1621 1336
1621 1970
1622 5
1622 108
1623 69
1623 1440
1624 23
1624 416
1624 667
1624 1210
1625 1353
1626 5
1626 311
1626 1034
1626 1284
1626 1428
1627 1316
1628 1233
1628 1284
1629 42
1629 930
1631 114
1632 280
1632 396
1632 558
1632 928
1633 20
1634 10
1634 129
1634 841
1635 66
1635 135
1635 142
1635 1284
1636 265
1636 556
1636 1922
1637 130
1637 138
1637 151
1637 288
1637 760
1638 1192
1638 1408
1638 1939
1639 41
1639 128
1640 640
1640 1024
1640 1185
1640 1813
1641 34
1642 780
1643 65
1643 1154
1644 513
1644 1556
1645 208
1645 1556
1646 70
1647 0
1647 208
1648 68
1648 132
1648 1034
1648 1048
1648 1552
1649 134
1649 978
1650 144
1650 1328
1650 1344
1651 8
1652 587
1653 512
1654 182
1655 100
1655 237
1655 328
1656 169
1656 1512
1656 1540
1657 278
1657 472
1657 546
1658 1
1660 232
1660 256
1660 648
1661 125
1662 872
1662 1057
1664 4
1664 48
1664 134
1664 262
1664 1307
1664 1351
1664 1352
1664 1552
1664 1568
1665 22
1665 51
1665 309
1665 436
1665 668
1665 916
1665 1026
1665 1448
1666 45
1666 128
1666 136
1666 526
1666 913
1666 1087
1666 1161
1666 1285
1666 1545
1667 40
1667 128
1667 143
1667 639
1667 1552
1668 177
1668 592
1668 594
1668 1172
1668 1993
1669 10
1669 49
1669 538
1669 812
1669 1160
1669 1173
1669 1554
1670 9
1670 232
1670 557
1670 773
1670 1283
1671 7
1671 8
1671 266
1671 376
1671 672
1672 136
1672 172
1672 288
1672 321
1672 332
1672 512
1672 1377
1673 98
1673 128
1673 144
1673 279
1673 1092
1673 1140
1673 1802
1674 1
1674 4
1674 40
1674 52
1674 1025
1674 1032
1675 160
1675 532
1676 120
1676 404
1677 647
1677 769
1677 1342
1677 1840
1678 8
1678 1555
1680 82
1680 151
1680 545
1680 612
1680 1732
1680 1819
1680 1860
1681 49
1681 314
1681 1345
1681 1525
1681 1556
1682 24
1682 81
1682 1601
1682 1775
1683 6
1683 69
1683 128
1683 194
1683 262
1684 82
1684 163
1684 282
1684 320
1684 428
1684 1736
1685 165
1685 962
1685 1160
1685 1568
1687 7
1687 80
1687 528
1688 6
1688 68
1688 537
1688 1089
1688 1129
1689 66
1689 578
1690 80
1690 1316
1690 2020
1691 136
1691 176
1691 1639
1692 484
1692 776
1692 1152
1692 1604
1693 1101
1696 264
1696 320
1696 330
1696 457
1696 798
1696 827
1696 1032
1696 1066
1696 1280
1696 1989
1697 112
1697 640
1697 775
1697 1036
1698 108
1698 1166
1698 1168
1698 1216
1699 24
1699 28
1699 1125
1700 3
1700 307
1701 126
1701 1066
1701 1282
1702 402
1702 1041
1702 1872
1703 265
1704 3
1704 267
1704 344
1704 1040
1705 540
1705 675
1705 1618
1705 1685
1706 3
1706 164
1706 676
1707 32
1708 298
1708 768
1708 1149
1709 68
1709 256
1710 1091
1712 21
1712 38
1712 65
1712 72
1712 384
1712 544
1712 1074
1712 1648
1713 2
1713 550
1714 449
1714 1232
1715 4
1715 388
1716 384
1717 268
1718 8
1718 168
1718 834
1719 402
1719 421
1719 1219
1720 1024
1721 386
1721 782
1722 10
1722 1026
1724 369
1724 401
1724 753
1725 1118
1726 70
1727 797
1728 257
1728 262
1728 432
1728 512
1728 832
1728 1030
1728 1041
1728 1192
1728 1284
1728 1700
1729 16
1729 1154
1729 1164
1729 1328
1729 1792
1730 29
1730 176
1730 268
1730 360
1731 4
1731 832
1732 385
1732 416
1732 617
1733 0
1733 210
1733 1376
1733 1539
1733 1809
1734 1073
1734 1224
1735 2000
1736 6
1736 41
1736 47
1736 49
1736 265
1736 448
1736 451
1736 1348
1736 1824
1737 194
1738 402
1738 641
1738 986
1739 5
1739 85
1740 608
1740 1298
1741 547
1741 1104
1742 322
1743 103
1743 150
1743 544
1744 4
1744 595
1744 817
1745 140
1745 1442
1746 37
1746 137
1746 469
1746 1057
1746 1160
1746 1224
1747 299
1747 624
1747 1370
1748 204
1748 371
1748 388
1748 558
1748 724
1749 144
1749 320
1749 896
1749 1170
1750 6
1750 209
1750 512
1752 292
1752 898
1754 450
1756 34
1756 272
1756 326
1756 353
1756 1124
1756 1217
1757 520
1757 1202
1758 1161
1759 0
1759 1537
1760 172
1760 514
1760 516
1760 856
1760 932
1760 1299
1761 329
1762 1892
1763 6
1763 536
1764 1568
1765 768
1766 69
1766 320
1766 321
1766 804
1766 1111
1768 85
1768 1606
1769 269
1770 533
1771 640
1772 647
1772 884
1774 589
1774 1824
1775 200
1776 0
1776 36
1776 130
1777 5
1777 1544
1777 1793
1778 449
1778 1132
1779 20
1779 851
1782 256
1782 298
1782 461
1783 1056
1784 480
1788 64
1788 256
1788 804
1789 514
1791 16
1792 6
1792 42
1792 72
1792 156
1792 357
1792 729
1792 1056
1793 22
1793 97
1793 296
1793 613
1793 1012
1793 1361
1793 1499
1794 0
1794 69
1794 128
1794 384
1794 921
1794 1429
1794 1433
1795 1524
1796 1
1796 4
1796 35
1796 425
1796 442
1796 557
1796 1094
1796 1184
1796 1588
1797 212
1797 577
1797 1057
1798 930
1798 1013
1798 1285
1799 9
1799 792
1799 1073
1799 1536
1799 1826
1800 4
1800 129
1800 296
1800 354
1800 780
1800 1081
1800 1141
1800 1156
1800 1296
1801 52
1801 408
1801 757
1801 912
1801 1158
1801 1989
1802 261
1802 748
1802 1028
1802 1162
1802 1684
1803 80
1804 179
1804 292
1804 739
1804 1032
1804 1050
1804 1093
1804 1666
1805 7
1805 132
1805 228
1805 648
1806 32
1806 1792
1807 4
1807 136
1807 534
1808 149
1808 192
1808 337
1808 368
1808 514
1808 530
1808 1026
1808 1553
1808 1888
1809 399
1810 228
1810 802
1811 20
1811 122
1811 1218
1811 1932
1812 230
1812 418
1813 44
1813 672
1813 1432
1813 1664
1815 40
1815 258
1815 341
1815 359
1816 100
1816 300
1816 768
1816 1025
1816 1831
1817 1216
1819 0
1820 258
1820 288
1820 1201
1822 131
1822 1319
1822 1425
1823 545
1823 977
1824 44
1824 128
1824 288
1824 418
1824 968
1824 992
1824 1083
1825 112
1825 196
1825 1039
1825 1128
1825 1152
1826 38
1826 67
1826 520
1826 544
1826 554
1826 1365
1827 34
1827 182
1827 184
1827 266
1827 1678
1828 24
1828 425
1828 888
1828 1508
1829 72
1829 208
1829 1649
1829 1656
1829 1665
1829 1962
1830 1599
1831 36
1831 1206
1831 1404
1832 0
1832 181
1832 258
1832 330
1832 1027
1832 1056
1832 1309
1832 1347
1832 1601
1832 1908
1833 178
1833 261
1833 1209
1834 1
1834 131
1834 1677
1835 352
1836 176
1837 643
1837 784
1837 792
1837 1604
1839 1156
1839 1633
1840 75
1840 200
1840 336
1840 362
1840 432
1840 797
1840 810
1840 1685
1841 65
1841 544
1841 1254
1841 1272
1841 1425
1842 1114
1842 1536
1843 421
1843 517
1843 803
1843 1194
1844 133
1844 898
1844 1293
1845 112
1846 4
1846 108
1846 266
1846 1027
1846 1236
1848 405
1848 771
1848 1864
1849 424
1850 193
1852 522
1853 264
1853 736
1854 138
1856 45
1856 128
1856 265
1856 622
1856 660
1856 1152
1856 1172
1856 1284
1856 1546
1856 1602
1856 1745
1857 33
1857 772
1857 785
1857 1160
1858 52
1858 818
1859 15
1859 96
1859 1628
1860 32
1860 119
1860 518
1860 1317
1860 1449
1860 1539
1861 133
1861 220
1861 1600
1861 1706
1862 119
1863 12
1863 404
1864 579
1864 612
1865 69
1865 218
1865 1932
1866 388
1866 1585
1867 289
1867 650
1867 1292
1868 805
1868 861
1868 1406
1870 530
1870 1040
1872 10
1872 32
1872 52
1872 262
1872 1220
1873 312
1873 704
1873 1317
1874 64
1874 516
1878 291
1878 588
1878 1314
1879 319
1880 122
1880 370
1880 534
1881 84
1882 211
1882 256
1882 1128
1882 1656
1884 96
1885 1618
1885 1942
1888 32
1888 393
1888 1080
1888 1288
1888 1354
1889 64
1889 132
1889 174
1889 269
1889 277
1889 320
1889 697
1889 722
1889 856
1890 128
1890 324
1890 1057
1890 1608
1892 274
1892 608
1892 1031
1893 45
1893 146
1893 1546
1894 2
1894 192
1894 272
1894 1169
1896 0
1896 660
1896 1160
1896 1377
1897 194
1897 758
1897 1749
1899 292
1902 384
1903 884
1904 526
1904 1080
1904 1569
1905 6
1905 542
1906 519
1907 0
1907 1024
1910 48
1912 392
1913 84
1913 392
1913 416
1914 400
1916 260
1916 449
1917 448
1920 46
1920 147
1920 327
1920 641
1920 1052
1920 1303
1920 1945
1921 67
1921 524
1921 843
1921 1169
1922 479
1922 1544
1923 1815
1924 4
1924 32
1924 352
1924 426
1924 718
1924 788
1924 815
1924 1078
1924 1112
1924 1229
1924 1364
1925 520
1926 1091
1926 1588
1927 1465
1928 160
1928 172
1928 548
1928 1352
1928 1536
1928 1746
1929 1409
1930 385
1930 1030
1930 1540
1932 9
1932 192
1932 264
1933 681
1934 224
1934 584
1934 1041
1936 4
1936 257
1936 275
1936 384
1936 664
1936 1500
1937 9
1937 260
1938 40
1939 575
1940 769
1940 1065
1941 72
1941 83
1941 1308
1942 465
1944 64
1944 280
1944 603
1944 642
1945 1029
1945 1030
1945 1649
1946 545
1947 791
1948 12
1949 590
1950 297
1950 298
1951 128
1952 416
1952 1027
1952 1057
1953 583
1953 1438
1954 6
1954 748
1954 766
1954 846
1954 1056
1955 1312
1956 1
1956 15
1956 752
1956 777
1957 73
1957 1636
1958 850
1958 1058
1958 1338
1959 27
1959 60
1959 431
1960 336
1960 768
1960 1172
1961 1426
1962 1584
1963 144
1963 1672
1964 125
1964 1577
1967 585
1968 14
1968 390
1968 534
1969 273
1969 340
1969 520
1969 1184
1969 1334
1971 773
1972 268
1974 531
1976 1606
1976 1920
1980 32
1980 776
1980 849
1984 9
1984 643
1984 1157
1984 1349
1985 825
1985 1233
1985 1352
1986 260
1986 389
1986 1280
1986 1874
1988 260
1988 530
1988 1068
1988 1795
1989 1108
1990 304
1991 76
1991 80
1991 295
1991 1192
1992 1
1992 1026
1992 1537
1993 168
1994 312
1996 69
1996 627
1997 584
1997 1680
1998 567
1999 313
1999 712
2000 593
2001 1088
2001 1686
2001 1698
2002 1289
2003 31
2004 1049
2006 202
2006 1553
2008 8
2008 1040
2009 721
2010 1168
2013 100
2013 650
2014 720
2016 21
2016 72
2016 580
2016 1076
2017 1486
2018 222
2018 1048
2019 162
2020 67
2020 134
2020 350
2021 1252
2022 640
2022 1025
2022 1096
2023 258
2023 1726
2024 37
2024 40
2024 66
2024 846
2024 896
2025 1448
2028 153
2028 776
2028 1091
2028 1123
2031 69
2032 146
2034 36
2034 452
2035 69
2035 772
2038 260
2039 654
2040 387
2040 1026
2047 100
