# Synthetic Kronecker Graph 
# Edges are directed 
0 0
0 10
0 12
0 21
0 33
0 41
0 67
0 94
0 128
0 129
0 138
0 145
0 157
0 158
0 195
0 228
0 232
1 2
1 4
1 26
1 66
1 131
1 136
1 192
2 3
2 12
2 25
2 28
2 32
2 36
2 176
2 193
2 233
2 253
3 40
3 67
3 96
3 131
3 160
3 194
3 241
4 51
4 52
4 132
4 136
4 167
4 197
5 0
5 6
5 16
5 24
5 33
5 47
5 64
5 92
5 97
5 120
5 129
6 0
6 52
6 56
6 57
6 60
6 244
7 48
7 70
7 131
7 176
7 185
7 214
8 0
8 9
8 28
8 33
8 37
8 51
8 60
8 63
8 69
8 82
8 129
8 134
8 160
8 202
8 213
9 2
9 4
9 9
9 12
9 55
9 68
9 116
9 128
10 3
10 88
10 148
10 149
11 17
11 97
11 128
11 144
11 162
12 58
12 81
12 136
13 10
13 44
13 64
13 82
13 110
13 168
14 5
14 132
14 190
15 67
15 210
16 0
16 2
16 4
16 35
16 39
16 42
16 98
16 106
16 133
16 137
16 156
16 243
17 17
17 27
17 50
17 72
17 73
17 87
17 92
17 113
17 131
18 70
18 91
18 160
19 14
19 16
19 36
19 200
20 0
20 2
20 6
20 32
20 44
20 105
21 128
22 7
22 64
22 72
22 128
22 129
22 225
23 72
24 108
24 130
25 16
25 18
25 20
25 32
25 40
25 138
25 161
25 209
26 49
26 58
26 144
27 8
27 16
27 18
27 43
27 211
28 62
28 65
28 128
28 142
29 0
29 132
30 57
30 64
30 188
32 9
32 34
32 45
32 65
32 132
32 190
33 0
33 81
33 121
33 136
33 233
33 255
34 0
34 58
34 75
34 85
34 91
35 82
35 150
36 1
36 24
36 25
36 34
36 66
36 67
36 72
36 108
36 141
37 14
37 18
37 32
37 45
37 149
37 162
38 1
38 21
38 32
38 84
38 135
39 3
39 16
39 132
40 20
40 35
40 75
40 130
40 210
41 0
41 14
41 150
42 2
42 30
42 70
42 125
43 16
43 53
44 16
44 17
44 132
44 196
45 17
45 24
45 28
45 40
45 49
45 140
46 72
48 0
48 1
48 140
49 4
49 41
49 53
49 128
49 160
49 172
49 209
49 234
50 32
50 74
50 213
50 226
51 34
51 36
51 43
51 210
52 4
52 12
52 66
52 82
53 251
54 0
54 16
54 33
54 233
55 130
56 112
56 180
57 8
57 16
57 100
58 69
58 161
58 210
59 114
60 0
60 104
60 152
61 44
61 87
62 196
63 0
63 3
63 132
64 19
64 48
64 86
64 129
64 138
64 149
65 3
65 6
65 22
65 26
65 68
65 109
65 171
66 96
66 128
66 179
67 8
67 64
67 88
67 132
67 152
68 4
68 36
68 93
68 129
68 145
69 16
69 20
69 74
69 136
70 0
70 2
70 43
70 67
70 99
70 131
71 88
71 136
72 26
72 34
72 97
72 153
72 176
73 5
73 36
73 68
73 73
73 76
73 129
74 20
74 64
74 70
74 84
75 65
75 170
76 1
76 19
76 33
76 158
76 240
77 146
79 128
79 136
79 163
80 8
80 16
80 68
80 78
80 168
80 181
81 30
81 88
82 66
82 96
83 0
83 59
83 80
83 155
84 20
84 145
85 36
85 140
85 153
85 196
87 9
87 224
88 0
88 129
89 6
89 52
89 197
89 224
90 55
90 56
91 9
91 32
92 2
92 64
92 105
92 193
92 225
93 112
96 16
96 40
96 73
96 85
96 116
96 166
96 182
97 8
97 15
97 74
97 82
97 105
97 209
98 92
98 112
98 192
98 198
99 11
99 69
99 84
99 128
100 65
100 72
100 150
100 165
102 60
102 192
103 228
104 0
104 14
104 44
104 97
104 148
104 154
104 169
105 28
105 40
105 192
106 21
106 217
107 151
108 37
108 208
110 18
110 35
112 44
114 4
114 32
114 66
114 150
114 192
114 212
115 100
115 140
115 147
116 1
116 96
118 0
118 106
120 52
120 112
121 5
121 250
122 20
122 168
123 154
123 156
123 180
124 8
124 72
125 21
125 73
127 21
127 97
128 12
128 20
128 34
128 36
128 40
128 52
128 74
128 131
128 133
129 1
129 3
129 23
129 24
129 36
129 68
129 74
129 90
129 100
129 132
129 206
130 14
130 86
130 227
131 148
132 0
132 19
132 64
132 77
132 136
132 146
133 0
133 5
133 14
134 0
134 192
135 4
135 32
135 51
135 149
136 102
136 113
136 136
137 41
137 49
137 52
137 64
137 66
137 97
137 112
137 226
138 12
138 20
138 32
138 36
138 64
138 96
138 147
138 165
139 4
139 88
140 40
140 67
140 130
140 206
141 68
141 108
141 181
142 59
142 152
143 0
143 19
143 28
143 64
143 144
144 10
144 32
144 43
144 101
144 131
144 147
144 208
145 0
145 40
146 0
146 32
146 48
146 119
146 129
146 210
147 3
148 0
148 33
148 66
148 104
148 130
149 32
149 220
150 0
150 69
150 91
150 148
151 4
151 64
151 138
152 4
152 16
152 129
153 33
153 138
154 16
154 48
155 133
156 4
156 98
156 169
157 15
157 81
158 128
159 22
160 0
160 4
160 14
160 64
160 65
160 69
160 74
160 225
160 238
161 10
161 105
162 2
162 94
162 140
162 160
163 48
163 192
163 200
164 83
164 128
164 160
164 176
164 253
165 0
165 48
166 1
166 8
166 38
167 12
167 166
168 1
168 64
168 70
168 80
168 136
168 153
168 223
169 64
169 132
170 4
170 130
170 160
170 206
172 22
172 76
173 90
176 52
176 155
176 160
177 2
177 8
177 17
177 102
177 132
177 136
177 197
178 17
180 11
180 42
180 242
181 2
181 48
182 160
183 147
184 36
185 22
185 42
185 47
187 10
188 18
189 5
190 101
192 7
192 36
192 111
192 194
193 28
193 130
194 64
194 104
194 132
194 137
194 197
196 32
196 40
196 64
196 93
196 179
196 225
197 66
197 216
197 228
198 26
198 57
198 193
199 4
200 16
200 47
200 92
200 211
201 2
201 35
201 76
202 112
202 117
203 32
203 49
203 64
203 74
203 96
204 1
204 37
204 71
204 105
206 0
206 14
208 16
208 84
208 192
208 238
209 0
209 19
210 6
210 38
210 149
212 20
213 10
213 11
213 32
213 45
214 7
216 41
216 80
217 69
217 102
217 144
221 2
222 138
224 2
224 7
224 36
224 116
226 148
227 36
228 0
228 26
228 44
228 142
228 145
228 160
229 82
230 147
230 233
231 8
231 80
232 103
233 27
233 130
233 189
234 180
235 2
235 8
235 205
236 34
238 64
239 193
240 129
240 195
241 76
242 6
242 9
242 132
243 40
244 71
246 84
247 0
247 14
248 88
249 8
250 13
251 66
252 0
252 156
255 52
