# Synthetic Kronecker Graph 
# Edges are directed 
0 0
0 1
0 2
0 4
0 28
0 37
0 40
0 44
0 48
0 57
0 59
1 0
1 4
1 5
1 59
2 16
2 26
2 39
2 58
3 1
3 11
3 16
3 38
4 8
4 9
4 23
4 25
4 32
4 34
5 10
5 11
5 41
5 44
6 20
6 33
6 52
8 1
8 34
8 36
8 51
9 18
9 42
10 1
10 4
10 8
10 16
10 31
10 32
10 36
11 0
11 2
12 29
12 33
12 52
12 54
13 4
13 22
14 25
14 36
15 16
15 32
15 40
16 1
16 22
16 33
16 34
16 40
16 49
17 16
17 33
17 58
18 0
18 3
18 18
18 45
18 50
19 22
19 42
20 14
20 24
20 25
20 40
21 21
21 38
21 48
22 0
22 50
24 0
24 10
24 18
24 32
24 33
24 49
25 0
25 1
25 8
26 2
26 21
26 32
27 58
28 4
28 20
28 49
29 3
29 17
29 59
32 1
32 4
32 7
32 8
32 16
32 50
32 52
32 54
33 24
34 0
34 38
34 44
35 22
35 46
36 12
36 31
36 33
37 32
37 52
38 18
38 57
39 0
40 2
40 6
40 23
42 6
42 25
43 8
43 35
45 5
45 48
46 0
46 17
48 0
48 1
48 4
48 17
48 19
48 30
48 38
48 52
49 8
49 22
49 40
49 42
49 46
50 13
50 17
50 44
50 48
52 0
52 7
52 9
52 20
53 0
53 1
54 2
54 9
54 34
54 48
56 26
56 56
57 42
60 28
62 10
63 32
