# Synthetic Kronecker Graph 
# Edges are directed 
0 0
0 64
0 66
0 86
0 144
0 208
0 210
0 304
0 416
0 439
0 457
0 458
0 468
0 514
0 515
0 527
0 535
0 642
0 662
0 692
0 776
0 783
0 839
0 897
0 1026
0 1042
0 1095
0 1108
0 1120
0 1152
0 1268
0 1361
0 1575
0 1650
0 1888
0 2017
1 0
1 55
1 70
1 80
1 99
1 121
1 224
1 401
1 456
1 521
1 569
1 691
1 1052
1 1060
1 1075
1 1128
1 1131
1 1172
1 1262
1 1272
1 1324
1 1546
1 1754
1 1764
2 5
2 12
2 48
2 137
2 220
2 228
2 256
2 752
2 1024
2 1092
2 1168
2 1257
2 1280
2 1556
2 1576
2 1723
2 1738
2 1808
2 1820
3 266
3 304
3 321
3 347
3 394
3 513
3 549
3 770
3 796
3 968
3 1045
3 1098
3 1240
3 1440
3 1670
3 1904
4 15
4 18
4 53
4 60
4 66
4 68
4 70
4 72
4 136
4 256
4 288
4 344
4 347
4 392
4 483
4 496
4 512
4 513
4 656
4 681
4 826
4 1030
4 1119
4 1190
4 1800
5 18
5 21
5 40
5 112
5 292
5 324
5 436
5 520
5 528
5 581
5 648
5 785
5 789
5 1240
5 1386
5 1536
5 1554
5 1571
5 1829
6 0
6 32
6 132
6 136
6 642
6 778
6 936
6 1059
6 1329
6 1649
7 41
7 49
7 197
7 205
7 276
7 1152
7 1545
7 1686
8 0
8 2
8 64
8 139
8 143
8 194
8 200
8 241
8 262
8 277
8 284
8 328
8 388
8 402
8 580
8 709
8 769
8 773
8 840
8 960
8 970
8 1046
8 1256
8 1320
8 1520
8 1545
8 1546
8 1556
8 1602
8 1604
8 1626
8 1666
8 1744
8 1795
8 1838
9 0
9 48
9 72
9 102
9 124
9 145
9 171
9 260
9 334
9 482
9 540
9 590
9 606
9 640
9 1091
9 1248
9 1426
9 1822
10 3
10 18
10 71
10 156
10 322
10 351
10 657
10 869
10 1026
10 1040
10 1060
10 1067
10 1088
10 1168
10 1280
10 1432
11 9
11 33
11 140
11 338
11 468
11 1032
11 1137
11 1266
11 1287
11 1357
11 1613
11 1760
12 4
12 64
12 107
12 281
12 352
12 373
12 417
12 512
12 522
12 538
12 594
12 773
12 811
12 1330
12 1379
12 1513
13 4
13 40
13 290
13 336
13 532
13 802
13 1075
13 1178
13 1371
14 2
14 144
14 152
14 262
14 270
14 551
14 641
14 1032
14 1115
14 1281
14 1445
15 1
15 24
15 387
15 481
15 488
15 546
15 642
15 1168
16 6
16 16
16 56
16 134
16 139
16 244
16 341
16 441
16 604
16 632
16 817
16 835
16 960
16 1080
16 1216
16 1290
16 1655
16 1745
16 1796
16 2036
17 2
17 8
17 12
17 20
17 84
17 94
17 264
17 295
17 336
17 352
17 416
17 480
17 517
17 520
17 552
17 588
17 590
17 666
17 908
17 1036
17 1571
17 1729
17 1792
18 32
18 48
18 138
18 145
18 176
18 354
18 653
18 995
18 1120
18 1236
18 1316
19 0
19 24
19 62
19 121
19 285
19 788
19 1179
19 1270
19 1295
19 1410
20 32
20 70
20 240
20 256
20 384
20 386
20 524
20 584
20 704
20 717
20 784
20 853
20 1096
20 1144
20 1398
20 1537
20 1728
20 1779
20 1798
20 1890
20 2018
21 1
21 24
21 41
21 160
21 774
21 974
22 48
22 66
22 344
22 430
22 513
22 515
22 874
22 908
22 1297
22 1352
22 1432
22 1606
22 1688
23 7
23 160
23 717
24 7
24 67
24 144
24 512
24 580
24 1041
24 1156
24 1234
24 1300
24 1368
24 1398
24 1450
25 0
25 35
25 128
25 288
25 325
25 374
25 416
25 440
25 528
25 770
25 994
26 322
26 846
26 898
26 1178
26 1289
26 1321
26 1511
26 1669
26 1731
26 1802
27 46
27 72
27 196
27 562
27 680
27 1296
27 1408
28 4
28 26
28 45
28 64
28 84
28 574
28 588
28 889
28 1079
28 1556
28 1594
28 1708
29 50
29 154
29 293
29 1353
30 274
30 854
30 1299
30 1566
30 1621
31 1280
31 1798
32 2
32 4
32 10
32 15
32 18
32 21
32 28
32 52
32 53
32 160
32 216
32 265
32 266
32 289
32 321
32 714
32 758
32 769
32 845
32 901
32 960
32 970
32 1041
32 1225
32 1440
32 1937
33 2
33 165
33 210
33 294
33 656
33 772
33 780
33 904
33 914
33 1154
33 1204
33 1924
34 8
34 73
34 84
34 256
34 338
34 340
34 416
34 661
34 784
34 1024
34 1068
34 1069
34 1188
34 1411
34 1418
34 1742
35 10
35 22
35 268
35 288
35 1090
35 1421
36 2
36 40
36 84
36 103
36 222
36 256
36 393
36 512
36 513
36 520
36 525
36 565
36 593
36 725
36 936
36 1064
36 1114
36 1152
36 1606
37 4
37 290
37 320
37 727
37 828
37 1044
37 1168
37 1378
37 1748
37 1936
38 52
38 141
38 161
38 260
38 361
38 380
38 580
38 629
38 829
38 1066
38 1097
38 1163
38 1474
38 1477
38 1573
38 1675
39 82
39 344
39 900
39 963
39 1424
39 1580
39 1693
40 8
40 252
40 296
40 313
40 327
40 516
40 886
40 1069
40 1128
40 1195
40 1465
40 1625
40 1908
41 83
41 290
41 424
41 459
41 460
41 516
41 562
41 642
41 834
41 1092
41 1361
41 1442
41 1456
42 260
42 269
42 395
42 544
42 578
42 833
42 1775
43 22
43 129
43 837
43 1408
43 1668
43 1822
44 18
44 110
44 178
44 259
44 264
44 643
44 904
44 1031
44 1040
44 1045
44 1057
44 1440
44 1940
45 529
45 561
45 674
45 1046
46 128
46 274
46 512
46 1031
46 1064
46 1074
47 4
47 209
47 320
47 521
47 580
47 1089
47 1408
47 1748
47 1986
48 0
48 1
48 11
48 17
48 18
48 33
48 226
48 260
48 309
48 321
48 448
48 546
48 641
48 647
48 697
48 740
48 833
48 972
48 1196
48 1224
48 1301
48 1344
48 1376
48 1560
48 1572
48 1638
48 2040
49 2
49 149
49 164
49 208
50 24
50 147
50 200
50 261
50 356
50 456
50 556
50 1430
51 0
51 200
51 272
52 2
52 131
52 294
52 381
52 538
52 551
52 563
52 706
52 864
52 1025
52 1060
52 1081
52 1221
52 1936
53 56
53 387
53 544
53 1010
54 24
54 145
54 441
54 1025
54 1077
54 1546
55 13
55 29
55 64
55 196
55 293
55 1091
55 1216
55 1424
55 1749
56 28
56 332
56 822
56 849
56 1154
57 64
57 152
57 202
57 320
57 640
57 1033
57 1862
58 108
58 644
58 1090
58 1093
58 1162
58 1961
59 0
59 172
59 576
59 784
59 848
59 1392
60 256
60 1437
60 1574
60 1920
61 1160
61 1992
62 97
62 278
62 288
62 801
62 896
62 1205
62 1281
63 514
63 709
63 1232
63 1489
63 1537
64 8
64 65
64 129
64 130
64 132
64 202
64 276
64 549
64 612
64 616
64 628
64 745
64 783
64 813
64 833
64 875
64 912
64 1024
64 1038
64 1041
64 1184
64 1221
64 1280
64 1318
64 1408
64 1411
64 1435
64 1455
64 1508
64 1955
64 2009
65 3
65 6
65 19
65 116
65 118
65 196
65 205
65 320
65 409
65 560
65 592
65 657
65 706
65 1030
65 1192
65 1228
65 1234
65 1296
65 1746
65 1824
66 2
66 128
66 132
66 139
66 205
66 208
66 289
66 308
66 405
66 413
66 568
66 648
66 806
66 834
66 1034
66 1288
66 1340
66 1640
67 88
67 321
67 388
67 661
67 720
67 785
67 794
67 824
67 1027
67 1036
67 1156
67 1178
67 1200
67 1796
68 34
68 94
68 212
68 264
68 524
68 530
68 556
68 643
68 953
68 1026
68 1058
68 1104
68 1137
68 1221
68 1360
68 1440
68 1729
69 4
69 288
69 578
69 1088
69 1297
69 1552
69 1976
70 128
70 192
70 328
70 518
70 576
70 627
70 1040
70 1069
70 1128
70 1192
70 1336
70 1700
70 1920
71 202
71 279
71 299
71 516
71 835
72 2
72 51
72 100
72 321
72 462
72 514
72 585
72 965
72 1050
72 1088
72 1162
72 1322
72 1613
73 72
73 200
73 576
73 704
73 711
73 816
73 1033
73 1034
73 1163
73 1280
74 0
74 8
74 136
74 240
74 280
74 288
74 512
74 1093
74 1323
74 1422
74 1440
74 1632
75 386
75 512
75 1436
75 1488
75 1793
76 84
76 178
76 674
76 728
76 817
76 1297
76 1459
76 1678
77 65
77 96
77 133
77 150
77 609
77 1032
77 1190
77 1360
78 0
78 8
78 752
78 964
78 1152
78 1553
79 80
79 130
79 1040
79 1600
80 0
80 2
80 3
80 38
80 142
80 256
80 280
80 385
80 418
80 457
80 530
80 544
80 806
80 1035
80 1139
80 1608
80 1664
80 1832
80 1840
80 1922
81 41
81 55
81 115
81 291
81 353
81 400
81 451
81 596
81 1040
81 1123
81 1157
81 1162
81 1263
81 1624
81 1986
82 68
82 279
82 344
82 561
82 641
82 667
83 24
83 130
83 136
83 280
83 299
83 384
83 784
83 1120
83 1487
84 4
84 6
84 17
84 69
84 132
84 297
84 332
84 642
84 662
84 773
84 832
84 1317
84 1636
84 1704
84 2029
85 0
85 20
85 32
85 49
85 150
85 184
85 384
85 704
85 1934
86 52
86 288
86 325
86 531
86 564
86 578
86 1027
86 1311
86 1811
87 33
87 208
87 467
87 474
87 1523
88 0
88 100
88 163
88 300
88 519
88 552
88 824
88 1121
88 1300
88 1604
88 1629
89 38
89 234
89 552
89 642
89 643
89 688
89 1169
90 305
90 560
90 961
90 1163
90 1536
90 1568
91 32
91 448
91 1354
92 135
92 456
92 520
92 778
92 796
92 932
92 1522
93 4
93 193
93 1217
94 403
95 304
95 658
96 10
96 22
96 32
96 34
96 89
96 112
96 290
96 320
96 400
96 448
96 498
96 524
96 675
96 795
96 881
96 986
96 1173
96 1316
96 1474
96 1540
96 1807
97 25
97 48
97 212
97 544
97 652
97 657
97 940
97 1082
97 1111
97 1216
97 1348
98 2
98 588
98 612
98 1253
99 45
99 176
99 668
99 836
99 857
99 1384
100 64
100 212
100 364
100 468
100 544
100 588
100 824
100 993
100 1034
100 1470
101 4
101 136
101 164
101 596
101 613
101 972
101 1041
101 1048
101 1158
102 273
102 404
102 807
102 1090
102 1408
103 162
103 1536
103 1664
104 7
104 32
104 97
104 263
104 267
104 324
104 368
104 648
104 698
104 905
105 3
105 32
105 42
105 144
105 228
105 240
105 688
105 800
105 825
105 896
106 6
106 48
106 216
106 432
106 465
106 550
106 644
106 864
106 1153
106 1220
106 1412
107 16
107 162
107 448
107 645
107 650
107 751
107 752
107 1066
107 1088
107 1356
108 17
108 560
108 601
108 806
108 1072
108 1152
109 210
109 264
109 1808
110 9
110 58
110 128
110 578
111 36
111 53
111 268
111 273
111 544
111 1027
111 1304
112 34
112 404
112 520
112 538
112 812
112 1080
112 1697
113 20
113 48
113 232
113 1168
113 1297
114 576
114 612
114 1026
114 1184
114 1233
114 1920
115 16
115 128
115 576
115 1638
116 138
116 1170
116 1697
117 128
117 142
117 264
117 390
117 514
117 1299
118 10
118 27
118 592
118 851
118 1209
118 1677
119 77
119 133
119 260
120 49
120 148
120 161
120 337
120 400
120 416
120 520
120 549
120 568
120 629
120 811
120 1414
120 1505
120 1672
120 1690
121 124
121 472
121 578
121 908
121 973
122 320
122 532
122 636
122 1978
123 16
123 508
124 0
124 434
124 530
124 1144
125 152
126 22
126 247
126 1756
127 1060
127 1246
128 24
128 52
128 134
128 166
128 180
128 197
128 282
128 389
128 484
128 533
128 594
128 872
128 1036
128 1050
128 1123
128 1185
128 1556
128 1740
128 1930
129 29
129 131
129 226
129 260
129 328
129 352
129 369
129 534
129 596
129 687
129 782
129 936
129 1122
129 1415
129 1670
129 1736
129 1856
129 2001
130 13
130 17
130 38
130 67
130 96
130 227
130 260
130 290
130 526
130 1092
130 1296
130 1420
130 1792
131 0
131 17
131 18
131 96
131 132
131 289
131 309
131 320
131 676
131 1444
132 43
132 82
132 261
132 268
132 288
132 321
132 384
132 400
132 534
132 579
132 580
132 654
132 699
132 1106
132 1110
132 1185
132 1236
132 1312
132 1665
132 1874
133 34
133 71
133 93
133 197
133 277
133 382
133 618
133 770
133 857
133 1029
133 1048
133 1539
133 1952
134 19
134 33
134 52
134 96
134 105
134 108
134 112
134 130
134 141
134 168
134 180
134 400
134 802
134 1026
134 1263
134 1544
134 1696
135 109
135 272
135 338
135 384
135 1026
135 1442
136 27
136 66
136 92
136 206
136 236
136 592
136 689
136 900
136 1025
136 1026
136 1226
136 1570
136 1701
136 1904
137 0
137 26
137 170
137 208
137 256
137 306
137 400
137 585
137 591
137 611
137 720
137 778
137 921
137 930
137 1123
137 1188
137 1297
137 1414
138 34
138 96
138 106
138 128
138 132
138 288
138 513
138 577
138 784
138 840
138 1033
138 1280
138 1448
138 1504
138 1792
139 8
139 230
139 274
139 792
139 1138
139 1168
139 1713
140 15
140 30
140 178
140 266
140 339
140 384
140 516
140 517
140 560
140 1129
140 1617
141 10
141 88
141 263
141 526
141 544
141 586
141 1055
141 1618
142 79
142 296
142 344
142 517
142 572
142 652
142 896
142 912
142 992
142 1101
143 297
143 900
144 67
144 79
144 489
144 518
144 643
144 776
144 777
144 880
144 904
144 920
144 933
144 1127
144 1322
144 1328
144 1345
144 1541
145 1
145 55
145 66
145 142
145 294
145 548
145 833
145 848
145 1422
145 1430
145 1480
145 1547
145 1688
145 1728
145 1766
146 2
146 3
146 46
146 140
146 188
146 242
146 464
146 480
146 652
146 770
146 968
146 1057
146 1793
146 1977
147 33
147 97
147 193
147 558
147 1281
147 1808
148 5
148 259
148 323
148 409
148 521
148 533
148 860
148 1608
148 1926
148 1996
149 52
149 80
149 545
149 626
149 722
149 1057
149 1283
149 1416
149 1843
150 9
150 16
150 18
150 194
150 437
150 512
150 650
150 1088
150 1560
150 1686
151 9
151 577
151 773
151 1031
151 1252
151 1416
151 1600
151 1955
152 26
152 34
152 178
152 352
152 419
152 450
152 534
152 1161
152 1230
152 1417
152 1536
152 1558
152 1638
153 640
153 1038
153 1317
153 1568
154 38
154 68
154 280
154 320
154 321
154 514
155 65
155 117
156 32
156 80
156 512
156 530
156 558
156 1092
156 1124
156 1216
156 1537
156 1544
156 1613
157 140
157 288
157 1153
157 1415
158 106
158 214
158 962
158 1242
158 1559
159 1408
159 1619
159 1792
160 0
160 4
160 108
160 160
160 272
160 459
160 524
160 1096
160 1122
160 1228
160 1345
160 1372
160 1547
160 1728
161 294
161 299
161 404
161 469
161 571
161 897
161 906
161 1001
161 1260
161 1680
161 1735
161 1780
162 520
162 580
162 584
162 641
162 856
162 1032
162 1401
162 1861
163 1
163 52
163 54
163 308
163 1083
163 1282
163 1596
164 539
164 560
164 788
164 973
164 984
164 1309
164 1700
164 1721
165 0
165 100
165 251
165 530
165 620
165 627
165 665
165 902
165 1620
165 1917
166 16
166 784
166 832
166 880
166 1185
166 1296
166 1736
166 2004
167 0
167 16
167 1995
168 0
168 2
168 4
168 144
168 226
168 800
168 929
168 1328
168 1336
168 1652
168 1845
169 0
169 286
169 288
169 298
169 512
169 548
169 1428
169 1944
170 48
170 257
170 401
170 432
170 514
170 809
170 1043
170 1188
171 130
171 685
171 1045
171 1340
171 1355
171 1392
171 1539
172 41
172 46
172 50
172 79
172 109
172 902
172 1024
172 1112
172 1517
172 1674
173 32
173 288
173 403
173 1302
173 1844
174 20
174 332
174 516
174 1036
174 1044
174 1048
174 1088
175 377
175 750
176 4
176 85
176 98
176 156
176 969
176 1008
176 1104
176 1361
176 1496
177 12
177 97
177 212
177 295
177 314
177 352
177 648
177 968
177 1412
177 1950
177 1958
178 259
178 392
178 682
178 1062
178 1063
178 1537
179 20
179 592
179 1614
180 80
180 357
180 368
180 1024
180 1035
180 1310
180 1433
180 1473
181 40
182 0
182 200
182 435
182 450
182 586
182 1997
183 73
183 785
184 90
184 135
184 401
184 925
184 1090
184 1152
184 1992
185 716
185 1129
185 1203
185 1926
186 4
186 24
186 266
186 1096
186 1920
187 1216
188 0
188 265
188 289
188 456
188 1037
188 1093
188 1545
189 311
189 360
189 465
189 538
189 848
189 1091
190 47
190 1057
190 1160
190 1552
192 0
192 2
192 17
192 162
192 674
192 818
192 944
192 1030
192 1049
192 1088
192 1089
192 1152
192 1153
192 1888
193 7
193 10
193 56
193 134
193 136
193 270
193 449
193 562
193 597
193 692
193 769
193 820
193 1052
193 1104
193 1137
193 1162
193 1316
193 1722
194 83
194 266
194 480
194 546
194 849
194 852
194 901
194 1412
195 0
195 8
195 22
195 42
195 65
195 260
195 353
195 449
195 835
195 1237
195 1390
195 1438
195 1812
195 1893
196 17
196 105
196 257
196 258
196 282
196 296
196 308
196 482
196 512
196 1061
196 1409
197 554
197 581
197 1715
198 14
198 358
198 385
198 650
198 1322
199 32
199 52
199 1817
200 0
200 50
200 134
200 228
200 256
200 272
200 307
200 528
200 563
200 643
200 674
200 940
200 1036
200 1061
200 1152
200 1160
200 1536
200 1762
200 1832
201 208
201 263
201 321
201 512
201 608
201 776
201 1028
201 1216
201 1354
202 55
202 187
202 662
202 1332
202 1880
203 5
203 169
203 1274
204 211
204 387
204 630
204 768
204 880
205 57
205 258
205 528
205 1026
205 1202
206 3
206 161
206 536
207 39
207 644
208 4
208 8
208 67
208 535
208 548
208 577
208 629
208 736
208 1312
208 1314
208 1381
209 14
209 128
209 129
209 261
209 291
209 541
209 1025
209 1284
209 1303
210 1
210 132
210 297
210 624
210 1028
210 1040
210 1072
210 1281
211 47
211 128
211 228
211 338
211 517
211 528
211 837
211 1560
212 16
212 68
212 292
212 328
212 346
212 921
212 1031
212 1060
212 1112
212 1316
212 1319
213 140
213 1036
213 1047
213 1221
214 157
214 256
215 0
215 2
215 280
216 68
216 160
216 616
216 1028
216 1473
216 1993
217 74
217 132
217 548
217 560
217 592
217 1098
217 1233
218 95
218 140
218 450
219 1152
219 1516
220 140
220 806
222 772
223 642
224 132
224 160
224 593
224 648
224 726
224 1032
224 1670
225 48
225 289
225 325
225 328
225 419
225 672
225 1040
225 1048
225 1184
225 1251
225 1281
225 1444
225 1512
225 1793
225 1901
226 68
226 86
226 144
226 640
226 1258
226 1413
226 1856
226 1927
227 102
227 422
228 33
228 665
228 850
228 1024
228 1333
229 1
229 266
229 391
229 525
229 529
229 562
229 658
229 1032
229 1192
229 1794
229 1876
230 1119
230 1153
230 1348
230 1704
230 1793
231 20
231 291
231 296
231 1210
231 1872
232 40
232 173
232 266
232 396
232 517
232 549
232 788
232 993
232 1120
233 391
234 16
234 1085
235 258
235 473
235 1340
235 1872
236 81
236 138
236 561
236 591
236 1168
236 1633
236 1792
237 258
237 356
237 460
237 652
238 291
238 773
239 720
239 970
239 1472
240 20
240 59
240 101
240 110
240 132
240 150
240 583
240 931
240 1072
241 342
241 1576
242 0
242 2
242 146
242 258
242 284
242 1186
242 1829
243 204
243 1317
243 1592
244 0
244 1815
245 1076
245 1116
245 1292
245 1312
246 8
247 8
247 256
247 1668
248 514
248 1334
248 2011
249 0
249 1026
249 1155
250 4
250 128
250 269
250 419
250 1054
250 1654
251 352
252 1161
253 1637
253 1872
256 16
256 40
256 72
256 100
256 129
256 185
256 268
256 416
256 536
256 575
256 650
256 691
256 792
256 1016
256 1260
256 1516
256 1648
256 1820
256 1891
256 1901
257 0
257 3
257 88
257 258
257 288
257 299
257 428
257 524
257 778
257 984
257 1363
258 59
258 256
258 273
258 406
258 529
258 561
258 652
258 772
258 787
258 1025
258 1112
258 1345
258 1419
258 1422
258 1446
258 1796
258 1804
259 70
259 228
259 257
259 520
259 673
259 1048
259 1492
259 1568
259 1640
259 1832
260 4
260 16
260 20
260 48
260 165
260 211
260 512
260 820
260 1056
260 1082
260 1089
260 1234
260 1296
260 1362
260 1555
260 1589
260 1839
261 1
261 34
261 168
261 407
261 560
261 612
261 1170
261 1920
262 1
262 30
262 233
262 256
262 641
262 1080
262 1922
263 24
263 69
263 265
263 544
263 593
263 912
263 1826
264 21
264 257
264 387
264 416
264 421
264 560
264 582
264 640
264 641
264 979
264 1024
264 1050
264 1157
264 1584
264 1591
264 1655
264 1716
264 1862
265 4
265 81
265 208
265 303
265 340
265 384
265 538
265 792
265 1040
265 1084
265 1541
265 1830
266 93
266 267
266 325
266 641
267 32
267 42
267 65
267 190
267 873
267 964
267 1136
267 1138
267 1417
267 1477
267 1797
268 48
268 104
268 529
268 700
268 745
268 1028
268 1182
268 1265
268 1600
268 1616
269 18
269 39
269 128
269 161
269 276
269 320
269 458
269 743
269 1322
269 1352
269 1377
269 1482
269 1606
269 1610
269 1618
269 1728
270 578
270 864
270 1074
270 1388
270 1458
270 1568
271 71
271 424
271 1177
271 1320
271 1704
272 64
272 98
272 132
272 156
272 276
272 329
272 705
272 1038
272 1050
272 1122
272 1237
272 1300
272 1527
272 1640
272 1712
272 1955
273 88
273 340
273 640
273 1049
273 1056
273 1124
273 1281
273 1572
273 1710
274 8
274 48
274 49
274 96
274 164
274 201
274 320
274 800
274 1367
274 1558
274 1576
274 1577
274 1902
275 18
275 112
275 128
275 545
275 648
275 834
275 1072
275 1667
275 1677
276 96
276 164
276 212
276 261
276 263
276 272
276 295
276 360
276 512
276 768
276 1025
276 1162
276 1411
276 1479
276 1811
277 139
277 160
277 306
277 376
277 389
277 530
277 1056
277 1389
278 161
278 165
278 205
278 708
278 768
279 977
280 128
280 193
280 203
280 355
280 519
280 581
280 587
280 672
280 675
280 747
280 834
280 1189
280 1213
280 1604
281 144
281 196
281 202
281 273
281 380
281 802
281 1156
281 1380
281 1449
281 1602
281 1667
282 5
282 83
282 88
282 325
282 404
282 434
282 605
282 968
282 1188
283 450
283 1172
283 1849
284 5
284 20
284 433
284 527
284 698
284 1352
285 12
285 156
285 262
285 394
285 592
285 1569
285 1572
285 1807
286 12
286 19
286 33
286 34
286 592
286 1240
287 12
287 129
287 274
287 301
287 1024
288 177
288 225
288 260
288 275
288 296
288 323
288 380
288 392
288 535
288 661
288 698
288 708
288 812
288 1321
288 1376
288 1566
288 1768
288 1792
288 1867
289 100
289 156
289 1045
289 1544
289 1669
289 2018
290 7
290 8
290 100
290 226
290 258
290 430
290 1328
290 1568
290 1572
291 25
291 72
291 73
291 100
291 136
291 263
292 29
292 188
292 193
292 262
292 512
292 554
292 770
292 1090
292 1728
292 1923
292 2036
293 22
293 192
293 329
293 362
293 519
293 617
293 772
293 1024
293 1150
293 1370
293 1432
294 149
294 320
294 338
294 649
294 1814
295 0
295 12
295 608
295 1634
296 108
296 282
296 536
296 538
296 598
296 778
296 1089
296 1171
296 1217
296 1267
296 1584
296 1608
296 1730
297 7
297 119
297 268
297 331
297 442
297 1087
297 1237
297 2004
298 16
298 156
298 268
298 292
298 521
298 524
298 813
298 940
298 963
298 1195
298 1586
298 1628
299 304
299 1606
300 205
300 403
300 664
300 769
300 1632
301 1537
301 1969
302 1108
303 129
303 177
303 523
304 16
304 100
304 328
304 1024
304 1554
304 1978
305 5
305 35
305 104
305 105
305 278
305 512
305 1536
306 8
306 35
306 72
306 657
306 1233
306 1339
307 0
307 99
307 256
307 417
307 1419
307 1570
307 1576
307 1740
308 28
308 48
308 55
308 345
308 747
308 835
308 906
308 1032
308 1061
308 1090
308 1576
308 1808
309 320
309 532
309 736
309 1096
309 1154
309 1234
310 65
310 134
310 536
310 1489
310 1856
311 82
311 192
311 1351
312 3
312 4
312 9
312 76
312 88
312 98
312 612
312 1062
312 1080
312 1368
312 1412
313 315
313 520
313 1091
313 1100
313 1538
313 1546
314 144
314 1032
314 1281
314 1608
315 7
315 420
315 1184
316 82
316 368
316 579
316 836
316 1024
316 1280
316 1361
317 0
317 197
317 259
318 20
318 1643
319 384
320 17
320 24
320 35
320 36
320 69
320 169
320 281
320 428
320 492
320 648
320 767
320 800
320 1026
320 1044
320 1075
320 1089
320 1158
320 1568
320 1665
321 37
321 352
321 425
321 533
321 544
321 677
321 712
321 1049
321 1105
321 1316
322 73
322 103
322 208
322 308
322 518
322 1041
322 1164
322 1168
322 1441
322 1552
322 1749
322 2000
323 7
323 144
323 164
323 258
323 452
323 616
323 852
323 1133
323 1416
323 1730
324 66
324 114
324 192
324 258
324 404
324 520
324 569
324 635
324 658
324 738
324 1348
324 1764
324 1900
325 4
325 564
325 1568
326 0
326 3
326 9
326 421
326 444
326 551
326 682
326 780
326 1032
326 1060
327 529
327 596
327 1160
327 1704
328 2
328 92
328 164
328 336
328 379
328 419
328 688
328 794
328 1129
328 1162
328 1191
328 1219
328 1793
329 180
329 204
329 648
329 1195
329 1566
329 1658
330 9
330 524
330 1029
331 130
331 316
331 1103
331 1155
332 5
332 7
332 58
332 64
332 136
332 182
332 401
332 1146
332 1202
332 1603
333 2
333 68
333 139
333 418
333 643
333 1092
333 1128
333 1432
333 1536
333 1552
334 14
334 52
334 68
334 138
334 277
334 533
334 838
334 1024
336 128
336 139
336 297
336 355
336 448
336 526
336 572
336 1062
336 1320
336 1345
336 1793
337 14
337 341
337 1024
337 1096
337 1188
337 1285
338 11
338 64
338 261
338 1009
339 9
339 400
339 560
339 1304
340 4
340 76
340 146
340 259
340 265
340 422
340 529
340 696
340 1958
340 1984
341 1145
341 1537
342 144
342 636
342 1291
342 1468
342 1564
342 1812
342 1961
343 321
344 512
344 802
344 1410
344 1804
345 212
345 392
345 522
345 712
345 770
345 1748
346 44
346 677
346 1017
346 1090
347 12
348 2
348 16
348 546
348 752
348 805
349 8
349 1062
349 1305
350 779
350 1071
352 156
352 224
352 260
352 405
352 1266
352 1515
353 263
353 669
353 674
353 1024
353 1026
353 1102
353 1824
354 9
354 72
354 258
354 512
354 520
354 641
354 908
354 1335
355 24
355 1088
355 1579
356 21
356 98
356 454
356 568
356 640
356 985
356 1117
356 1348
356 2036
357 34
357 945
357 1106
357 1170
357 1672
358 34
358 179
358 527
358 1432
359 0
359 508
359 1568
359 1766
360 209
360 341
360 378
360 718
360 1026
361 115
361 166
361 644
361 1184
361 1928
362 0
362 128
362 256
362 1025
362 1294
363 129
363 1472
364 610
364 1096
364 1890
365 18
365 530
365 1083
366 1040
366 1538
366 1603
367 672
367 840
368 44
368 49
368 192
368 200
368 288
368 360
368 784
368 821
368 936
369 21
369 149
369 268
369 277
369 534
369 768
369 849
369 1024
369 1152
370 480
370 524
370 526
370 1056
370 1061
370 1556
371 5
371 134
371 1222
372 68
372 133
372 232
373 1224
374 60
374 313
375 567
375 908
376 133
376 640
377 98
378 657
379 67
379 184
379 220
380 72
380 129
380 222
380 258
380 272
380 449
380 580
380 654
381 897
381 1064
382 268
382 336
382 1602
382 1608
383 768
384 49
384 386
384 532
384 533
384 1059
384 1092
384 1213
384 1279
384 1280
384 1334
384 1344
384 1602
384 1732
384 1812
385 16
385 120
385 130
385 261
385 358
385 1232
385 1541
385 1568
385 2000
386 20
386 296
386 300
386 380
386 720
386 800
386 820
386 1056
386 1158
386 1540
386 1665
386 1680
387 337
387 530
387 620
387 1080
387 1200
387 1398
388 72
388 158
388 160
388 545
388 576
388 1040
388 1065
388 1283
388 1768
389 322
389 576
389 923
389 1130
389 1171
390 21
390 176
390 337
390 390
390 1074
390 1634
390 1914
391 1057
391 1833
392 2
392 6
392 8
392 33
392 129
392 552
392 1027
392 1585
392 1865
393 388
393 529
393 933
393 1051
393 1410
393 1515
393 1554
393 1809
394 1
394 10
394 48
394 196
394 1042
394 1058
394 1060
394 1073
394 1344
394 1528
395 293
395 393
395 658
395 1770
396 141
396 166
396 264
396 374
397 285
397 1160
397 1462
397 1552
398 164
398 244
398 1270
399 681
400 24
400 516
400 1030
400 1538
401 104
401 164
401 1168
401 1477
401 1536
401 1623
402 423
402 1076
402 1126
402 1287
403 74
403 306
403 560
403 1192
404 2
404 8
404 48
404 52
404 68
404 752
404 1040
404 1041
404 1090
404 1179
404 1817
405 1090
406 1
406 73
406 128
406 312
406 824
406 898
406 1166
406 1217
407 20
407 257
407 626
408 67
408 152
408 184
408 258
408 625
408 1088
408 1169
408 1361
408 1667
409 62
409 709
409 772
409 1496
409 1865
410 17
410 39
410 132
410 337
410 1426
411 192
411 1030
412 81
412 128
412 133
412 180
412 261
412 356
412 1414
413 288
413 937
413 1890
413 1998
414 423
414 626
414 1058
414 1166
415 954
415 1248
415 1650
416 24
416 80
416 256
416 265
416 320
416 420
416 1298
416 1508
416 1892
417 88
417 206
417 569
417 648
417 728
417 828
417 854
417 1041
417 1177
418 16
418 96
418 163
418 1024
418 1444
419 6
419 14
419 21
419 1028
419 1152
420 29
420 64
420 73
420 738
420 1315
421 154
421 200
421 281
421 324
421 780
421 1331
421 1482
422 74
422 178
422 665
422 1024
422 1370
424 421
424 643
425 1344
426 0
426 433
426 769
426 963
426 1598
427 268
427 521
427 757
428 490
428 697
429 109
429 1112
429 1642
430 448
430 1075
430 1926
431 16
431 1094
432 12
432 18
432 45
432 129
432 201
432 610
432 640
432 1089
432 1097
432 1122
433 276
433 290
433 387
433 400
434 209
434 258
434 1414
435 58
435 1577
436 394
436 532
436 1235
436 1350
437 384
437 710
438 400
438 704
439 384
439 720
440 9
440 768
440 1137
440 1313
441 456
441 594
441 1510
441 1664
442 192
442 280
442 1228
443 98
443 865
443 1430
443 1754
444 1033
444 1249
445 171
445 1040
445 1313
445 1540
446 264
446 1734
446 1860
446 1948
448 84
448 96
448 153
448 216
448 449
448 897
448 1024
448 1440
448 1540
449 0
449 462
449 968
449 1141
449 1187
450 265
450 578
450 660
450 817
450 1225
451 12
451 135
451 214
451 289
451 550
451 776
451 806
451 854
452 148
452 170
452 195
452 268
452 1427
453 304
453 429
453 513
453 568
453 1049
453 1159
453 1289
453 1484
454 603
454 692
454 896
454 1129
454 1284
454 1796
455 533
455 778
455 1303
455 1584
456 9
456 98
456 106
456 692
456 864
456 1120
456 1153
457 0
457 53
457 64
457 160
457 1076
457 1280
457 1544
457 1688
458 0
458 18
458 160
458 788
458 1540
458 1560
459 82
459 195
459 596
459 722
459 932
460 1631
461 126
461 522
461 649
461 1302
461 1477
461 1568
462 1069
463 1026
464 945
464 1088
464 1094
464 1802
465 56
465 68
465 163
465 783
466 295
466 385
466 531
467 1378
467 1681
468 274
468 569
468 782
468 1034
468 1155
468 1169
468 1956
469 388
469 1956
470 276
470 1358
471 9
471 619
471 1195
471 1280
471 1561
472 50
472 182
472 324
472 785
472 1284
473 771
473 1034
473 1696
474 0
474 692
474 1696
475 354
475 1063
475 1064
476 492
476 646
476 1088
477 112
477 587
478 44
478 112
478 484
478 512
478 580
478 1221
480 19
480 31
480 224
480 269
480 1112
480 1120
480 1254
481 528
481 896
481 1120
482 4
482 5
482 16
482 87
482 102
482 264
482 788
482 1066
482 1800
482 1804
482 1828
483 1571
484 2
484 261
484 1030
484 1816
485 730
486 38
486 326
486 1046
487 4
488 578
488 706
488 1288
489 131
489 1026
489 1131
490 3
490 1168
490 1521
493 480
495 31
495 65
496 526
496 832
496 1084
496 1299
496 1904
497 136
498 1
498 145
498 165
498 290
499 785
499 1613
500 1161
501 72
501 1906
504 576
504 1797
505 1624
508 649
508 1031
508 1060
509 224
509 848
510 25
510 773
511 112
512 1
512 15
512 58
512 64
512 138
512 256
512 264
512 309
512 324
512 335
512 344
512 576
512 594
512 650
512 740
512 812
512 1074
512 1078
512 1344
512 1392
512 1592
512 1711
512 1729
513 7
513 24
513 68
513 677
513 678
513 982
513 1192
513 1218
513 1232
513 1392
514 0
514 3
514 97
514 110
514 144
514 161
514 173
514 320
514 356
514 389
514 400
514 419
514 521
514 773
514 1318
514 1547
514 1563
514 1581
514 1793
515 22
515 582
515 776
515 936
515 978
515 1058
515 1088
516 28
516 39
516 104
516 105
516 282
516 289
516 301
516 314
516 517
516 520
516 828
516 912
516 1024
516 1316
516 1569
517 8
517 65
517 115
517 272
517 348
517 736
517 776
517 778
517 1036
517 1168
517 1531
517 1673
518 27
518 70
518 138
518 193
518 261
518 587
518 769
518 966
518 1004
518 1537
518 1729
518 1774
519 20
519 122
519 130
519 330
519 463
519 578
519 1118
519 1569
520 11
520 128
520 134
520 242
520 403
520 486
520 516
520 525
520 536
520 1102
520 1408
520 1728
520 1794
521 30
521 67
521 70
521 868
521 1056
521 1057
521 1569
522 0
522 17
522 114
522 158
522 189
522 248
522 264
522 292
522 651
522 1036
522 1175
522 1527
523 54
523 769
523 1095
523 1155
523 1180
523 1307
523 1680
524 50
524 54
524 129
524 147
524 196
524 256
524 319
524 416
524 528
524 1040
524 1152
524 1858
525 67
525 148
525 160
525 234
525 1056
525 1106
525 1287
526 1
526 40
526 96
526 391
526 1084
526 1336
526 1442
527 361
527 450
527 1694
528 1
528 40
528 168
528 188
528 206
528 322
528 324
528 332
528 416
528 458
528 499
528 707
528 721
528 774
528 785
528 848
528 1026
528 1068
528 1072
528 1200
528 1224
528 1286
528 1456
528 1862
528 1888
529 137
529 148
529 279
529 302
529 468
529 572
529 608
529 647
529 869
529 1032
529 1105
529 1194
529 1339
529 1410
529 1728
530 62
530 75
530 81
530 131
530 466
530 746
530 949
530 1027
531 10
531 28
531 683
531 1058
531 1104
531 1184
531 1342
532 2
532 40
532 130
532 131
532 327
532 529
532 576
532 648
532 809
532 1110
532 1536
532 1538
532 1878
532 1896
532 1920
533 4
533 8
533 270
533 540
533 645
533 1024
533 1163
533 1303
534 1
534 4
534 782
534 897
534 908
534 1238
534 1348
534 1748
534 1813
534 1842
535 448
535 483
535 821
536 26
536 140
536 168
536 325
536 522
536 549
536 603
536 623
536 784
536 833
536 852
536 1072
536 1137
536 1300
536 1423
536 1681
537 22
537 41
537 392
537 1026
537 1068
538 167
538 265
538 345
538 480
538 514
538 520
538 641
538 1220
538 1344
538 1536
538 1693
539 129
539 642
539 1027
539 1561
539 1584
540 72
540 208
540 246
540 256
540 546
540 668
540 1054
540 1100
540 1194
541 36
541 136
541 199
541 1313
541 1582
542 69
542 648
542 1059
542 1416
543 11
543 586
543 683
543 978
543 1027
543 1308
543 1545
544 99
544 132
544 150
544 160
544 192
544 208
544 328
544 753
544 1045
544 1093
544 1186
544 1348
544 1426
544 1466
544 1600
545 216
545 265
545 306
545 339
545 513
545 658
545 1700
546 88
546 92
546 258
546 321
546 1168
546 1222
546 1346
546 1862
547 129
547 169
547 276
547 673
547 1152
548 0
548 37
548 108
548 201
548 261
548 524
548 1090
548 1282
548 1743
549 30
549 34
549 128
549 152
549 297
549 400
549 461
549 721
550 12
550 256
550 665
550 671
550 833
550 984
551 130
551 576
551 1588
552 2
552 96
552 266
552 358
552 667
552 978
552 1032
552 1107
552 1152
552 1234
552 1795
553 10
553 36
553 68
553 210
553 640
553 848
553 1938
554 1
554 20
554 26
554 36
554 147
554 354
554 590
554 1029
554 1090
554 1483
554 1569
554 1669
554 1794
555 65
555 131
555 1568
556 513
556 646
556 856
556 900
556 1056
556 1287
556 1611
557 1090
557 1305
558 264
558 581
558 590
558 671
558 1732
559 24
559 1030
559 1328
560 288
560 1041
560 1169
560 1967
561 233
561 327
561 671
561 1296
562 25
562 134
562 136
562 220
562 256
562 388
562 393
562 394
562 1893
563 513
563 773
564 96
564 97
564 130
564 192
564 425
564 461
564 1604
565 3
565 16
565 75
565 513
565 1768
566 1105
567 215
567 1283
568 32
568 202
568 329
568 521
568 707
569 451
569 1071
569 1177
569 1264
570 322
570 580
570 1036
570 1126
570 1157
570 1286
571 214
571 267
572 85
572 712
572 838
572 965
572 1077
573 238
573 387
573 537
573 1169
574 309
575 144
576 16
576 77
576 128
576 136
576 144
576 157
576 258
576 276
576 386
576 513
576 526
576 552
576 883
576 1152
576 1186
576 1558
576 1664
576 1927
577 1
577 6
577 292
577 908
577 1025
577 1277
577 1305
577 1344
577 1550
577 1601
577 1968
578 1
578 100
578 112
578 116
578 180
578 182
578 290
578 512
578 579
578 609
578 646
578 844
578 1160
578 1345
578 1440
578 1472
578 1806
578 1830
579 801
579 969
579 1140
579 1318
579 1412
579 1897
580 6
580 54
580 194
580 542
580 611
580 824
580 1029
580 1218
580 1834
581 1
581 600
581 1399
581 1561
582 273
582 417
582 545
582 669
582 711
582 1029
582 1057
582 1152
582 1296
582 1572
583 338
583 580
583 642
583 910
583 1028
583 1074
583 1850
584 18
584 31
584 131
584 172
584 185
584 388
584 529
584 552
584 682
584 843
584 883
584 1093
584 1250
584 1635
584 1680
584 1937
584 1987
585 2
585 37
585 178
585 632
585 1024
585 1182
586 36
586 445
586 1083
586 1550
586 1952
588 1
588 17
588 24
588 32
588 451
588 1092
589 1482
589 1955
590 337
590 1537
591 277
591 476
591 856
591 900
592 3
592 88
592 162
592 185
592 259
592 1043
592 1093
592 1328
592 1344
592 1368
592 1808
593 32
593 844
593 1056
593 1116
594 165
594 782
594 1039
594 1348
594 1556
594 1600
594 1860
596 114
596 144
596 214
596 596
596 776
596 1602
596 1700
596 1730
596 1850
597 576
597 896
597 945
598 96
598 314
598 1070
599 1248
599 1284
600 33
600 53
600 166
600 302
600 472
600 482
600 840
600 1463
600 1640
601 0
601 264
601 285
601 320
601 481
601 591
601 1664
601 1699
601 1738
602 16
602 64
602 851
602 1089
602 1168
602 1312
602 1536
602 1844
602 1890
603 12
604 1216
605 96
605 169
605 561
606 118
606 1165
607 20
608 0
608 9
608 57
608 64
608 99
608 208
608 259
608 336
608 413
608 520
608 675
608 904
608 972
608 1869
609 2
609 35
609 48
609 66
609 70
609 133
609 136
609 450
609 535
609 779
609 1121
609 1800
610 0
610 788
610 1928
611 403
611 641
611 1024
611 1097
612 10
612 132
612 385
612 494
612 548
612 577
612 1505
612 2032
613 1032
614 112
614 194
614 272
615 266
616 0
616 133
616 210
616 532
616 640
616 900
616 1312
616 1616
617 1
617 168
617 260
617 638
617 1040
618 90
618 361
618 724
618 1265
618 1856
619 0
619 121
619 1090
620 12
620 34
620 413
620 525
620 644
620 1060
620 1560
620 1620
620 1691
621 65
621 68
621 190
621 1033
621 1537
622 368
622 518
622 1180
623 85
624 24
624 514
624 546
624 609
624 850
624 1032
624 1036
624 1237
624 1686
625 9
625 71
625 132
625 260
625 320
625 525
625 993
625 1154
626 386
626 822
626 1222
626 1289
626 1680
626 1797
627 392
627 977
627 1040
627 1163
628 210
628 346
628 530
628 996
629 28
629 164
629 822
630 346
630 1728
631 32
631 744
632 140
632 1092
632 1314
632 1804
634 276
634 1165
634 1330
634 1537
635 296
636 182
636 1041
637 224
638 515
638 1509
639 129
640 38
640 52
640 64
640 66
640 109
640 272
640 320
640 529
640 556
640 603
640 652
640 774
640 1040
640 1068
640 1136
640 1157
640 1511
640 1675
641 48
641 96
641 436
641 464
641 513
641 544
641 813
641 1027
641 1301
641 1577
642 42
642 148
642 170
642 179
642 192
642 387
642 389
642 406
642 728
642 1030
642 1066
642 1160
642 1187
642 1496
643 178
643 284
643 296
643 338
643 356
643 419
643 1024
643 1248
643 1272
643 1488
643 1668
644 36
644 97
644 148
644 548
644 1080
644 1098
644 1125
644 1156
645 388
645 576
645 812
646 29
646 112
646 230
646 512
646 517
646 560
646 1064
646 1098
646 1138
646 1193
646 1925
647 212
647 684
647 704
647 1032
648 1
648 17
648 20
648 56
648 314
648 420
648 593
648 624
648 848
648 1258
649 16
649 71
649 121
649 983
649 1028
649 1079
649 1378
649 1730
650 32
650 140
650 332
650 1040
650 1060
650 1074
650 1294
650 1728
651 96
651 353
651 520
651 673
651 1045
651 1289
651 1384
651 1616
651 1667
651 1872
652 482
652 538
652 566
652 1080
652 1264
652 1549
653 514
654 17
654 33
654 273
654 1794
654 1800
655 592
656 17
656 99
656 147
656 217
656 702
656 708
656 837
656 1096
656 1697
657 38
657 121
657 360
657 392
657 1364
657 1829
658 1482
658 1548
658 1573
659 21
659 39
659 481
659 516
659 1038
659 1335
660 8
660 136
660 385
660 408
660 415
660 535
660 552
660 870
660 1327
660 1475
660 1810
661 590
661 1082
662 124
662 156
662 402
662 913
662 1184
663 60
663 281
663 1072
664 178
664 211
664 1840
665 240
665 326
665 372
665 1144
665 1157
666 198
666 320
666 502
666 1106
666 1109
667 41
667 725
667 1097
668 23
668 54
668 164
668 544
668 576
668 684
668 784
668 1125
668 1346
668 1701
669 1409
669 1570
670 96
670 266
670 1120
670 1616
672 41
672 718
672 911
672 1243
672 1358
673 5
673 27
673 337
673 418
673 526
673 1037
673 1065
674 27
674 53
674 341
674 419
674 451
674 833
674 1043
675 36
675 279
675 412
675 633
675 1074
675 1177
676 0
676 88
676 122
676 293
676 361
676 545
676 691
676 790
676 882
676 1049
676 1130
676 1458
677 1106
677 1794
678 21
678 65
678 320
678 401
678 686
678 717
679 536
679 1309
680 18
680 388
680 501
680 1489
680 1985
681 84
681 494
681 697
681 1046
681 1212
681 1792
682 64
682 358
682 770
682 1336
682 1954
683 466
683 626
683 1901
684 10
684 201
684 447
684 549
684 707
684 774
686 1322
687 74
687 784
688 77
688 530
688 568
688 915
689 14
689 426
689 515
689 1027
690 186
690 264
690 384
690 609
690 1042
690 1102
690 1606
691 640
691 1671
692 384
692 444
692 1256
693 57
693 174
693 219
694 1024
695 1064
696 17
696 27
696 162
696 545
697 388
697 399
697 817
697 1795
697 1797
698 168
698 1639
698 1676
699 256
699 285
699 1540
700 43
702 1121
704 0
704 2
704 128
704 356
704 1547
704 1696
705 768
705 900
705 1536
705 1562
705 1606
706 64
706 104
706 320
706 513
706 656
706 672
706 1566
706 1608
707 0
707 49
707 289
707 524
708 36
708 1404
708 1891
708 2005
709 17
709 186
709 211
709 262
709 820
709 1028
709 1100
709 1101
709 1835
710 64
710 1059
710 1168
712 89
712 98
712 152
712 177
712 256
712 279
712 1282
713 516
713 848
713 1058
713 1088
713 1196
713 1304
714 567
714 1282
714 1792
714 1798
715 508
715 1805
715 1851
716 8
716 162
716 1536
716 1605
717 769
717 1416
717 1700
719 193
720 4
720 153
720 298
720 522
720 532
720 557
720 1032
720 1041
720 1397
720 1578
721 14
721 60
721 192
721 396
721 419
721 624
721 869
721 1288
722 160
722 736
722 1024
723 11
723 1365
723 1412
723 1566
723 1681
724 1
724 64
724 66
724 99
724 167
724 315
724 546
724 1440
724 1568
725 16
725 1058
725 1606
726 683
726 1142
727 1240
728 0
728 232
728 684
728 840
728 1076
728 1317
729 1044
731 1810
732 276
732 602
732 953
734 1069
734 1415
735 433
735 552
736 216
736 249
736 300
736 368
736 448
736 512
736 665
736 900
736 908
736 1029
736 1031
736 1162
736 1572
737 13
737 34
737 93
737 798
737 843
737 1312
737 1987
739 460
739 548
739 1080
740 0
740 24
740 67
740 131
740 306
740 514
740 1156
740 1424
740 1665
741 584
741 1300
741 1536
742 1025
744 130
744 408
744 545
744 640
744 660
744 708
744 1107
744 1689
744 1738
745 4
746 16
746 213
747 52
748 3
748 103
748 323
748 399
748 1028
748 1124
749 1499
750 1096
752 85
752 96
752 137
752 329
752 594
752 1686
753 402
753 1221
753 1428
754 516
754 900
754 1232
754 1576
754 1668
755 628
756 48
756 80
756 136
757 9
757 184
757 296
757 1122
758 133
758 916
758 1313
759 1317
760 102
760 256
761 1
761 232
762 398
762 449
762 1809
763 338
763 424
763 514
764 769
764 838
764 1026
764 1440
766 277
766 1540
768 3
768 14
768 281
768 291
768 304
768 531
768 576
768 1033
768 1185
768 1220
768 1582
768 1713
769 34
769 49
769 90
769 257
769 805
769 1073
769 1107
769 1262
769 1332
770 1
770 195
770 232
770 306
770 340
770 1128
770 1629
771 72
771 728
771 774
771 864
771 960
772 238
772 269
772 1224
772 1628
773 41
773 117
773 197
773 532
773 1241
773 1605
773 1809
773 1894
773 1977
774 19
774 32
774 1092
774 1165
774 1426
774 1617
774 1864
775 131
775 288
775 822
775 1328
775 1350
776 168
776 211
776 512
776 524
776 984
776 1037
776 1038
776 1168
776 1232
776 1300
776 1569
776 1605
777 0
777 10
777 152
777 218
777 737
777 1065
777 1382
777 1408
777 1582
778 60
778 96
778 129
778 152
778 193
778 473
778 993
778 1056
778 1319
778 1536
778 1565
780 465
780 560
780 840
780 956
780 960
780 1066
780 1440
780 1721
780 1892
781 19
781 120
781 548
781 1038
781 1697
781 1792
782 344
782 894
782 1040
783 8
784 120
784 144
784 257
784 258
784 624
784 656
784 900
784 1029
784 1672
784 1873
785 8
785 12
785 83
785 259
785 449
785 538
785 714
785 1040
785 1044
785 1256
785 1675
786 30
786 110
786 908
786 1032
786 1229
786 1360
786 1576
786 1592
787 521
787 1387
788 0
788 24
788 121
788 416
788 819
788 1049
788 1324
789 468
789 500
789 1339
789 1568
790 146
790 386
790 1184
791 32
791 866
791 1100
792 12
792 48
792 328
792 768
792 1216
792 1297
792 1552
792 2017
793 65
793 195
793 679
794 10
794 56
794 256
794 258
794 488
794 785
794 1057
795 40
795 372
795 1244
796 65
796 534
796 736
796 1156
796 1261
797 420
797 836
797 1248
797 1633
797 1641
798 528
799 732
800 4
800 24
800 98
800 131
800 138
800 256
800 290
800 336
800 564
800 643
800 960
800 1069
800 1243
800 1547
801 0
801 1
801 46
801 84
801 520
801 678
801 1026
801 1027
801 1028
801 1237
801 1266
802 57
802 252
802 660
802 768
802 1114
802 1209
803 10
803 144
803 642
803 688
803 1057
803 1764
804 107
804 125
804 165
804 361
804 608
804 622
804 706
804 1071
804 1539
805 130
805 554
806 145
806 300
806 321
806 1136
808 26
808 40
808 138
808 658
808 753
808 1088
808 1095
809 68
809 579
809 785
809 802
809 1041
809 1580
809 1644
809 1672
810 330
810 461
810 669
810 1800
811 112
811 136
811 726
811 1708
813 405
813 538
813 904
813 1082
813 1410
814 985
815 344
815 370
816 9
816 118
816 129
816 263
816 592
816 846
816 1017
816 1689
817 19
817 1221
818 12
818 104
818 200
818 1344
819 1024
819 1088
819 1537
820 8
820 152
820 386
820 1024
821 120
821 193
821 1153
821 1184
821 1192
821 1363
821 1587
822 585
823 328
824 1012
824 1652
825 528
825 546
826 1520
828 28
828 104
828 864
829 168
830 145
830 908
830 1382
831 98
831 901
832 26
832 132
832 352
832 384
832 394
832 517
832 569
832 796
832 1049
832 1266
832 1280
833 33
833 64
833 109
833 166
833 544
833 1025
834 64
834 142
834 439
834 449
834 524
834 546
834 586
834 1087
834 1634
834 1826
835 45
836 229
836 515
836 529
836 1400
837 195
837 1170
837 1284
837 1537
838 50
838 522
838 764
838 1112
839 266
840 0
840 4
840 131
840 134
840 165
840 295
840 771
840 1024
840 1312
841 108
841 1219
841 1281
842 73
842 706
842 1286
842 2016
843 226
843 312
843 1445
843 1792
844 162
844 453
844 722
844 1232
845 215
845 1440
846 82
846 96
846 258
846 344
846 368
846 805
846 1162
846 1610
846 1762
847 10
847 296
847 732
847 1298
848 20
848 108
849 1088
849 1094
849 1158
849 1856
850 83
850 145
850 1032
850 1115
850 1810
851 1
851 900
851 1183
852 552
852 1038
852 1040
852 1064
852 1081
852 1218
853 37
853 110
853 113
853 206
853 896
853 1386
854 209
854 1665
854 1932
855 16
855 552
856 17
856 69
856 89
856 550
856 642
856 694
857 148
857 1029
857 1830
858 181
858 520
858 1174
858 1472
859 282
860 260
860 289
861 641
862 128
862 1319
864 8
864 81
864 512
864 580
864 640
864 969
864 1168
864 1537
864 1615
864 1860
865 541
865 788
865 1152
866 264
866 620
866 721
866 963
866 1608
867 36
867 1088
868 940
868 1161
869 0
869 158
870 18
870 1043
870 1282
871 1488
872 567
872 1824
873 8
873 14
873 1140
874 128
874 206
874 896
874 937
875 65
876 3
876 128
876 1327
877 35
877 64
877 104
877 790
877 897
878 128
878 781
878 1056
880 384
880 1153
880 1579
881 4
881 33
881 44
881 306
881 1781
882 19
882 36
882 465
882 843
882 1104
883 1094
884 3
884 78
884 528
884 897
885 32
885 84
885 1580
886 0
886 64
886 145
886 1057
887 1410
887 1664
887 1890
887 2044
889 448
890 931
891 824
892 64
892 80
892 640
892 1025
892 1448
892 1472
894 65
895 533
896 172
896 549
896 793
896 962
896 1609
897 195
897 274
897 650
897 852
897 1330
897 1970
898 8
898 67
898 540
898 640
898 836
898 1290
898 1482
898 1729
899 1592
900 265
900 272
900 289
900 1043
900 1075
900 1287
900 1352
901 980
901 1067
902 5
902 66
902 384
902 528
902 694
902 1426
903 16
903 312
903 352
903 1096
904 96
904 105
904 145
904 225
904 1126
904 1380
904 1408
905 153
905 257
905 265
905 670
905 865
905 1546
906 28
906 64
906 513
906 624
906 1808
907 35
907 116
907 273
907 1538
907 1664
908 208
908 258
908 456
908 817
908 1651
909 9
909 39
909 130
910 416
911 1036
911 1536
911 1952
912 36
912 96
912 529
912 803
912 1034
912 1400
912 1573
913 0
913 116
913 449
913 546
913 1024
913 1029
913 1258
913 1325
914 1570
914 1750
915 433
916 5
916 8
916 145
916 280
916 1815
917 168
917 298
917 399
917 659
917 1135
917 1627
918 1116
919 561
920 546
920 1024
921 321
921 774
921 1026
922 1153
924 72
924 872
924 1064
925 305
926 50
926 128
926 641
927 1088
927 1664
928 9
928 34
928 65
928 176
928 275
928 524
928 796
928 1300
929 16
929 1076
929 1203
930 12
931 160
931 496
932 559
932 832
932 1036
932 1124
933 474
933 552
933 596
933 842
933 1061
934 97
934 264
934 281
934 1320
935 1
935 1672
936 18
936 517
936 1296
937 38
937 143
937 524
937 1153
938 1104
938 2004
939 450
939 567
939 705
940 1939
941 1553
942 561
943 1315
944 250
944 1351
945 34
945 268
945 1995
946 51
946 256
946 386
947 328
947 484
948 93
948 512
948 1182
948 1834
950 72
952 290
952 513
953 5
953 8
953 211
954 360
954 1031
955 577
956 1041
958 1088
959 73
960 8
960 82
960 130
960 273
960 464
960 517
960 525
960 566
960 577
960 654
960 1092
960 1505
961 48
961 64
961 270
961 1096
961 1108
961 1188
962 18
962 194
962 746
962 1116
963 128
963 242
964 128
964 1204
964 1552
966 562
966 1178
966 1760
967 138
968 625
969 1306
969 1641
970 578
970 583
972 27
972 137
972 161
972 240
972 804
972 1200
972 1276
972 1281
972 1816
973 305
973 950
976 42
976 539
976 560
976 778
976 1621
976 1860
978 512
978 513
978 537
978 1169
978 1200
978 1328
978 1621
978 1672
979 80
979 320
979 834
980 72
980 181
981 8
981 1489
982 16
982 299
983 1234
985 16
985 913
985 977
985 1712
986 152
986 1111
986 1308
987 1610
988 1032
988 1811
990 256
990 913
992 790
992 1568
993 76
993 555
993 621
993 729
994 853
994 1360
995 321
995 369
996 261
996 338
996 1255
997 68
997 361
997 417
997 976
997 1024
997 1431
998 1100
999 457
1000 1298
1001 666
1002 392
1003 113
1003 1540
1004 33
1005 602
1005 1316
1006 13
1008 418
1008 540
1008 784
1008 1273
1009 70
1009 576
1010 4
1010 1852
1011 1332
1012 8
1012 18
1013 72
1014 672
1018 515
1018 1862
1019 96
1023 27
1024 1
1024 13
1024 14
1024 28
1024 48
1024 72
1024 74
1024 90
1024 130
1024 132
1024 138
1024 190
1024 208
1024 272
1024 545
1024 768
1024 784
1024 799
1024 912
1024 928
1024 1033
1024 1120
1024 1297
1024 1352
1024 1356
1024 1360
1024 1509
1024 1546
1024 1555
1024 1560
1024 1664
1024 1869
1025 8
1025 20
1025 169
1025 448
1025 718
1025 900
1025 905
1025 992
1025 1153
1025 1264
1025 1320
1025 1412
1025 1611
1025 1632
1025 1811
1026 4
1026 10
1026 34
1026 61
1026 101
1026 160
1026 266
1026 298
1026 321
1026 672
1026 818
1026 1040
1026 1315
1026 1344
1026 1346
1026 1460
1026 1697
1026 1833
1027 0
1027 24
1027 185
1027 489
1027 513
1027 517
1027 545
1027 601
1027 840
1027 888
1027 1282
1027 1610
1027 1760
1027 1801
1028 20
1028 130
1028 135
1028 271
1028 292
1028 294
1028 314
1028 326
1028 329
1028 471
1028 544
1028 562
1028 587
1028 668
1028 691
1028 700
1028 705
1028 1035
1028 1089
1028 1262
1028 1626
1028 1732
1029 17
1029 23
1029 130
1029 211
1029 340
1029 514
1029 546
1029 582
1029 807
1029 930
1029 1482
1030 9
1030 17
1030 64
1030 269
1030 280
1030 522
1030 1131
1030 1160
1030 1300
1030 1448
1030 1554
1030 1815
1031 4
1031 904
1031 1026
1031 1808
1032 1
1032 2
1032 36
1032 245
1032 329
1032 336
1032 353
1032 453
1032 520
1032 554
1032 641
1032 676
1032 680
1032 719
1032 894
1032 1102
1032 1200
1032 1251
1033 360
1033 385
1033 646
1033 1040
1033 1108
1033 1233
1033 1280
1033 1540
1033 2020
1033 2027
1034 4
1034 16
1034 131
1034 167
1034 389
1034 404
1034 607
1034 608
1034 628
1034 1248
1034 1666
1034 1806
1034 1920
1035 72
1035 76
1035 329
1035 462
1035 1025
1035 1137
1036 136
1036 192
1036 318
1036 342
1036 1074
1036 1310
1037 48
1037 67
1037 212
1037 723
1037 795
1037 904
1037 1166
1038 33
1038 135
1038 225
1038 1840
1039 16
1039 130
1039 456
1039 775
1039 1750
1040 40
1040 166
1040 180
1040 211
1040 214
1040 256
1040 426
1040 523
1040 704
1040 777
1040 1237
1040 1281
1040 1685
1041 20
1041 124
1041 146
1041 565
1041 778
1041 993
1041 1026
1041 1341
1041 1776
1041 1789
1042 128
1042 177
1042 228
1042 544
1042 1056
1042 1387
1042 1607
1043 289
1043 306
1043 345
1043 516
1043 1097
1044 33
1044 176
1044 563
1044 577
1044 640
1044 1148
1044 1540
1045 87
1045 325
1045 770
1045 1510
1046 314
1046 1413
1046 1641
1047 201
1047 260
1047 554
1047 1045
1047 1552
1048 0
1048 166
1048 518
1048 738
1048 810
1048 1025
1048 1058
1048 1076
1048 1252
1048 1304
1049 71
1049 387
1049 552
1049 803
1049 1026
1050 110
1050 523
1050 544
1050 647
1050 1024
1050 1798
1051 6
1051 100
1051 337
1051 385
1051 1172
1051 1210
1051 1296
1051 1345
1051 1416
1051 1640
1052 291
1052 1061
1052 1154
1052 1408
1052 1410
1053 661
1053 1032
1054 9
1054 208
1054 1135
1054 1336
1055 550
1055 1335
1056 3
1056 6
1056 22
1056 129
1056 137
1056 224
1056 720
1056 788
1056 1091
1056 1121
1056 1226
1056 1315
1057 89
1057 92
1057 104
1057 134
1057 236
1057 259
1057 631
1057 696
1057 698
1057 1073
1057 1088
1057 1944
1058 29
1058 154
1058 168
1058 681
1058 946
1058 1344
1058 1865
1058 1936
1059 60
1059 88
1059 131
1059 138
1059 488
1059 517
1059 576
1059 715
1059 1308
1060 1
1060 3
1060 192
1060 208
1060 367
1060 464
1060 1028
1060 1138
1060 1544
1060 1800
1061 310
1061 451
1061 1156
1062 11
1062 54
1062 116
1062 269
1062 289
1062 427
1062 1058
1062 1319
1062 1644
1062 1833
1063 130
1063 268
1063 272
1063 399
1063 516
1063 544
1063 776
1063 1065
1064 100
1064 178
1064 376
1064 439
1064 545
1064 595
1064 648
1064 684
1064 1041
1064 1152
1064 1275
1064 1988
1065 5
1065 177
1065 416
1065 512
1065 532
1065 678
1065 1152
1065 1176
1066 259
1066 554
1066 648
1066 1076
1066 1296
1066 1344
1067 20
1067 77
1067 273
1067 461
1067 724
1067 1031
1067 1596
1068 92
1068 267
1068 448
1068 777
1068 785
1068 1132
1068 1282
1069 265
1069 308
1069 924
1070 51
1070 136
1070 528
1070 584
1070 1217
1071 660
1071 1258
1072 16
1072 112
1072 450
1072 501
1072 512
1072 552
1072 593
1072 739
1072 1605
1072 1667
1072 1720
1073 113
1073 1305
1073 1703
1074 8
1074 321
1074 482
1074 658
1074 967
1074 1090
1074 1549
1075 264
1075 400
1075 830
1075 938
1075 1604
1075 1664
1075 1813
1076 5
1076 546
1076 1332
1077 2
1077 34
1077 552
1078 4
1078 46
1078 283
1078 473
1078 1257
1078 1312
1079 97
1079 392
1079 676
1079 1670
1079 1699
1080 16
1080 24
1080 38
1080 66
1080 256
1080 260
1080 401
1080 1928
1080 1938
1081 102
1081 163
1081 840
1081 1123
1081 1864
1082 5
1082 898
1083 1568
1084 90
1084 161
1084 329
1084 340
1084 561
1084 896
1085 1
1085 1324
1086 136
1086 424
1087 784
1087 1216
1088 49
1088 112
1088 126
1088 206
1088 210
1088 297
1088 332
1088 516
1088 578
1088 601
1088 732
1088 832
1088 1032
1088 1041
1088 1067
1088 1161
1088 1329
1088 1344
1089 0
1089 1
1089 33
1089 58
1089 101
1089 103
1089 136
1089 144
1089 200
1089 432
1089 512
1089 561
1089 657
1089 901
1089 1615
1089 1664
1089 1825
1090 1
1090 37
1090 87
1090 129
1090 151
1090 297
1090 304
1090 592
1090 648
1090 853
1090 1031
1090 1041
1090 1062
1090 1648
1091 37
1091 376
1091 583
1092 9
1092 19
1092 49
1092 65
1092 73
1092 133
1092 277
1092 419
1092 548
1092 1184
1092 1776
1092 1811
1092 1892
1092 1968
1093 9
1093 33
1093 37
1093 144
1093 148
1093 385
1093 516
1093 576
1093 1393
1094 224
1094 540
1094 1302
1094 1538
1094 1800
1094 1857
1095 136
1095 1320
1095 1441
1096 0
1096 3
1096 32
1096 152
1096 226
1096 359
1096 773
1096 908
1096 961
1096 1177
1096 1645
1096 2006
1097 36
1097 41
1097 49
1097 124
1097 163
1097 516
1097 770
1097 874
1097 969
1098 1
1098 320
1098 660
1098 1024
1098 1044
1099 479
1100 40
1100 43
1100 217
1100 288
1101 266
1101 426
1101 1092
1101 1618
1101 1684
1102 138
1102 280
1102 944
1103 362
1103 406
1103 616
1103 888
1104 64
1104 166
1104 582
1104 654
1104 778
1104 780
1104 833
1105 40
1105 240
1105 544
1105 593
1105 760
1105 1158
1105 1953
1106 5
1106 450
1106 560
1106 1044
1106 1285
1107 513
1107 1159
1107 1176
1107 1283
1107 1722
1108 513
1108 1410
1109 67
1109 129
1109 130
1109 1536
1109 1576
1110 44
1110 96
1110 98
1110 915
1110 1420
1111 208
1111 280
1111 1820
1112 85
1112 166
1112 192
1112 432
1112 528
1112 544
1112 698
1112 812
1112 1048
1112 1152
1112 1732
1112 1792
1113 1
1113 10
1113 98
1113 839
1113 1194
1113 1483
1113 1671
1114 73
1114 132
1114 292
1114 429
1114 552
1114 653
1114 1553
1115 72
1115 236
1115 308
1115 385
1115 1544
1116 67
1116 524
1116 558
1116 606
1116 1026
1116 1068
1116 1312
1116 1835
1116 1928
1117 52
1117 512
1117 1816
1118 0
1118 50
1118 300
1118 325
1119 489
1119 1167
1120 12
1120 100
1120 169
1120 280
1120 365
1120 513
1120 540
1120 547
1120 640
1120 1031
1120 1077
1120 1128
1120 1235
1120 1280
1120 1289
1120 1592
1121 573
1121 738
1121 991
1121 1204
1121 1920
1122 0
1122 7
1122 128
1122 260
1122 330
1122 1040
1122 1096
1123 177
1123 580
1123 660
1123 1952
1124 34
1124 521
1124 564
1124 1081
1124 1169
1124 1929
1125 1352
1126 783
1126 1058
1127 136
1127 648
1127 1314
1127 1440
1127 1548
1128 16
1128 133
1128 201
1128 273
1128 432
1128 580
1128 642
1128 963
1128 1040
1128 1082
1129 9
1129 11
1129 64
1129 592
1129 1058
1129 1190
1130 236
1130 332
1130 643
1130 739
1130 1156
1130 1624
1131 64
1131 134
1131 1072
1132 70
1132 136
1132 163
1132 176
1132 226
1132 257
1132 393
1132 1030
1132 1364
1132 1459
1132 1706
1133 832
1133 842
1133 1282
1133 1411
1133 1960
1134 1573
1134 1655
1135 0
1135 114
1135 1060
1136 160
1136 203
1136 213
1136 321
1136 580
1136 1026
1136 1585
1137 20
1137 272
1137 282
1137 336
1137 581
1137 1055
1137 1536
1138 16
1138 267
1138 673
1139 1
1139 950
1140 1048
1140 1698
1141 1475
1142 187
1143 75
1143 544
1143 976
1144 610
1144 1029
1144 1570
1145 656
1145 664
1145 1052
1146 588
1147 130
1147 515
1147 714
1147 1264
1147 1336
1147 1604
1148 207
1150 0
1150 585
1150 1344
1151 262
1152 18
1152 41
1152 233
1152 322
1152 544
1152 562
1152 792
1152 1091
1152 1177
1152 1794
1152 2006
1153 8
1153 32
1153 98
1153 245
1153 360
1153 530
1153 777
1153 808
1153 1092
1153 1536
1153 1924
1154 21
1154 49
1154 78
1154 256
1154 258
1154 349
1154 372
1154 475
1155 68
1155 160
1155 265
1155 445
1155 579
1155 648
1155 769
1155 1026
1155 1056
1155 1102
1155 1260
1155 1324
1155 1568
1155 1742
1156 11
1156 72
1156 539
1156 550
1156 1152
1156 1440
1156 1760
1157 16
1157 176
1157 196
1157 512
1157 593
1157 837
1157 1040
1157 1381
1158 5
1158 28
1158 86
1158 640
1158 807
1158 856
1158 1456
1159 32
1159 88
1159 111
1159 394
1159 1507
1160 48
1160 302
1160 601
1160 646
1160 810
1160 1044
1160 1056
1160 1538
1161 78
1161 198
1161 258
1161 518
1161 794
1161 854
1161 1027
1161 1066
1162 52
1162 140
1162 146
1162 603
1162 1040
1162 1099
1162 1164
1162 1268
1162 1296
1163 780
1163 828
1163 1296
1163 1558
1164 20
1164 133
1164 512
1164 897
1164 1676
1165 24
1165 146
1165 658
1165 1234
1166 292
1166 704
1166 1284
1167 1
1167 774
1167 1249
1168 4
1168 33
1168 57
1168 133
1168 148
1168 211
1168 353
1168 588
1168 810
1168 1073
1168 1093
1168 1416
1168 1537
1169 126
1169 240
1169 365
1169 386
1169 486
1169 820
1170 369
1170 625
1170 847
1170 865
1170 1090
1170 1704
1171 47
1171 115
1171 132
1171 256
1171 342
1171 1297
1171 1602
1172 248
1172 288
1172 324
1172 418
1172 573
1172 646
1172 1329
1173 27
1173 75
1173 170
1173 664
1173 1156
1174 13
1174 92
1174 320
1174 525
1174 577
1174 1100
1175 10
1175 14
1175 1806
1176 12
1176 28
1176 34
1176 265
1176 962
1177 267
1177 550
1177 699
1177 1185
1178 19
1178 84
1178 199
1178 324
1178 618
1178 772
1178 1605
1179 181
1179 304
1179 1761
1180 385
1180 668
1180 1100
1180 1218
1180 1346
1181 32
1181 384
1181 1027
1181 1084
1181 1105
1181 1135
1182 9
1182 23
1182 44
1182 128
1182 772
1182 1041
1183 792
1184 2
1184 7
1184 57
1184 97
1184 132
1184 158
1184 216
1184 483
1184 613
1184 782
1184 965
1184 1024
1184 1035
1184 1294
1184 1448
1185 4
1185 5
1185 34
1185 136
1185 248
1185 267
1185 1667
1186 19
1186 123
1187 122
1187 165
1187 459
1187 582
1187 624
1187 706
1187 784
1187 1202
1187 1680
1188 30
1188 65
1188 423
1188 523
1188 792
1188 1172
1188 1186
1188 1226
1188 1881
1189 812
1189 832
1189 1824
1190 260
1190 261
1190 608
1190 796
1190 1632
1191 4
1191 324
1191 1656
1191 1743
1192 1
1192 48
1192 198
1192 624
1192 652
1193 91
1193 264
1193 344
1193 1056
1194 13
1194 205
1194 1472
1194 1848
1194 1932
1195 130
1195 481
1195 694
1196 168
1196 388
1196 451
1196 1070
1197 290
1197 530
1198 394
1198 539
1198 560
1198 922
1198 1025
1200 49
1200 113
1200 257
1200 536
1200 660
1200 664
1200 822
1200 1536
1200 1541
1200 1557
1200 1830
1201 196
1201 920
1201 954
1201 967
1201 1988
1202 41
1202 88
1202 230
1202 270
1202 292
1203 20
1203 48
1203 186
1203 404
1203 512
1203 1088
1203 1712
1204 966
1204 1075
1205 5
1205 44
1205 658
1206 289
1206 426
1207 1128
1208 272
1208 704
1208 900
1208 1040
1208 1125
1208 1797
1209 1420
1210 16
1210 296
1211 1100
1213 192
1214 1226
1214 1354
1214 1477
1215 2
1216 8
1216 512
1216 760
1216 779
1216 820
1216 1294
1217 24
1217 84
1217 297
1217 298
1217 498
1217 1059
1217 1308
1218 57
1218 298
1218 368
1218 476
1218 1120
1218 1424
1219 260
1219 263
1219 652
1219 1120
1219 1239
1220 10
1220 304
1220 640
1220 1336
1221 16
1221 783
1221 1072
1221 1162
1221 1537
1222 69
1222 394
1222 1320
1222 1585
1223 1361
1224 129
1224 1056
1224 1241
1224 1334
1224 1550
1225 167
1225 234
1225 538
1225 549
1225 1064
1225 1550
1225 1812
1226 68
1226 322
1226 1060
1227 266
1228 648
1228 784
1228 1068
1228 1287
1228 1314
1228 1595
1228 1804
1229 1298
1230 265
1230 718
1230 1040
1230 2005
1232 49
1232 105
1232 224
1232 262
1232 778
1233 449
1233 676
1233 1090
1233 1385
1233 1585
1234 330
1234 545
1234 746
1234 783
1234 1223
1234 1288
1234 1624
1234 1805
1234 1937
1235 120
1235 664
1236 352
1236 565
1236 1184
1236 1384
1236 1579
1236 1792
1237 325
1237 375
1237 400
1237 1185
1237 1240
1238 1794
1239 0
1239 1792
1240 130
1240 153
1240 342
1240 1033
1241 225
1242 241
1242 532
1242 572
1243 1242
1243 1794
1244 17
1244 320
1244 1660
1245 304
1247 37
1248 9
1248 266
1248 333
1248 1090
1248 1283
1248 1340
1248 1488
1249 512
1249 1026
1249 1569
1249 1696
1250 848
1251 55
1251 514
1251 515
1252 10
1252 192
1252 272
1252 331
1252 632
1252 1178
1252 1282
1252 1993
1253 163
1253 290
1253 608
1253 656
1254 642
1255 442
1255 786
1255 1361
1256 168
1256 317
1256 598
1256 752
1256 944
1256 1104
1256 1289
1256 1743
1257 514
1257 526
1257 549
1257 1042
1257 1700
1258 282
1258 401
1258 422
1258 546
1260 336
1260 1573
1261 176
1261 520
1261 790
1261 1167
1261 1224
1262 261
1263 32
1263 70
1264 114
1264 264
1264 317
1264 340
1264 817
1264 1375
1264 1652
1265 51
1265 98
1265 778
1265 804
1266 10
1266 130
1266 1281
1267 1040
1268 304
1268 1114
1269 23
1269 704
1270 324
1270 406
1271 1049
1272 667
1272 1040
1272 1448
1273 1944
1274 340
1275 678
1275 1248
1275 1610
1275 1868
1276 528
1276 770
1278 0
1278 625
1278 1081
1279 2
1280 1
1280 41
1280 64
1280 98
1280 117
1280 200
1280 265
1280 512
1280 739
1280 1072
1280 1226
1280 1676
1281 0
1281 23
1281 29
1281 96
1281 260
1281 392
1281 774
1281 1034
1281 1506
1281 1924
1282 2
1282 92
1282 96
1282 137
1282 275
1282 529
1282 549
1282 576
1282 690
1282 708
1282 1168
1283 160
1283 226
1283 408
1283 848
1283 1678
1284 27
1284 42
1284 66
1284 276
1284 289
1284 344
1284 516
1284 563
1284 597
1284 692
1284 784
1284 898
1284 1041
1284 1113
1284 1126
1284 1158
1284 1204
1285 6
1285 48
1285 132
1285 264
1285 270
1285 849
1286 64
1286 802
1286 1100
1286 1283
1286 1322
1286 1600
1286 1664
1287 16
1287 92
1287 120
1287 192
1287 273
1287 804
1287 837
1287 1622
1288 3
1288 9
1288 84
1288 202
1288 420
1288 517
1288 578
1288 676
1288 864
1288 928
1288 970
1288 1154
1288 1848
1289 30
1289 79
1289 135
1289 570
1289 1211
1289 1516
1290 33
1290 163
1290 240
1290 267
1290 336
1290 448
1290 1106
1291 1100
1292 562
1292 724
1292 835
1292 901
1293 136
1293 138
1293 202
1293 277
1293 581
1293 1027
1294 20
1294 76
1294 211
1294 338
1294 713
1294 1032
1294 1136
1294 1636
1296 137
1296 516
1296 566
1296 584
1296 657
1296 688
1296 790
1296 1249
1296 1288
1297 195
1297 408
1298 9
1298 20
1298 25
1298 56
1298 217
1298 263
1298 529
1298 571
1298 813
1298 1224
1298 1688
1299 703
1299 1491
1300 705
1300 1041
1300 1264
1300 1416
1300 1709
1300 1768
1301 768
1301 1804
1302 18
1302 68
1302 698
1302 1251
1302 1600
1303 32
1303 1176
1304 18
1304 56
1304 196
1304 489
1304 536
1304 743
1304 820
1305 1062
1306 35
1306 86
1306 240
1306 615
1306 649
1306 1154
1306 1756
1306 1763
1307 708
1308 32
1308 391
1308 769
1308 1544
1308 1665
1309 161
1309 190
1309 332
1309 805
1309 1041
1309 1171
1310 162
1310 765
1310 1587
1312 15
1312 55
1312 56
1312 112
1312 116
1312 162
1312 564
1312 1049
1312 1412
1312 1826
1312 1923
1313 7
1313 109
1313 517
1313 764
1313 1100
1313 1624
1313 1700
1314 40
1314 136
1314 163
1314 528
1314 642
1314 662
1314 1027
1314 1549
1315 19
1315 135
1315 1184
1315 1554
1316 280
1316 291
1316 594
1316 873
1316 948
1316 1049
1317 208
1318 3
1318 213
1318 1182
1318 1257
1318 1688
1319 129
1319 172
1320 17
1320 84
1320 397
1320 524
1320 641
1320 1028
1320 1036
1320 1202
1320 1569
1320 1736
1321 464
1321 584
1321 772
1321 1036
1321 1584
1322 147
1322 432
1323 1
1324 7
1324 44
1324 390
1324 691
1324 1545
1325 675
1325 1473
1326 3
1326 224
1326 279
1326 419
1326 1153
1327 22
1327 1232
1327 1480
1328 12
1328 85
1328 134
1328 176
1328 192
1328 200
1328 809
1328 1026
1328 1068
1328 1224
1329 636
1329 984
1329 1289
1329 1341
1330 539
1330 929
1331 544
1331 996
1331 1296
1332 97
1332 1674
1333 1077
1333 1088
1334 544
1334 554
1334 906
1334 1555
1335 144
1336 1345
1337 22
1337 384
1337 535
1337 560
1338 129
1338 518
1338 661
1339 404
1340 1572
1340 1817
1340 1890
1341 788
1342 1
1343 99
1343 1038
1343 1121
1344 14
1344 18
1344 64
1344 76
1344 84
1344 93
1344 113
1344 129
1344 171
1344 290
1344 580
1344 777
1344 786
1344 914
1344 1605
1344 1655
1344 1728
1345 4
1345 64
1345 294
1345 432
1345 576
1345 792
1345 1024
1345 1030
1345 1288
1346 16
1346 40
1346 56
1346 128
1346 225
1346 259
1346 306
1346 325
1346 547
1346 640
1346 897
1346 1032
1346 1044
1346 1096
1346 1193
1346 1729
1347 416
1347 544
1347 1047
1347 1793
1347 2024
1348 108
1348 274
1348 578
1348 1307
1348 1930
1349 1
1350 232
1350 290
1350 1073
1351 32
1351 187
1351 545
1351 930
1351 1385
1352 86
1352 203
1352 1365
1353 68
1353 182
1353 204
1353 480
1353 1920
1354 8
1354 195
1354 432
1354 546
1354 1672
1355 64
1355 652
1355 1028
1355 1234
1355 1442
1355 1802
1356 834
1356 952
1356 1120
1356 1312
1357 16
1357 528
1357 1412
1357 1551
1357 1592
1357 1806
1358 5
1358 581
1358 1963
1359 46
1359 68
1359 1042
1360 0
1360 133
1360 138
1360 388
1360 409
1360 1108
1361 10
1361 400
1361 1040
1362 144
1362 401
1362 585
1362 644
1362 648
1362 1388
1363 389
1364 156
1364 1021
1364 1289
1364 1347
1365 544
1366 0
1366 107
1367 1152
1367 1287
1368 170
1369 73
1369 272
1369 422
1369 532
1369 673
1369 699
1369 1826
1370 265
1370 769
1370 1085
1371 705
1371 768
1371 924
1372 291
1372 1186
1372 1472
1375 11
1376 24
1376 114
1376 286
1376 522
1376 1522
1377 32
1377 448
1377 744
1378 28
1378 1333
1378 1360
1378 1543
1379 1
1379 167
1379 248
1379 262
1380 212
1380 281
1380 528
1380 564
1380 832
1381 545
1381 784
1381 1796
1382 22
1382 1180
1384 15
1384 174
1384 653
1384 1080
1385 280
1385 516
1385 528
1385 735
1385 765
1386 201
1386 582
1386 628
1386 1540
1387 548
1387 1042
1388 72
1388 801
1388 830
1388 1082
1388 1096
1388 1099
1388 1664
1389 9
1389 736
1390 320
1392 4
1392 225
1392 384
1392 579
1392 596
1392 906
1393 24
1393 395
1393 418
1393 783
1393 847
1393 1417
1394 1041
1394 1337
1394 1424
1395 51
1395 169
1397 286
1397 305
1397 1121
1399 36
1399 311
1400 515
1400 522
1400 1742
1400 1995
1401 273
1401 657
1402 785
1402 1165
1402 1662
1402 1684
1404 2
1404 129
1408 0
1408 42
1408 52
1408 130
1408 180
1408 456
1408 538
1408 631
1408 964
1409 54
1409 80
1409 280
1409 516
1409 1100
1410 95
1410 346
1410 528
1410 610
1410 711
1410 769
1410 812
1410 1048
1410 1057
1410 1440
1410 1659
1410 1792
1412 21
1412 132
1412 150
1412 707
1412 752
1412 1024
1412 1105
1412 1169
1412 1216
1412 1312
1412 1364
1412 1806
1413 17
1413 130
1413 465
1413 1024
1413 1217
1414 329
1414 642
1414 1029
1414 1865
1415 1032
1415 1536
1415 1664
1416 1
1416 260
1416 273
1416 690
1416 832
1416 864
1416 1441
1416 1793
1417 168
1417 202
1417 529
1417 604
1417 618
1417 680
1417 1282
1417 1576
1417 1800
1418 248
1418 320
1418 456
1419 58
1419 137
1420 344
1421 8
1421 277
1421 1082
1422 32
1422 64
1422 120
1422 657
1422 816
1422 1126
1423 17
1423 400
1423 842
1424 33
1424 43
1424 68
1424 136
1424 324
1424 456
1424 610
1424 810
1424 1408
1424 1531
1424 1590
1425 1509
1426 224
1426 484
1426 1122
1427 67
1427 396
1427 627
1427 1125
1427 1162
1428 24
1428 65
1428 185
1428 297
1428 300
1428 627
1428 654
1428 1687
1428 1974
1429 272
1429 392
1429 1162
1429 1542
1429 1668
1431 601
1431 1544
1432 3
1432 68
1432 302
1432 1135
1432 1348
1432 1486
1432 1620
1432 1794
1433 42
1433 64
1433 210
1433 1907
1434 898
1435 75
1436 1126
1436 1163
1437 1156
1438 283
1438 384
1438 1841
1440 9
1440 91
1440 202
1440 513
1440 518
1440 529
1440 583
1440 1106
1440 1426
1441 12
1441 153
1441 514
1441 824
1441 1048
1441 1315
1441 1804
1442 32
1442 33
1442 174
1442 773
1442 1049
1443 1161
1444 10
1444 306
1444 401
1444 1094
1444 1921
1445 688
1445 1041
1446 96
1446 384
1446 1060
1447 526
1447 1312
1448 129
1448 664
1449 9
1449 1344
1450 74
1450 812
1450 1100
1450 1409
1452 50
1452 201
1452 806
1452 1240
1453 73
1453 262
1453 1574
1454 19
1454 1120
1454 1273
1455 1620
1456 16
1456 69
1456 282
1456 294
1456 1035
1457 768
1458 16
1458 205
1459 1104
1459 1638
1462 154
1462 454
1464 129
1464 812
1464 1634
1464 1648
1465 435
1465 1536
1466 584
1466 718
1467 1032
1468 220
1470 656
1470 1674
1472 21
1472 64
1472 179
1472 482
1472 549
1472 1288
1473 135
1473 1120
1473 1809
1474 427
1474 1120
1475 272
1475 1409
1475 1642
1475 1710
1476 202
1476 321
1476 355
1476 578
1476 1254
1476 1585
1477 580
1477 710
1477 1057
1478 34
1478 1030
1480 1319
1481 632
1481 649
1481 1184
1481 1574
1481 1824
1482 616
1482 1696
1482 1920
1483 183
1483 616
1483 625
1484 172
1484 631
1484 1536
1485 1
1485 279
1486 66
1486 450
1487 1032
1487 1052
1487 1570
1488 131
1488 338
1488 1538
1488 1860
1489 42
1490 1117
1491 1168
1492 260
1492 400
1492 433
1492 522
1492 784
1492 1466
1493 962
1494 1473
1496 1
1496 828
1497 416
1497 1149
1498 33
1498 65
1498 137
1498 576
1498 1875
1500 24
1500 1602
1500 1838
1501 36
1503 624
1504 145
1504 235
1504 352
1505 0
1505 20
1505 64
1506 36
1506 100
1506 320
1506 521
1506 884
1506 1272
1507 1040
1508 3
1508 21
1508 107
1508 261
1508 625
1508 1196
1509 580
1510 443
1510 653
1510 816
1510 1252
1511 129
1511 1861
1512 1569
1513 1100
1516 1557
1518 16
1520 4
1520 290
1520 386
1520 1281
1520 1564
1521 937
1521 1112
1522 776
1523 0
1523 60
1524 78
1524 219
1525 14
1525 302
1525 1572
1525 1987
1526 1193
1526 1825
1528 3
1528 129
1528 179
1528 694
1528 1058
1528 1430
1530 1473
1532 40
1532 299
1532 512
1533 801
1533 897
1534 6
1535 1605
1536 10
1536 32
1536 88
1536 97
1536 141
1536 168
1536 169
1536 200
1536 207
1536 313
1536 408
1536 444
1536 489
1536 541
1536 600
1536 815
1536 1115
1536 1320
1536 1398
1536 1584
1537 5
1537 330
1537 528
1537 532
1537 624
1537 728
1537 1025
1537 1923
1538 98
1538 184
1538 342
1538 596
1538 911
1538 1024
1538 1543
1539 0
1539 24
1539 160
1539 640
1539 664
1539 1030
1539 1155
1539 1829
1539 1890
1540 66
1540 143
1540 264
1540 302
1540 539
1540 556
1540 596
1540 780
1540 971
1540 1028
1540 1376
1540 1632
1541 0
1541 17
1541 276
1541 286
1541 400
1541 785
1541 1040
1541 1860
1542 60
1542 195
1542 225
1542 1980
1543 32
1543 592
1543 792
1543 1288
1543 1997
1544 55
1544 59
1544 77
1544 134
1544 144
1544 217
1544 405
1544 600
1544 784
1544 808
1544 963
1544 1024
1544 1289
1544 1412
1545 79
1545 180
1545 1056
1545 1090
1545 1348
1545 1422
1546 16
1546 581
1546 647
1546 1034
1546 1544
1546 1904
1547 5
1547 96
1547 144
1547 168
1547 389
1547 1124
1548 19
1548 225
1548 328
1548 386
1548 586
1548 624
1548 678
1548 681
1548 1107
1549 32
1549 483
1549 534
1549 549
1549 1028
1549 1537
1549 1729
1550 1028
1550 1159
1550 1744
1551 41
1551 522
1551 689
1552 0
1552 32
1552 37
1552 136
1552 152
1552 170
1552 362
1552 518
1552 608
1552 1168
1552 1296
1552 1539
1552 1802
1552 1833
1553 0
1553 212
1553 710
1553 1025
1553 1031
1553 1152
1554 4
1554 138
1554 421
1555 56
1556 334
1556 1418
1556 1545
1557 0
1557 123
1557 310
1557 384
1557 554
1557 576
1557 1162
1557 1550
1558 1190
1559 234
1559 1810
1560 1
1560 96
1560 131
1560 248
1560 483
1560 592
1560 1288
1560 1351
1560 1490
1561 8
1561 90
1561 570
1561 678
1561 1201
1561 1450
1562 432
1562 981
1562 1236
1563 48
1563 1579
1564 32
1564 356
1564 643
1564 1688
1565 25
1565 377
1565 1112
1566 32
1566 977
1567 194
1568 321
1568 672
1568 771
1568 1024
1568 1148
1568 1161
1569 358
1569 630
1569 700
1569 922
1569 1160
1569 1586
1570 8
1570 52
1570 128
1570 1044
1570 1107
1570 1227
1571 342
1571 392
1572 392
1572 682
1572 1949
1573 256
1573 258
1573 272
1573 798
1573 1296
1574 544
1574 1312
1575 775
1575 1170
1576 1
1576 2
1576 633
1576 1300
1576 1609
1576 1613
1576 1702
1577 152
1577 254
1577 389
1577 1589
1578 450
1578 453
1578 588
1578 1056
1578 1064
1578 1254
1579 306
1579 1280
1579 1811
1580 389
1580 528
1580 642
1580 696
1580 1038
1580 1446
1580 1457
1581 291
1581 339
1581 341
1581 500
1582 545
1582 1248
1583 629
1583 1611
1584 160
1584 512
1584 516
1584 1216
1584 1267
1585 209
1585 706
1585 1283
1586 4
1586 5
1586 28
1586 116
1587 592
1587 1078
1587 1382
1588 226
1588 613
1588 1832
1589 52
1589 1289
1589 1604
1590 242
1590 1349
1591 53
1592 4
1592 206
1592 1024
1592 1240
1593 5
1593 42
1593 583
1593 931
1593 1796
1594 8
1594 65
1594 1088
1594 1376
1594 1740
1595 170
1595 704
1595 860
1595 910
1595 1668
1596 12
1596 640
1596 643
1596 1024
1596 1606
1598 642
1600 16
1600 83
1600 136
1600 160
1600 196
1600 296
1600 503
1600 809
1600 1304
1600 1369
1601 56
1601 112
1601 256
1601 529
1601 576
1601 950
1601 1064
1601 1121
1601 1577
1602 32
1602 138
1602 372
1602 557
1602 801
1602 973
1602 1038
1602 1096
1603 58
1603 144
1603 168
1603 500
1603 1061
1603 1152
1603 1352
1604 5
1604 150
1604 418
1604 480
1604 519
1605 1113
1606 263
1606 1028
1607 11
1607 275
1607 438
1607 1320
1608 0
1608 513
1608 1218
1608 1699
1609 65
1609 262
1609 592
1609 727
1609 1045
1609 1557
1609 1922
1610 100
1610 192
1610 360
1610 515
1610 883
1610 1120
1610 1157
1610 1250
1611 776
1611 961
1612 539
1614 372
1615 1
1615 4
1615 547
1616 16
1616 114
1616 202
1617 308
1617 826
1617 1664
1618 529
1619 33
1619 128
1619 1195
1620 438
1620 593
1620 1569
1621 90
1621 516
1621 669
1621 931
1621 1226
1622 16
1622 35
1622 80
1622 162
1622 896
1622 1080
1622 1090
1622 1320
1622 1697
1623 53
1624 16
1624 836
1625 130
1625 1222
1627 16
1627 582
1628 35
1629 1137
1631 968
1632 66
1632 358
1632 687
1632 1057
1632 1200
1633 108
1633 336
1633 610
1633 646
1634 0
1634 576
1634 1176
1634 1222
1635 130
1636 169
1636 213
1636 297
1636 390
1636 641
1636 1881
1637 41
1637 133
1637 832
1638 562
1638 1073
1638 1130
1638 1568
1639 1436
1640 18
1640 523
1640 1156
1641 147
1642 9
1642 1152
1643 73
1644 69
1644 572
1644 577
1644 816
1645 100
1645 261
1646 192
1646 342
1647 964
1647 1637
1648 21
1648 143
1648 161
1648 241
1648 361
1648 1304
1649 24
1649 812
1650 9
1650 96
1650 195
1650 1197
1651 80
1651 366
1652 34
1652 38
1652 146
1652 628
1654 417
1654 1666
1656 421
1656 1041
1656 1088
1656 1968
1657 376
1658 1570
1659 757
1660 850
1661 198
1661 276
1661 897
1662 15
1663 203
1664 2
1664 12
1664 40
1664 163
1664 549
1664 815
1664 848
1664 1432
1664 1675
1665 66
1665 452
1665 516
1665 1636
1665 1696
1665 1798
1666 29
1666 84
1666 106
1666 224
1666 312
1666 1107
1666 1568
1667 2
1667 394
1667 513
1667 840
1667 1031
1667 1312
1668 88
1668 342
1668 642
1668 656
1668 1033
1668 1035
1668 1809
1669 80
1669 272
1669 546
1669 1014
1670 195
1670 196
1670 272
1670 512
1670 836
1670 1018
1670 1296
1671 248
1671 1186
1672 384
1672 536
1672 537
1672 648
1672 1223
1672 1637
1672 1716
1673 1
1673 13
1673 292
1673 465
1673 832
1673 1044
1674 385
1674 600
1674 1025
1676 9
1676 986
1676 1312
1677 836
1678 16
1678 60
1678 1025
1679 1280
1680 329
1680 537
1680 1319
1681 71
1681 910
1681 1808
1683 1631
1684 514
1684 747
1684 1649
1685 11
1685 101
1685 743
1685 1409
1686 668
1686 705
1687 173
1687 1546
1688 97
1688 130
1688 652
1688 864
1688 1081
1688 1523
1689 1144
1690 72
1690 87
1693 8
1693 492
1696 146
1696 174
1696 221
1696 336
1696 1064
1696 1174
1696 1176
1696 1560
1697 3
1697 10
1697 212
1697 1352
1698 6
1698 138
1698 143
1698 1136
1698 1299
1699 70
1699 392
1699 1075
1700 8
1700 35
1700 56
1700 127
1700 417
1700 454
1700 835
1701 120
1701 1152
1702 336
1702 385
1702 1185
1703 2
1703 450
1703 556
1703 1249
1703 1858
1704 0
1704 80
1704 139
1704 224
1704 1153
1705 114
1705 138
1705 406
1705 658
1708 80
1708 82
1708 481
1708 622
1708 1120
1709 89
1709 320
1709 1118
1710 33
1711 532
1712 100
1712 776
1712 1624
1713 180
1713 514
1713 788
1714 196
1714 394
1714 1024
1714 1233
1715 556
1715 652
1715 1028
1715 1050
1716 4
1716 206
1716 1034
1716 1258
1716 1292
1717 36
1717 905
1718 280
1718 1122
1719 534
1719 1042
1719 1173
1720 43
1720 274
1720 300
1720 1041
1721 700
1722 664
1723 1959
1724 193
1724 676
1724 1318
1724 1810
1725 1510
1726 1940
1727 1203
1728 98
1728 200
1728 218
1728 261
1728 385
1728 812
1728 1538
1728 1556
1728 1585
1729 725
1729 1320
1729 1648
1729 1898
1730 16
1730 308
1730 395
1731 44
1731 316
1731 322
1732 1339
1733 80
1733 776
1733 1252
1733 1344
1734 281
1734 456
1734 523
1734 872
1736 1036
1737 10
1737 136
1737 164
1737 329
1737 633
1737 1320
1737 1572
1738 514
1738 768
1739 224
1740 10
1740 321
1740 1041
1741 1284
1741 1896
1742 285
1742 708
1742 1574
1743 194
1743 585
1743 1386
1744 449
1744 530
1744 770
1744 914
1745 3
1745 640
1746 40
1746 45
1746 245
1746 1074
1747 65
1747 416
1747 813
1748 25
1748 944
1748 1448
1750 321
1752 8
1752 1421
1753 1866
1753 1920
1754 113
1755 798
1755 1576
1756 2
1756 2024
1757 34
1757 562
1757 1053
1758 1882
1760 800
1760 1101
1761 151
1761 314
1761 368
1761 1162
1761 1388
1763 280
1763 854
1763 1423
1763 2001
1764 194
1764 584
1764 1130
1764 1888
1765 327
1767 1025
1768 1283
1768 1448
1769 273
1769 570
1769 1605
1770 408
1771 628
1772 181
1772 544
1772 1116
1773 4
1773 8
1775 584
1776 97
1776 736
1777 375
1778 82
1778 87
1778 521
1778 1058
1778 1227
1779 280
1780 320
1780 1035
1780 1170
1781 1698
1785 710
1785 2008
1786 584
1787 1121
1788 65
1789 260
1789 365
1791 293
1792 64
1792 385
1792 457
1792 736
1792 1128
1792 1152
1792 1679
1793 20
1793 87
1793 384
1793 1115
1793 1702
1794 41
1794 230
1794 1036
1794 1311
1794 1804
1795 33
1795 512
1795 529
1796 48
1796 273
1796 387
1796 538
1796 761
1797 115
1797 416
1797 521
1797 548
1797 1048
1797 1155
1798 81
1798 86
1798 112
1798 147
1798 1408
1799 128
1799 1026
1800 0
1800 508
1800 1441
1801 2
1801 64
1801 308
1801 512
1801 612
1801 1040
1802 4
1802 681
1802 1150
1802 1592
1803 141
1803 370
1803 1046
1803 1077
1803 1613
1804 1103
1804 1113
1805 18
1805 80
1805 352
1805 524
1805 1488
1806 96
1806 492
1806 640
1806 1416
1806 1616
1807 131
1807 1216
1808 116
1808 133
1808 1378
1808 1613
1809 16
1809 98
1809 1089
1809 1554
1809 1802
1810 200
1810 231
1810 800
1810 1590
1810 1818
1811 280
1811 913
1812 116
1812 1198
1813 328
1813 1280
1813 1448
1814 680
1814 1248
1816 37
1816 260
1816 463
1818 40
1818 404
1818 523
1818 1064
1818 1474
1819 420
1819 611
1819 612
1820 17
1820 56
1821 1
1821 74
1822 189
1822 256
1823 1097
1824 13
1824 20
1824 49
1824 60
1824 172
1824 262
1824 335
1824 417
1824 1026
1824 1253
1825 394
1825 505
1825 714
1825 1125
1825 1189
1825 1922
1826 157
1826 468
1826 644
1826 1281
1827 4
1827 332
1827 1094
1827 1674
1827 1865
1828 52
1828 160
1829 1358
1830 1024
1831 508
1831 1968
1832 139
1832 228
1832 328
1832 545
1832 579
1832 869
1832 1161
1833 162
1833 372
1833 1033
1834 45
1834 165
1834 233
1834 929
1835 152
1835 1386
1836 1026
1837 465
1838 36
1838 341
1838 512
1838 546
1838 789
1840 163
1840 359
1840 660
1840 1643
1840 1731
1841 107
1841 191
1841 564
1841 616
1842 17
1842 19
1842 216
1843 272
1844 98
1844 576
1844 857
1844 1810
1845 145
1845 629
1845 645
1847 668
1848 200
1848 628
1848 1423
1849 290
1849 333
1849 598
1849 974
1850 156
1850 1424
1850 1591
1853 1188
1854 1025
1856 1092
1856 1572
1856 1971
1857 130
1857 577
1857 642
1857 651
1857 942
1857 1032
1858 768
1858 1028
1858 1058
1858 1357
1859 112
1859 553
1860 326
1860 1025
1860 1161
1860 1224
1861 12
1861 32
1861 576
1861 1040
1862 1070
1863 38
1863 164
1863 852
1863 1600
1864 52
1864 851
1864 933
1864 1379
1865 644
1865 1733
1866 1717
1866 1744
1868 132
1868 272
1868 554
1868 833
1868 1134
1871 222
1872 1092
1872 1592
1873 208
1873 1106
1873 1964
1874 841
1876 74
1876 200
1876 272
1877 603
1878 1155
1879 141
1880 6
1881 1568
1883 1048
1884 422
1884 1320
1885 77
1885 1730
1886 152
1888 273
1888 576
1888 578
1888 712
1888 1044
1888 1141
1888 1303
1889 593
1890 215
1890 281
1890 449
1890 450
1890 1308
1891 388
1892 281
1892 579
1892 621
1892 1048
1894 1214
1896 1
1897 276
1897 1336
1898 42
1899 808
1900 80
1900 200
1901 118
1903 257
1903 520
1903 1284
1904 112
1904 196
1904 259
1904 326
1904 1053
1904 1114
1904 1356
1904 1666
1906 552
1908 64
1908 88
1912 680
1913 1518
1914 54
1916 22
1916 1824
1920 24
1920 198
1920 336
1920 1037
1920 1158
1920 1365
1920 1700
1921 5
1921 184
1921 857
1921 1028
1921 1123
1921 1684
1922 64
1922 178
1922 813
1922 1024
1922 1026
1922 1067
1923 463
1923 1973
1924 89
1924 232
1924 450
1924 1445
1925 880
1926 24
1926 558
1926 597
1926 1068
1926 1638
1926 1668
1927 722
1928 179
1928 561
1928 589
1928 1173
1928 1620
1928 1801
1929 178
1929 208
1929 821
1929 1120
1929 1344
1930 18
1930 802
1930 811
1930 960
1931 264
1933 69
1933 616
1933 1473
1934 264
1934 709
1934 804
1936 0
1936 4
1936 787
1936 1069
1936 1089
1937 278
1937 1287
1937 1452
1938 17
1938 260
1938 1290
1938 1800
1941 152
1941 264
1942 74
1942 940
1942 1308
1944 1299
1945 172
1946 632
1946 1289
1949 302
1949 949
1949 1393
1950 64
1950 111
1950 768
1950 1500
1950 1539
1951 7
1951 145
1952 386
1952 522
1952 1153
1952 1155
1953 34
1953 1064
1953 1700
1954 267
1954 896
1954 1262
1954 1329
1955 40
1956 256
1956 776
1957 520
1957 576
1958 22
1958 81
1958 146
1959 979
1959 1552
1960 117
1960 163
1960 784
1960 1140
1961 584
1961 1198
1961 1538
1962 368
1964 18
1965 280
1966 208
1966 275
1967 0
1967 64
1968 19
1968 1058
1969 169
1972 519
1972 1397
1972 1656
1973 504
1973 749
1974 277
1975 24
1975 280
1975 352
1975 1197
1978 464
1979 1793
1980 350
1981 16
1981 168
1981 1032
1984 113
1984 531
1984 571
1984 1698
1985 526
1985 1024
1985 1284
1986 1347
1986 2020
1987 132
1987 160
1988 17
1988 1613
1989 153
1989 1692
1989 1922
1990 49
1990 84
1990 401
1990 546
1990 1027
1990 1312
1990 1812
1990 1884
1991 256
1991 1092
1992 32
1992 144
1992 1080
1992 1506
1992 1827
1992 2017
1993 128
1993 145
1993 321
1993 1674
1996 6
1996 34
1996 617
1997 256
1997 546
1998 128
1998 215
1998 313
1999 703
1999 1033
2000 60
2001 38
2001 272
2001 295
2002 290
2002 644
2002 716
2004 1876
2006 1691
2008 276
2008 1856
2009 321
2009 914
2010 1572
2011 6
2011 344
2012 166
2012 995
2012 1594
2014 55
2015 21
2016 96
2016 181
2016 560
2017 199
2017 1612
2018 256
2019 652
2020 1088
2020 1624
2021 0
2021 74
2021 1735
2022 273
2022 1544
2024 9
2024 1056
2025 528
2026 92
2027 267
2027 1026
2027 1098
2028 272
2029 93
2029 482
2030 1074
2032 1056
2032 1126
2032 1419
2033 138
2034 2
2034 259
2034 293
2036 537
2037 944
2038 581
2040 129
2041 1937
2042 1280
2042 1281
2043 595
