# Synthetic Kronecker Graph 
# Edges are directed 
0 0
0 2
0 5
0 6
0 25
0 32
0 43
0 64
0 96
0 112
0 132
0 161
0 201
0 210
0 226
0 258
0 272
0 288
0 308
0 316
0 332
0 356
0 372
0 442
0 496
1 4
1 26
1 41
1 45
1 51
1 80
1 96
1 101
1 128
1 148
1 184
1 208
1 288
1 296
1 305
1 448
2 0
2 44
2 87
2 117
2 130
2 164
2 200
2 212
2 248
2 258
2 261
2 263
2 272
2 288
2 290
2 322
2 345
2 376
3 1
3 2
3 28
3 32
3 76
3 208
3 216
3 402
4 0
4 2
4 10
4 22
4 40
4 64
4 71
4 96
4 108
4 115
4 128
4 217
4 261
4 320
4 336
4 384
4 417
4 424
4 450
5 20
5 209
5 385
5 454
5 476
6 0
6 11
6 13
7 0
7 2
7 96
7 140
7 165
7 470
7 482
8 3
8 7
8 23
8 47
8 82
8 84
8 98
8 128
8 129
8 131
8 157
8 233
8 274
8 275
8 293
9 5
9 6
9 96
9 104
9 106
9 137
9 149
9 201
9 224
9 256
9 260
9 261
9 264
9 376
10 9
10 13
10 21
10 128
10 131
10 177
10 284
10 303
10 320
10 372
10 385
10 394
10 396
11 6
11 263
11 337
11 421
12 20
12 33
12 34
12 68
12 112
12 113
12 256
12 269
12 324
12 389
12 433
12 472
13 81
13 132
13 498
14 0
14 20
14 26
14 96
14 134
14 242
14 268
14 322
14 376
15 24
15 25
15 128
15 142
16 0
16 4
16 56
16 84
16 121
16 153
16 266
16 276
16 280
16 308
16 325
16 479
17 6
17 80
17 130
17 137
17 160
17 258
17 376
17 388
18 2
18 63
18 68
18 130
18 134
18 264
18 372
19 4
19 14
19 17
19 34
19 68
19 160
19 257
20 5
20 14
20 32
20 99
20 142
20 227
20 266
20 290
20 354
21 24
21 160
21 332
21 356
21 428
21 458
22 7
22 26
22 56
22 57
22 90
22 92
22 225
22 288
22 395
23 0
23 50
23 226
23 420
24 36
24 48
24 196
24 302
24 451
25 3
25 129
25 130
25 136
25 159
25 258
25 384
25 390
26 5
26 81
26 320
26 462
27 20
27 176
27 341
28 15
28 34
28 90
28 160
28 269
28 293
28 436
30 25
30 107
30 132
30 138
30 389
31 68
32 0
32 5
32 17
32 26
32 32
32 144
32 152
32 197
32 226
32 323
32 400
33 7
33 38
33 121
33 137
33 144
33 260
34 16
34 24
34 32
34 44
34 68
34 74
34 263
34 269
34 389
34 399
35 81
35 260
35 276
36 9
36 14
36 145
36 228
36 258
36 336
36 405
36 486
37 44
37 216
37 232
37 400
38 78
38 258
38 273
38 416
39 52
39 96
39 137
39 191
39 209
39 308
40 1
40 4
40 6
40 66
40 194
40 260
40 280
40 440
41 0
41 29
41 158
41 192
41 274
42 5
42 33
42 66
42 180
42 194
42 228
42 352
42 425
43 40
43 64
44 18
44 24
44 64
44 67
44 144
44 267
44 274
44 432
45 74
45 140
46 52
48 32
48 53
48 54
48 60
48 155
48 164
48 215
48 305
48 360
48 362
48 386
48 396
48 489
49 123
49 128
49 155
49 413
50 47
50 82
50 104
51 2
51 3
51 32
51 65
51 94
51 146
52 38
52 96
52 298
52 368
52 415
53 18
53 160
53 392
54 10
54 32
54 48
54 69
54 110
54 140
54 237
54 270
54 296
55 0
55 24
55 168
55 370
55 399
56 64
56 386
56 440
56 452
57 133
57 508
58 40
59 33
59 209
60 6
60 44
60 163
60 196
61 80
61 296
61 420
62 66
62 84
62 96
62 393
63 8
63 32
63 65
63 256
64 12
64 37
64 70
64 74
64 146
64 184
64 186
64 288
64 294
64 328
64 376
64 384
64 440
64 498
65 15
65 59
65 68
65 107
65 253
65 274
65 320
65 448
66 9
66 56
66 74
66 180
66 184
66 256
66 292
66 404
66 456
66 458
67 2
67 53
67 73
67 144
67 161
67 276
67 329
67 336
68 0
68 6
68 16
68 18
68 104
68 117
68 386
68 452
69 0
69 6
69 17
69 42
69 69
69 105
69 106
69 130
69 185
69 256
69 261
69 328
70 25
70 320
71 0
71 257
71 321
72 9
72 32
72 34
72 38
72 80
72 138
72 149
72 168
72 177
72 269
72 276
72 456
73 1
73 42
73 65
73 352
73 361
73 449
74 19
74 49
74 153
74 205
74 391
75 16
75 225
75 296
75 313
76 16
76 18
76 20
76 34
76 74
76 103
76 146
76 192
76 248
76 478
77 65
77 76
77 326
78 16
78 52
78 230
78 245
78 256
80 54
80 63
80 90
80 128
80 266
80 325
81 5
81 18
81 40
81 42
81 201
81 320
81 339
81 395
82 25
82 111
82 302
82 361
83 1
83 298
83 325
84 64
84 139
84 319
85 6
85 33
85 160
85 194
85 260
85 310
85 346
86 4
86 296
86 337
87 76
87 277
87 384
88 24
88 70
88 402
88 410
89 37
89 64
89 129
89 147
89 293
90 164
90 228
90 464
91 16
91 131
92 0
92 3
92 33
92 328
92 416
93 9
93 40
93 96
94 108
94 161
96 0
96 1
96 21
96 82
96 226
96 355
96 386
96 465
97 26
97 38
97 138
97 256
97 258
97 349
97 359
97 404
98 7
98 33
98 260
98 328
99 62
99 204
99 260
99 280
99 326
99 384
99 386
99 418
100 128
100 130
100 209
101 40
101 258
101 272
102 4
102 136
102 142
102 216
102 361
102 444
103 9
103 37
104 2
104 16
104 64
104 65
104 70
104 144
104 449
105 256
106 37
106 177
106 233
106 277
107 192
107 226
108 35
108 225
108 359
109 417
109 492
110 65
110 144
110 305
110 448
111 0
111 376
111 464
112 6
112 19
112 128
112 155
112 321
112 329
113 2
113 8
113 144
114 22
114 50
114 128
114 156
114 160
114 205
114 336
114 344
114 497
115 4
115 173
116 29
116 37
116 157
116 262
116 418
117 4
117 320
117 403
118 17
118 160
118 258
118 263
118 420
119 352
120 59
120 93
120 174
121 72
121 330
122 275
123 448
124 10
124 20
124 163
124 241
124 256
126 16
126 66
126 265
128 16
128 18
128 34
128 37
128 74
128 115
128 122
128 156
128 176
128 184
128 260
128 338
128 378
128 408
128 465
129 10
129 29
129 65
129 192
129 240
129 256
129 261
129 262
129 265
129 292
129 387
129 408
129 416
130 72
130 160
130 241
130 317
130 392
130 456
131 16
131 23
131 193
131 290
131 337
132 12
132 17
132 32
132 67
132 73
132 80
132 128
132 192
132 266
132 320
132 352
132 388
132 445
133 68
133 219
133 405
134 0
134 241
134 258
134 264
134 271
134 392
135 4
135 33
135 48
135 184
135 348
136 0
136 4
136 10
136 11
136 70
136 75
136 96
136 146
136 219
136 222
136 320
136 385
136 448
136 481
136 495
137 23
137 280
137 396
138 124
138 389
139 0
139 41
139 96
139 109
139 418
140 5
140 148
141 290
142 1
142 192
143 130
143 280
143 306
144 0
144 2
144 5
144 260
144 262
144 282
144 386
144 426
145 8
145 72
145 128
145 268
145 276
145 372
145 424
146 5
146 8
146 33
146 69
146 140
146 193
146 390
147 65
147 100
147 101
147 225
147 228
148 2
148 6
148 32
148 40
148 72
148 389
149 3
149 44
149 100
150 0
150 29
150 70
150 332
151 72
152 3
152 12
152 64
152 108
152 132
152 256
152 264
153 0
153 212
153 274
153 370
154 17
154 48
154 77
154 139
154 149
155 14
155 37
155 170
155 274
156 16
158 107
159 321
159 362
160 0
160 32
160 111
160 257
160 273
160 387
160 440
161 34
161 96
161 231
161 256
161 280
161 392
161 416
162 140
162 336
162 390
162 397
163 89
163 147
163 156
163 234
163 404
164 40
164 81
164 110
164 191
164 262
164 292
164 336
164 401
164 412
165 0
165 32
165 198
165 376
166 0
166 13
166 18
166 67
167 105
167 148
168 4
168 8
168 34
168 52
168 54
168 161
168 261
168 290
168 484
169 22
169 213
169 454
170 1
170 64
170 259
170 376
170 500
171 13
172 211
172 257
172 308
172 362
173 1
173 32
173 80
173 123
173 140
173 147
173 449
175 312
176 1
176 4
176 9
176 37
176 68
176 69
176 289
177 17
177 274
178 75
179 44
179 325
180 65
180 86
180 128
180 129
180 130
180 193
180 260
181 167
181 372
183 76
184 24
184 388
186 162
186 327
188 6
188 56
188 141
188 208
188 290
188 397
189 306
189 324
189 341
190 236
192 27
192 293
192 330
192 331
192 351
192 352
192 392
193 61
193 192
194 2
194 5
194 384
194 475
195 157
196 6
196 48
196 260
196 268
196 384
196 416
197 32
197 56
197 96
197 263
197 326
197 385
198 142
198 145
198 320
199 162
199 176
199 234
199 258
199 416
200 13
200 89
200 102
200 288
200 293
200 296
200 464
201 13
201 16
201 174
201 279
201 288
201 338
202 2
202 65
202 302
202 384
202 465
203 272
204 6
204 16
204 150
204 320
205 10
206 33
206 163
206 300
206 328
207 258
207 450
208 32
208 34
208 260
208 438
209 96
209 113
209 128
209 321
210 43
210 244
210 272
211 42
212 10
212 38
212 144
212 171
212 199
213 141
213 419
214 290
214 366
214 394
216 36
216 65
216 83
216 164
216 324
216 409
218 2
218 411
218 424
219 15
220 74
220 426
221 22
222 72
223 117
223 138
224 36
224 140
224 462
225 389
226 4
226 16
226 100
226 202
226 216
226 262
226 454
227 0
228 5
228 28
228 264
229 61
229 90
229 259
229 432
229 449
229 472
230 43
230 74
230 388
231 6
231 32
231 140
233 37
233 258
234 32
234 238
234 360
235 17
235 48
235 258
236 34
236 123
239 34
239 58
239 64
239 120
239 164
240 5
240 136
241 0
241 96
241 314
242 24
242 259
243 24
244 3
245 36
245 327
245 384
246 0
248 34
248 35
248 283
248 324
250 67
250 306
252 454
253 26
253 74
253 209
256 1
256 17
256 42
256 76
256 128
256 144
256 156
256 210
256 233
256 262
256 276
256 320
256 352
256 402
256 417
256 452
256 511
257 3
257 4
257 10
257 64
257 98
257 109
257 261
257 273
257 473
258 9
258 18
258 34
258 66
258 73
258 129
258 327
258 347
258 420
258 446
259 42
259 43
259 81
259 148
259 416
259 448
260 10
260 39
260 115
260 251
260 300
260 376
261 7
261 9
261 28
261 32
261 148
261 256
261 393
262 137
262 291
262 331
262 339
262 448
263 168
263 211
264 2
264 64
264 136
264 254
264 272
264 416
264 452
264 500
265 128
265 193
265 201
265 260
265 263
266 1
266 64
266 154
266 330
266 340
267 6
267 140
267 330
268 50
268 100
268 168
268 284
268 290
269 49
270 1
270 16
271 276
272 6
272 12
272 45
272 80
272 132
272 217
272 276
272 354
273 8
273 23
273 64
273 84
273 265
274 0
274 4
274 78
274 129
274 146
274 163
274 268
274 308
274 440
275 1
275 4
275 16
275 41
275 128
275 320
275 341
276 0
276 9
276 17
276 70
276 142
276 152
276 192
276 292
276 450
277 427
278 67
278 131
278 276
279 5
279 261
279 298
279 417
280 138
280 195
280 298
281 80
281 147
281 170
282 172
282 318
283 156
283 266
284 403
284 435
285 12
285 140
285 297
286 49
286 361
287 66
288 288
289 8
289 41
289 72
289 376
289 418
290 0
290 6
290 24
290 139
290 259
290 400
290 456
291 16
291 37
291 174
291 204
291 436
292 10
292 32
292 38
292 50
292 67
292 409
292 458
293 212
294 113
294 483
296 1
296 268
297 2
297 10
297 64
297 176
297 251
297 257
298 256
298 260
298 290
298 392
299 0
299 34
300 0
300 4
300 313
300 364
300 503
301 140
302 34
302 146
304 0
304 16
304 40
304 98
304 104
304 160
304 163
304 210
304 326
304 384
305 165
305 331
306 66
307 5
307 29
307 128
307 337
310 34
310 35
310 48
310 135
310 262
310 364
311 4
311 116
311 128
311 249
312 148
312 181
313 55
313 64
313 174
313 330
313 341
314 176
314 428
315 269
316 34
316 308
317 265
320 4
320 8
320 16
320 17
320 100
320 131
320 154
320 208
320 272
320 281
320 322
321 29
321 33
321 56
321 411
321 424
322 6
322 40
322 48
322 396
324 12
324 68
324 207
324 234
324 344
324 392
325 65
325 144
325 156
325 256
325 258
325 272
326 49
326 129
326 168
326 172
327 28
328 24
328 128
328 205
328 305
328 307
328 323
329 144
329 178
329 463
329 481
330 10
330 39
330 394
331 501
332 344
333 33
333 153
333 296
333 300
333 390
334 2
334 13
334 53
334 398
334 420
336 19
336 48
336 144
336 174
337 16
337 146
338 16
338 118
338 190
338 336
339 19
339 135
339 400
340 1
340 14
341 208
341 260
342 24
343 66
344 52
344 263
344 385
344 401
344 402
345 332
348 32
348 184
349 1
349 72
349 197
352 41
353 0
354 193
354 266
354 361
354 449
355 74
355 265
355 330
356 9
356 18
357 240
357 372
358 274
359 106
359 442
360 25
360 100
360 128
361 0
361 19
361 200
362 2
362 55
362 234
364 376
365 280
369 44
369 100
369 122
369 404
370 66
370 129
370 160
370 309
372 172
372 177
372 264
373 256
373 284
374 478
376 0
378 130
378 302
380 75
380 129
380 267
380 330
383 49
384 32
384 65
384 69
384 76
384 81
384 132
384 173
384 209
385 10
385 12
385 21
385 66
385 98
385 233
385 259
386 12
386 16
386 65
386 112
386 196
387 21
387 44
387 92
387 142
387 300
387 386
388 23
388 72
388 258
388 371
388 406
388 416
389 50
389 64
389 151
390 39
390 172
391 20
391 131
391 196
392 5
392 29
392 50
392 129
392 130
393 1
393 272
393 322
394 69
394 86
395 69
395 311
396 16
396 30
396 65
397 404
398 307
399 257
400 36
400 73
400 101
400 202
400 232
400 468
401 1
401 151
402 1
402 100
402 200
402 307
402 492
403 26
403 306
404 142
404 270
405 56
405 66
405 68
405 164
405 283
405 433
406 323
408 348
409 17
409 106
410 64
410 400
411 12
413 18
413 131
413 260
414 34
415 234
415 266
416 1
416 70
416 146
416 212
416 213
416 263
416 363
417 142
417 160
417 332
418 0
418 4
418 75
418 120
418 177
418 511
419 72
419 405
420 34
420 142
420 195
420 225
420 387
420 435
421 105
421 322
422 32
422 37
423 9
423 18
424 302
425 36
425 352
426 140
426 192
427 304
428 143
430 22
431 324
432 168
432 272
434 258
434 300
435 50
436 34
436 58
436 272
437 147
438 80
439 36
439 60
439 82
439 352
440 265
440 285
442 101
442 256
443 0
443 264
444 56
445 269
445 360
446 39
447 372
448 32
448 36
448 67
448 96
448 160
448 165
448 176
448 232
448 256
448 284
448 304
448 392
448 449
449 10
449 22
449 89
449 192
449 276
449 384
450 9
450 11
450 66
451 102
451 126
452 6
452 42
453 82
453 155
454 20
454 193
454 320
456 32
456 257
456 413
459 18
459 19
459 67
459 288
461 89
461 209
461 233
463 22
464 10
464 272
466 32
466 38
466 338
466 464
467 116
468 146
468 267
469 0
469 32
469 128
469 280
469 322
470 29
471 339
473 2
473 77
474 209
474 217
475 1
475 404
477 434
478 60
480 34
480 129
480 218
480 387
481 51
481 260
482 37
482 301
482 456
483 32
484 2
484 3
484 18
484 49
484 128
484 190
485 121
485 329
485 337
486 32
486 40
486 44
486 332
487 52
487 58
488 0
490 17
490 33
490 160
490 387
491 258
494 192
494 345
496 16
496 142
496 256
496 386
497 10
498 62
498 73
498 493
499 160
500 5
502 5
504 0
504 1
504 118
504 194
504 217
508 296
509 217
509 337
509 416
510 492
511 384
