# Synthetic Kronecker Graph 
# Edges are directed 
0 4
0 14
0 16
0 24
0 25
0 42
0 64
0 84
0 97
0 128
0 172
0 182
0 225
0 232
0 264
0 265
0 299
0 300
0 336
0 347
0 371
0 432
0 448
0 544
0 562
0 627
0 680
0 706
0 729
0 844
0 897
0 980
1 2
1 18
1 20
1 24
1 57
1 80
1 192
1 265
1 288
1 313
1 327
1 328
1 343
1 434
1 521
1 525
1 545
1 614
1 784
2 26
2 30
2 32
2 42
2 90
2 146
2 161
2 192
2 539
2 579
2 590
2 680
2 760
2 961
3 16
3 24
3 28
3 99
3 199
3 210
3 256
3 262
3 284
3 321
3 380
3 416
3 908
3 916
4 0
4 32
4 35
4 64
4 88
4 89
4 134
4 227
4 264
4 352
4 784
4 785
4 844
4 882
5 0
5 138
5 200
5 212
5 237
5 328
5 533
5 561
5 712
5 936
5 1008
6 1
6 22
6 39
6 42
6 323
6 349
6 362
6 416
6 500
6 563
6 705
6 865
7 288
7 408
7 464
7 716
7 788
8 8
8 10
8 17
8 52
8 136
8 170
8 354
8 392
8 401
8 419
8 533
8 560
8 583
8 870
8 902
9 0
9 1
9 5
9 6
9 36
9 160
9 224
9 292
9 401
9 516
9 556
9 646
9 660
9 890
10 132
10 545
10 546
10 768
10 917
11 28
11 32
11 72
11 141
11 169
11 404
11 512
11 530
11 576
11 638
11 650
11 774
12 33
12 38
12 66
12 155
12 338
12 432
12 464
12 514
12 521
12 529
12 592
12 624
13 13
13 37
13 136
13 206
13 306
13 401
13 1013
14 2
14 32
14 34
14 41
14 192
14 261
14 598
14 640
14 780
14 818
15 11
15 146
15 630
15 816
16 8
16 16
16 20
16 30
16 52
16 74
16 80
16 134
16 148
16 180
16 209
16 221
16 224
16 228
16 232
16 388
16 400
16 489
16 530
16 569
17 18
17 53
17 163
17 256
17 521
17 875
18 0
18 8
18 140
18 257
18 264
18 656
19 8
19 36
19 41
19 98
19 195
19 260
19 290
19 648
19 853
19 884
20 9
20 38
20 72
20 298
20 390
20 550
20 644
20 769
20 776
21 0
21 91
21 95
21 98
21 552
21 678
22 132
22 134
22 836
22 896
23 20
23 24
23 36
23 563
23 934
24 5
24 34
24 36
24 103
24 146
24 294
24 300
24 344
24 437
24 558
24 616
25 0
25 148
25 320
25 513
25 536
25 589
25 668
26 34
26 540
26 761
27 320
27 736
27 790
28 27
28 76
28 258
28 261
28 320
28 512
28 577
28 648
28 993
29 256
29 430
29 463
29 524
29 640
29 844
29 964
29 979
30 30
30 112
30 386
30 470
30 673
31 73
32 40
32 72
32 80
32 101
32 148
32 160
32 201
32 272
32 321
32 346
32 384
32 533
32 546
32 632
32 744
32 830
32 844
32 928
33 0
33 2
33 9
33 33
33 44
33 115
33 170
33 172
33 258
33 266
33 267
33 356
33 466
33 513
33 600
34 35
34 40
34 82
34 128
34 160
34 168
34 174
34 196
34 198
34 213
34 270
34 436
34 528
34 589
34 608
34 646
34 709
34 736
35 4
35 12
35 112
35 152
35 211
35 310
35 389
35 519
35 600
36 29
36 35
36 262
36 265
36 386
36 393
36 401
37 12
37 70
37 164
38 240
38 568
38 709
38 721
38 802
38 855
39 17
39 48
39 163
39 307
39 696
39 924
40 34
40 43
40 129
40 286
40 388
40 512
40 522
40 524
40 533
40 544
40 545
40 836
41 194
41 289
41 368
41 394
41 684
42 0
42 22
42 258
42 576
42 592
42 593
42 640
42 829
43 129
43 330
43 401
43 720
43 810
44 4
44 16
44 23
44 50
44 77
44 160
44 321
44 545
44 664
44 842
45 18
45 19
45 537
45 590
45 661
46 135
46 262
46 306
46 520
46 640
46 720
46 838
46 934
47 16
47 68
47 88
47 131
47 286
47 371
47 771
47 944
47 974
48 42
48 44
48 64
48 160
48 273
48 276
48 301
48 518
48 620
48 652
48 709
48 811
48 833
49 65
49 130
49 292
49 466
49 514
49 665
50 4
50 15
50 161
50 376
50 555
50 577
50 709
50 770
51 144
51 229
51 257
51 289
51 564
51 811
51 838
52 9
52 128
52 257
52 568
52 991
53 12
53 513
54 18
54 35
55 1
55 128
55 267
55 966
56 32
56 57
56 80
56 145
56 234
56 259
56 265
56 272
56 352
56 642
56 845
56 896
57 1
57 19
57 52
57 734
58 196
58 448
58 786
59 670
59 904
59 961
60 39
60 73
60 273
60 451
60 609
60 648
60 817
62 90
63 131
63 405
64 8
64 96
64 105
64 133
64 176
64 192
64 224
64 257
64 266
64 330
64 542
64 581
64 582
64 661
65 16
65 29
65 200
65 280
65 523
65 580
65 607
65 772
65 865
65 956
66 14
66 79
66 86
66 180
66 241
66 264
66 304
66 321
66 544
66 670
66 774
66 836
66 864
67 6
67 82
67 136
67 628
67 680
67 736
67 775
68 1
68 4
68 11
68 57
68 176
68 220
68 295
68 514
68 682
68 775
68 800
69 0
69 5
69 445
69 513
69 737
69 866
70 8
70 84
70 141
70 513
70 533
70 563
70 592
70 653
70 949
71 6
71 40
71 258
71 297
71 650
72 50
72 58
72 96
72 130
72 162
72 208
72 393
72 512
72 519
72 548
72 577
72 654
72 705
72 768
72 774
73 27
73 137
73 285
73 390
73 564
73 674
73 776
74 1
74 13
74 24
74 156
74 316
74 394
74 540
75 244
75 866
76 0
76 308
76 353
76 384
76 388
76 393
76 485
76 611
76 829
77 52
77 768
78 129
78 323
78 331
78 640
78 658
78 768
78 842
79 9
79 520
79 580
79 912
80 28
80 89
80 100
80 258
80 328
80 518
80 657
80 920
81 1
81 42
81 152
81 178
81 193
81 256
81 260
81 288
81 536
81 848
81 910
82 106
82 388
82 549
82 770
82 805
83 270
83 998
84 0
84 35
84 74
84 139
84 258
84 260
84 512
84 515
84 611
84 739
84 900
85 93
85 258
85 640
85 745
85 840
86 80
86 237
86 552
86 592
86 612
87 10
87 74
87 214
88 1
88 10
88 88
88 279
88 673
88 842
88 928
89 0
89 11
89 64
89 128
89 422
89 512
89 802
90 85
90 321
90 417
90 514
90 662
91 177
91 268
91 279
91 548
92 2
92 397
92 582
92 640
92 700
93 33
93 40
93 48
93 113
93 136
93 170
93 424
93 520
93 833
94 260
95 83
95 672
96 0
96 71
96 273
96 324
96 399
96 605
96 636
96 643
96 651
96 659
96 668
96 775
97 9
97 12
97 84
97 178
97 280
97 308
97 314
97 336
97 595
97 610
98 31
98 32
98 35
98 149
98 528
98 586
98 641
98 774
98 828
98 837
99 34
99 64
99 75
99 92
99 201
99 264
100 476
100 622
100 898
101 230
101 536
101 924
102 80
102 97
102 300
102 784
103 128
103 256
103 469
103 538
104 163
104 337
104 404
106 132
106 520
107 420
107 528
107 786
107 804
108 20
108 78
108 208
108 264
108 387
108 576
108 659
109 10
109 72
109 332
109 642
109 977
110 290
111 521
111 647
112 5
112 82
112 97
112 163
112 260
112 418
112 486
112 798
112 843
113 104
113 158
113 656
114 10
114 22
114 24
115 2
115 702
115 864
116 0
116 3
116 10
116 14
116 513
116 576
116 610
116 868
117 10
117 269
117 285
117 578
117 770
118 132
118 145
118 266
118 389
118 772
120 16
120 20
120 56
120 704
121 14
122 68
122 140
122 242
122 325
123 0
123 9
123 144
124 530
125 66
125 608
126 4
126 115
126 576
128 41
128 78
128 137
128 178
128 211
128 265
128 292
128 407
128 530
128 548
128 648
128 656
128 883
128 889
128 897
128 995
129 1
129 4
129 17
129 20
129 201
129 256
129 386
129 545
129 657
129 897
129 901
129 937
130 47
130 48
130 50
130 68
130 94
130 120
130 130
130 200
130 469
130 496
130 896
131 24
131 25
131 202
131 521
131 531
131 632
132 1
132 32
132 70
132 127
132 129
132 160
132 179
132 286
132 288
132 575
132 645
132 655
132 682
132 724
132 795
132 846
132 888
133 21
133 104
133 180
133 349
133 522
133 986
134 6
134 35
134 80
134 156
134 165
134 172
134 334
134 466
134 616
134 646
134 928
135 214
135 392
135 523
135 549
135 564
135 668
135 673
135 768
135 888
136 2
136 26
136 117
136 145
136 192
136 304
136 481
136 487
136 563
136 702
137 8
137 24
137 25
137 28
137 179
137 260
137 280
137 352
137 647
137 804
138 0
138 38
138 404
138 512
138 663
138 946
139 121
139 280
139 300
139 346
139 540
139 782
139 930
140 88
140 160
140 208
140 210
140 243
140 308
140 409
140 592
140 789
140 842
141 128
141 362
142 538
142 867
142 872
143 32
143 96
143 132
143 145
143 512
143 565
144 19
144 57
144 261
144 304
144 320
144 392
144 461
144 512
144 582
144 612
144 768
145 1
145 112
145 396
145 408
145 612
145 844
146 1
146 8
146 26
146 128
146 211
146 350
146 456
146 516
146 580
146 798
146 818
147 24
147 336
147 964
148 0
148 2
148 546
148 742
148 902
149 66
149 314
149 456
149 744
150 236
150 514
151 167
151 440
152 17
152 64
152 69
152 74
152 82
152 224
152 243
152 280
152 291
152 448
152 530
152 590
152 610
152 721
152 788
152 850
153 1
153 34
153 80
153 96
153 208
153 594
153 758
153 992
154 0
154 130
154 386
154 548
154 648
155 112
155 323
155 448
155 610
156 16
156 360
156 705
156 881
157 131
157 517
158 9
158 450
158 512
159 518
159 544
159 549
160 1
160 130
160 257
160 288
160 320
160 331
160 417
160 449
160 496
160 512
160 568
160 593
160 673
160 721
161 5
161 50
161 64
161 105
161 280
161 492
161 529
162 1
162 12
162 41
162 50
162 136
162 192
162 193
162 320
162 544
162 624
162 865
163 196
163 622
163 870
163 961
164 2
164 7
164 43
164 66
164 86
164 98
164 133
164 259
164 264
164 570
164 686
164 796
165 18
165 94
165 96
165 277
165 323
166 181
166 272
166 316
166 528
166 634
166 900
167 281
168 0
168 4
168 72
168 105
168 117
168 232
168 254
168 302
168 770
169 165
169 541
169 854
169 867
170 161
170 333
170 340
170 364
170 479
170 513
170 514
170 529
170 545
170 656
170 772
170 800
170 962
171 33
171 569
171 576
171 859
171 876
172 66
172 264
172 333
172 385
172 517
173 562
173 598
174 522
174 703
175 85
175 242
176 35
176 109
176 141
176 277
176 431
176 529
176 656
176 782
176 928
177 1
177 164
177 734
177 771
177 782
178 0
178 67
178 138
178 692
178 740
179 526
180 70
180 114
180 129
180 257
180 271
180 548
180 768
181 4
181 48
181 56
181 168
181 384
181 514
181 522
181 817
182 81
182 260
182 774
182 808
183 98
184 16
184 101
184 145
184 392
184 672
184 678
185 16
185 101
185 273
186 9
186 352
186 568
186 592
187 292
187 656
187 770
187 814
188 376
188 710
188 835
189 41
189 546
189 897
190 265
190 410
190 479
192 8
192 26
192 55
192 150
192 176
192 277
192 292
192 308
192 338
192 402
192 513
192 544
192 596
192 604
192 842
193 60
193 65
193 273
193 340
193 452
193 558
193 593
193 776
193 852
194 12
194 24
194 524
194 608
194 676
195 28
195 54
195 112
195 675
196 169
196 266
196 500
196 588
196 602
197 86
197 260
198 2
198 54
198 90
198 265
198 459
198 757
199 869
200 7
200 51
200 65
200 97
200 176
200 496
200 520
200 562
200 592
200 717
200 767
201 32
201 129
201 304
201 776
201 816
201 822
202 7
203 540
203 872
204 0
204 21
204 100
204 130
204 581
204 780
205 16
205 55
205 77
205 794
206 304
207 4
207 8
207 20
207 129
207 422
207 537
208 30
208 66
208 149
208 262
208 293
208 311
208 417
208 513
208 577
208 876
209 79
209 258
209 325
209 449
210 36
210 160
210 313
210 320
211 81
211 562
212 36
212 48
212 166
212 192
212 259
212 289
212 386
212 460
212 488
213 16
213 37
213 167
213 308
213 775
214 3
214 16
214 118
214 130
214 177
214 266
214 760
215 721
215 811
216 205
216 297
217 27
217 32
217 145
217 272
217 569
217 648
218 144
218 177
218 562
219 15
220 0
220 38
220 256
220 310
220 768
220 800
221 32
221 99
221 808
222 159
222 602
222 656
223 176
223 349
224 8
224 16
224 40
224 131
224 469
224 514
224 781
225 10
225 20
225 38
225 44
225 67
226 7
226 310
226 316
226 354
226 552
226 598
227 227
227 279
228 8
228 348
228 918
228 1018
229 257
229 274
229 298
230 178
230 392
230 676
231 400
232 264
232 267
232 468
232 576
232 684
233 10
233 50
233 136
234 27
234 38
234 98
234 324
234 401
234 650
234 686
235 4
235 64
235 260
236 11
236 283
237 40
237 166
238 17
239 9
239 178
240 120
240 160
240 175
240 283
240 305
240 514
240 774
240 899
241 6
241 81
241 964
242 838
243 14
243 280
243 652
243 743
244 2
244 25
244 773
244 777
245 20
246 450
247 5
247 581
248 66
248 204
248 304
248 768
249 12
249 133
249 644
249 778
250 3
252 72
252 166
252 864
254 138
254 449
254 684
256 0
256 6
256 34
256 58
256 66
256 138
256 162
256 194
256 220
256 264
256 394
256 449
256 513
256 715
256 721
256 782
256 841
256 876
257 1
257 3
257 26
257 58
257 81
257 84
257 166
257 275
257 290
257 322
257 324
257 384
257 400
257 423
257 576
257 612
258 0
258 40
258 104
258 178
258 227
258 296
258 369
258 397
258 517
258 576
258 656
258 844
258 923
259 10
259 121
259 152
259 200
259 228
259 240
259 265
259 323
259 536
259 657
260 26
260 45
260 48
260 90
260 100
260 131
260 168
260 274
260 306
260 367
260 450
260 453
260 468
260 609
260 727
261 16
261 229
261 283
261 430
262 20
262 73
262 132
262 138
262 267
262 368
262 388
262 642
262 938
263 97
263 132
264 1
264 49
264 80
264 153
264 209
264 259
264 294
264 423
264 455
264 514
264 519
264 810
265 1
265 29
265 64
265 209
265 285
265 518
265 834
266 66
266 135
266 192
266 348
266 372
266 689
266 896
267 2
267 73
267 324
267 594
267 926
268 12
268 73
268 80
268 96
268 97
268 144
268 146
268 196
268 281
268 333
268 433
268 541
268 582
268 775
269 80
269 160
269 212
269 260
269 922
270 176
270 202
270 256
270 576
270 769
270 833
271 11
271 16
271 146
271 176
272 0
272 10
272 38
272 101
272 176
272 194
272 273
272 337
272 628
273 228
273 286
273 328
273 354
273 416
273 572
273 771
273 967
274 140
274 152
274 204
274 209
274 299
274 400
274 421
274 598
275 2
275 52
275 160
275 528
276 69
276 230
276 256
276 276
276 576
276 905
277 4
277 113
277 134
277 143
277 256
277 523
277 527
277 573
277 614
278 16
278 393
278 546
278 565
278 817
278 904
279 512
280 33
280 149
280 408
280 560
280 697
281 245
281 896
282 72
282 139
282 305
283 34
283 296
283 505
283 516
284 99
284 596
284 626
284 795
286 36
286 260
286 345
286 585
286 589
288 24
288 74
288 137
288 140
288 233
288 353
288 404
288 538
288 583
288 641
288 651
288 668
288 734
288 906
289 5
289 16
289 38
289 370
289 995
290 19
290 82
290 256
290 564
290 969
291 98
291 326
292 66
292 135
292 228
292 430
293 11
293 83
293 282
293 524
293 569
294 0
294 64
294 73
294 94
294 160
294 224
295 160
295 262
295 528
296 17
296 68
296 144
296 195
296 256
296 384
296 771
296 932
297 328
297 329
297 464
297 904
298 137
298 356
298 535
298 564
298 642
298 814
299 130
299 308
299 451
299 603
299 866
300 84
300 265
301 0
301 54
301 162
301 290
301 673
301 784
302 192
302 201
302 550
302 644
302 960
303 6
303 544
303 753
304 8
304 69
304 165
304 200
304 650
305 3
305 32
305 280
306 26
306 140
306 264
306 452
306 489
306 553
307 17
307 20
307 194
307 540
307 896
308 4
308 5
308 81
308 116
309 168
309 266
309 640
310 203
310 232
310 384
310 625
311 100
311 138
311 329
311 740
312 43
312 312
312 398
312 515
312 600
312 697
313 3
313 79
313 489
313 539
313 641
313 646
313 788
313 854
314 5
314 152
314 153
314 516
314 901
315 128
315 778
316 131
316 192
317 68
317 218
318 448
318 896
319 25
319 704
320 18
320 29
320 62
320 81
320 85
320 106
320 122
320 152
320 344
320 365
320 532
320 712
321 9
321 16
321 111
321 177
321 277
322 12
322 55
322 483
322 522
322 578
322 772
323 216
323 412
323 427
323 778
324 42
324 120
324 144
324 260
324 412
324 419
324 653
324 1006
325 290
325 424
325 666
326 30
326 60
326 460
326 608
327 34
327 65
327 310
327 849
328 48
328 81
328 82
328 83
328 327
328 426
328 512
328 532
328 736
329 40
329 148
329 289
329 785
329 877
330 40
330 257
330 448
330 589
331 68
331 86
331 126
331 548
331 805
332 0
332 224
332 248
332 261
332 288
332 517
332 608
332 854
333 18
333 67
333 107
333 326
334 7
334 24
334 28
334 296
334 450
334 645
335 83
335 620
335 784
336 64
336 128
336 332
336 513
336 668
337 71
337 264
337 560
337 862
337 960
337 963
338 216
338 232
338 273
338 306
338 376
338 656
338 848
339 1
339 29
339 160
339 239
340 130
340 176
340 433
341 352
341 712
342 17
342 64
342 66
342 512
343 120
343 162
344 8
344 245
344 512
344 698
344 776
345 36
345 453
345 522
345 620
346 272
346 320
346 408
346 580
346 920
347 540
347 644
348 57
348 264
348 392
348 393
348 520
348 578
350 152
350 552
351 544
351 580
352 151
352 153
352 231
352 324
352 423
352 876
353 1
353 22
353 392
354 4
354 19
355 65
355 335
356 52
356 388
356 802
357 55
357 185
357 704
358 162
359 800
360 9
360 36
360 322
360 354
360 649
360 784
361 388
361 436
362 64
362 498
363 237
363 519
364 5
364 406
364 994
365 610
366 16
366 225
366 394
366 456
367 42
367 258
367 278
367 978
368 6
368 804
368 965
369 418
369 452
369 528
369 648
370 58
370 681
370 774
371 464
371 531
372 60
372 303
372 838
373 136
373 424
373 493
373 704
374 59
374 256
375 450
375 809
376 9
376 521
377 112
378 310
378 444
379 772
380 2
380 544
380 685
380 824
381 960
382 376
383 740
383 832
384 4
384 28
384 122
384 128
384 129
384 194
384 354
384 385
384 493
384 616
384 654
384 690
385 0
385 4
385 28
385 90
385 473
385 792
385 803
386 1
386 4
386 108
386 144
386 165
386 626
386 672
386 785
387 52
387 600
388 35
388 66
388 80
388 144
388 224
388 320
388 337
388 520
388 856
389 22
389 386
389 723
389 952
390 0
390 160
390 260
390 336
390 628
390 706
390 826
390 888
391 514
391 892
392 2
392 65
392 168
392 212
392 620
392 771
392 840
392 897
393 136
393 196
393 360
393 366
393 517
393 594
393 677
394 14
394 265
394 466
394 582
394 814
394 854
395 112
395 128
395 256
395 509
395 689
395 843
396 868
397 456
397 512
398 3
398 157
398 330
398 544
399 61
399 164
400 8
400 13
400 48
400 178
400 338
400 559
400 674
400 800
400 867
401 3
401 42
401 272
401 316
401 335
401 358
402 540
402 646
402 834
403 109
403 259
403 264
403 268
403 784
404 10
404 668
405 185
405 310
405 829
406 145
406 328
406 832
407 560
407 676
408 4
408 192
408 257
408 775
409 72
409 97
409 204
409 278
409 420
409 792
409 932
410 7
410 36
410 288
410 628
410 715
410 896
411 12
411 419
412 0
412 276
412 786
413 322
413 523
414 60
414 84
414 99
414 264
414 516
414 521
414 917
416 47
416 133
416 194
416 322
416 532
416 672
416 763
416 896
417 132
417 260
417 518
417 772
418 0
418 19
418 112
418 134
418 327
418 643
419 53
420 8
420 70
420 340
420 425
420 462
420 768
420 799
421 6
421 34
421 88
421 196
422 52
422 244
422 257
422 325
423 656
423 841
424 51
424 392
424 704
425 22
425 32
425 76
425 142
425 261
425 667
426 93
426 274
426 488
427 354
428 10
428 224
428 358
428 466
429 651
430 193
431 292
431 324
432 69
432 106
432 161
432 808
433 296
434 294
435 517
435 561
436 151
436 190
437 152
437 265
438 297
439 171
440 384
440 776
441 513
441 680
442 35
442 420
442 484
443 1
443 40
443 284
443 609
446 384
447 515
448 0
448 2
448 170
448 400
448 498
448 776
448 840
448 973
449 32
449 38
449 102
449 118
450 464
450 598
451 156
451 248
451 262
451 322
451 520
452 36
452 321
452 553
452 594
452 834
453 9
453 33
453 42
453 239
453 403
453 736
453 940
454 558
454 850
455 266
456 32
456 48
456 209
456 544
456 581
456 680
457 174
458 180
459 3
459 56
459 58
459 838
460 34
460 212
460 363
460 667
460 856
462 11
462 119
462 600
462 798
462 913
464 8
464 112
464 160
464 256
464 513
464 765
464 902
465 291
465 452
466 274
466 299
468 2
468 384
469 328
470 6
470 904
471 280
472 49
472 114
472 777
472 984
473 156
473 410
473 775
474 13
474 785
475 35
475 512
476 514
477 354
478 600
479 641
479 920
480 15
480 41
480 160
480 192
480 209
481 59
481 320
481 404
481 432
481 506
481 517
482 150
482 260
482 276
482 519
482 529
482 583
482 708
483 248
483 641
483 656
483 898
484 267
484 324
484 704
484 712
484 734
485 394
485 592
486 32
486 161
486 406
487 50
488 522
491 652
491 896
492 98
492 274
492 330
493 98
493 544
493 837
494 64
494 278
496 0
496 21
496 38
496 220
496 227
496 636
496 776
496 840
497 156
498 66
498 152
498 588
500 122
500 428
502 36
502 281
503 38
504 66
504 72
504 312
504 521
504 548
506 735
508 17
508 51
508 148
508 585
509 437
510 64
512 8
512 9
512 22
512 37
512 72
512 78
512 98
512 112
512 128
512 148
512 178
512 192
512 198
512 244
512 252
512 333
512 338
512 512
512 532
512 538
512 542
512 553
512 564
512 611
512 646
512 680
512 801
512 838
512 906
513 171
513 213
513 256
513 259
513 272
513 284
513 320
513 514
513 590
513 870
514 16
514 17
514 141
514 291
514 307
514 322
514 406
514 526
514 594
514 660
514 834
514 840
515 1
515 33
515 169
515 272
515 391
515 396
515 405
515 464
515 502
515 653
515 784
515 809
515 842
515 904
515 905
516 8
516 113
516 400
516 577
516 688
516 691
516 808
517 70
517 159
517 161
517 257
517 259
517 273
517 486
517 552
518 26
518 34
518 502
518 528
518 568
518 850
518 910
518 916
519 41
519 192
519 276
519 561
519 648
519 657
520 8
520 26
520 157
520 312
521 121
521 136
521 266
521 272
521 276
521 321
521 329
521 372
521 528
521 587
521 772
521 900
521 977
522 134
522 177
522 178
522 249
522 288
522 518
522 600
522 607
522 614
522 653
522 833
523 23
523 120
523 166
523 192
524 148
524 321
524 440
524 518
524 561
524 580
524 688
525 37
525 784
525 892
526 81
526 145
526 288
526 376
526 512
526 525
526 673
527 320
528 8
528 16
528 28
528 72
528 132
528 143
528 144
528 150
528 201
528 222
528 275
528 372
528 432
528 490
528 548
528 576
528 645
528 870
528 932
529 44
529 108
529 156
529 216
529 299
529 372
529 384
529 386
529 836
530 11
530 200
530 264
530 482
530 529
530 617
530 629
530 800
531 2
531 8
531 310
531 480
531 628
532 65
532 224
532 521
532 648
532 729
532 806
532 818
533 0
533 5
533 205
533 868
533 921
534 5
534 157
534 257
534 541
534 598
534 646
535 23
536 11
536 16
536 132
536 208
536 265
536 424
536 441
536 522
536 928
537 24
538 94
538 600
540 2
540 65
540 110
540 305
540 339
540 424
541 47
543 48
543 95
543 164
544 34
544 114
544 157
544 161
544 261
544 466
544 518
544 556
544 656
544 795
545 3
545 8
545 36
545 73
545 130
545 144
545 266
545 287
545 516
545 580
545 656
545 710
546 69
546 72
546 245
546 252
546 304
546 572
546 592
547 32
547 40
547 44
547 145
547 723
548 56
548 76
548 96
548 160
548 353
549 42
549 277
549 534
549 645
549 782
550 181
550 521
550 654
551 19
551 72
551 80
551 128
551 369
552 32
552 175
552 192
552 199
552 272
552 284
552 304
552 432
552 692
553 67
553 144
553 162
553 272
553 497
553 576
553 857
554 33
554 113
554 128
554 260
554 948
555 98
555 256
555 321
556 64
556 67
556 88
556 97
556 112
556 139
556 730
557 12
557 16
557 267
558 91
558 270
558 320
558 500
559 29
559 39
559 170
559 362
560 4
560 11
560 179
560 252
560 268
560 306
560 440
560 472
560 568
560 582
560 768
561 77
561 210
561 386
562 34
562 64
562 66
562 128
562 429
562 528
563 719
563 905
564 4
564 67
564 99
564 137
564 142
564 256
564 521
564 550
564 769
564 777
564 857
564 932
565 70
565 120
565 259
565 400
566 92
566 524
567 467
569 138
569 324
569 386
569 736
570 6
570 103
571 8
571 593
572 1
572 449
572 514
575 532
576 20
576 24
576 29
576 34
576 83
576 138
576 273
576 517
576 561
576 588
576 609
576 610
576 676
576 738
576 866
577 66
577 144
577 260
577 261
577 518
577 924
578 34
578 162
578 170
578 230
578 594
578 832
579 38
579 46
579 156
579 388
579 681
579 812
579 843
580 19
580 37
580 168
580 562
580 688
581 79
581 173
581 199
581 274
581 790
582 276
582 432
582 465
582 585
582 705
582 800
583 7
583 18
583 56
583 181
583 969
584 6
584 129
584 364
584 522
584 578
584 642
584 836
584 900
585 64
585 104
585 128
585 224
585 448
586 11
586 133
586 221
586 266
586 288
586 720
586 904
587 37
587 261
587 516
588 37
588 59
588 154
588 656
589 572
590 9
590 158
590 450
591 5
591 103
591 131
591 257
591 389
591 536
592 4
592 80
592 266
592 304
592 448
592 780
592 799
593 56
593 96
593 560
593 597
594 128
594 264
594 452
594 645
594 776
594 901
595 129
595 464
595 648
595 720
596 42
596 59
596 67
596 424
596 787
597 8
597 755
597 804
597 961
598 129
598 194
599 128
599 145
599 152
599 153
599 603
599 811
600 33
600 35
600 81
600 142
600 154
600 256
600 324
600 497
601 3
601 48
601 156
601 546
601 548
602 2
602 72
602 689
603 68
603 132
603 281
603 512
604 2
604 42
604 849
605 524
605 806
605 998
606 620
607 297
607 641
608 72
608 160
608 341
608 359
608 428
608 485
608 713
609 4
609 256
609 340
609 668
610 388
610 525
610 536
610 912
611 22
611 136
611 256
611 517
611 542
612 57
612 101
612 266
612 290
612 397
612 548
613 10
613 37
613 304
614 202
614 337
614 394
614 512
614 560
614 768
615 280
615 449
615 452
615 518
616 143
616 159
616 283
616 768
616 769
617 31
617 66
618 2
618 21
618 678
619 149
619 707
620 318
620 529
620 899
621 544
622 85
622 102
622 258
624 12
624 208
624 464
624 962
625 384
625 418
625 529
625 799
626 25
626 780
627 165
627 340
627 516
628 387
628 513
628 572
629 4
629 104
630 359
630 416
630 512
630 593
630 704
630 816
631 288
633 12
633 30
633 174
633 256
633 294
634 32
636 5
636 256
636 299
637 615
640 0
640 44
640 64
640 133
640 160
640 340
640 444
640 614
640 650
640 785
640 835
641 58
641 161
641 168
641 266
641 275
641 409
641 586
641 801
642 3
642 69
642 83
642 98
642 165
642 308
642 689
643 4
643 22
643 105
643 356
643 544
643 716
643 776
643 898
644 0
644 107
644 112
644 228
644 258
644 270
644 280
644 643
644 868
644 968
645 8
645 208
645 503
645 676
645 705
645 997
646 0
646 128
646 132
646 329
646 564
647 661
648 3
648 136
648 138
648 326
649 3
649 560
649 802
649 920
650 73
650 108
650 768
651 38
651 282
651 513
651 769
651 914
652 44
652 153
652 257
652 825
654 584
654 937
656 6
656 12
656 54
656 224
656 258
656 295
656 376
656 949
657 516
658 136
658 144
658 204
659 620
660 0
660 19
660 27
660 413
661 50
661 97
661 513
662 64
662 276
662 608
663 72
663 545
664 369
664 668
665 434
666 209
666 775
667 321
667 652
667 737
668 18
668 262
668 336
668 516
668 647
669 200
669 715
669 991
670 52
670 168
672 1
672 17
672 128
672 192
672 193
672 265
672 412
672 553
672 720
672 822
673 24
673 112
673 268
673 529
673 684
674 395
674 528
674 652
674 689
674 769
674 790
675 261
675 372
675 676
676 105
676 207
676 269
676 289
676 400
676 560
676 601
676 772
677 25
677 262
677 316
677 378
677 528
677 768
679 316
680 36
680 420
680 547
680 738
680 966
681 10
682 178
682 322
683 70
683 324
683 576
684 28
684 360
685 10
686 677
687 37
688 4
688 24
688 84
688 352
688 665
689 16
689 34
689 110
689 133
689 649
689 948
690 0
690 246
690 388
690 524
690 580
690 793
691 320
692 18
692 98
692 121
692 159
693 67
693 256
693 266
694 256
694 554
695 333
696 24
696 68
697 27
697 56
697 144
697 212
697 268
697 272
697 1009
698 28
698 221
698 342
698 527
699 234
700 2
700 539
700 740
700 917
701 12
702 743
704 112
704 387
704 681
704 914
705 129
705 142
705 238
705 293
705 324
705 773
705 858
706 70
706 149
706 345
706 359
707 0
707 8
707 256
707 292
707 924
708 34
708 322
708 516
708 517
708 640
709 16
709 24
709 293
709 660
710 65
711 85
712 2
712 128
712 329
712 336
713 21
713 38
713 188
713 204
713 232
714 101
714 105
714 128
714 400
714 737
715 156
715 536
715 768
716 162
716 306
716 694
717 6
717 500
717 553
717 586
720 119
720 196
720 257
720 598
721 185
721 298
721 546
721 846
722 3
722 272
723 6
723 135
723 260
723 864
724 46
724 296
724 548
725 6
725 65
725 208
726 518
726 578
728 32
728 389
728 520
729 47
729 786
730 402
731 641
732 326
732 512
733 1
734 104
734 520
736 0
736 36
736 52
736 129
736 393
737 36
737 528
737 856
738 262
738 541
739 0
740 280
740 370
740 573
740 708
741 12
741 46
742 1
742 780
743 385
743 736
743 833
745 268
745 850
747 2
748 256
748 530
748 740
749 5
750 513
751 16
752 152
752 195
752 305
752 514
752 673
752 965
753 33
753 328
753 532
753 594
754 33
754 353
755 239
756 449
758 217
759 689
760 552
761 724
762 65
762 160
762 297
763 80
764 66
764 228
765 69
766 562
767 41
767 824
768 3
768 6
768 25
768 32
768 108
768 147
768 168
768 198
768 286
768 341
768 524
768 582
768 712
768 724
769 144
769 536
769 957
770 0
770 40
770 146
770 209
770 417
770 506
770 898
771 1
771 264
771 512
771 520
771 582
771 645
772 16
772 71
772 100
772 183
772 258
772 499
772 663
773 18
773 46
773 289
773 516
773 552
774 5
774 816
775 320
775 395
776 149
776 512
776 520
777 1
777 679
778 640
779 41
779 386
779 545
780 19
780 204
780 292
780 305
780 644
781 0
781 104
781 137
781 250
782 66
782 83
782 108
782 376
783 17
783 440
784 18
784 92
784 520
785 68
785 75
785 401
785 458
785 585
785 662
785 994
786 1
786 240
786 320
786 355
786 691
787 33
787 76
787 238
787 883
788 1
788 594
789 17
789 117
790 4
790 33
790 160
790 520
791 265
791 312
791 616
792 68
792 301
792 588
792 626
792 902
793 112
793 257
793 649
794 201
795 332
795 694
796 40
796 200
797 761
797 825
798 3
798 48
798 117
798 640
798 871
799 3
799 243
799 264
799 810
800 24
800 82
800 602
800 738
800 785
801 298
801 716
801 766
802 97
802 181
802 396
802 429
802 531
803 257
803 276
803 608
804 0
804 97
804 521
804 641
804 997
805 8
805 146
805 259
805 531
805 833
806 397
806 512
806 774
807 386
807 516
807 721
807 893
808 25
808 70
808 274
808 545
809 68
809 130
809 540
809 659
809 819
811 78
811 83
811 194
811 656
812 136
812 512
812 928
813 128
813 357
814 42
814 544
816 729
816 752
816 770
816 898
816 912
817 281
817 840
818 1
818 20
819 0
819 36
820 137
821 157
821 768
821 776
822 126
822 140
824 10
824 560
825 44
825 384
826 34
826 308
826 521
827 264
827 612
827 616
828 160
829 194
831 14
831 32
831 968
832 16
832 133
832 138
832 152
832 245
832 465
832 650
832 909
833 88
833 294
833 433
833 518
833 544
834 165
834 201
834 424
834 835
835 4
835 18
835 146
835 176
836 417
836 816
837 176
837 230
837 356
837 517
837 530
837 534
838 2
838 34
838 41
838 403
838 885
839 43
840 128
840 260
840 533
842 103
842 208
842 256
842 307
843 399
844 103
844 722
845 64
845 416
846 80
846 281
846 391
847 801
848 184
848 300
849 33
850 17
850 23
850 42
850 400
851 8
851 330
852 90
852 140
852 384
853 14
853 268
855 469
855 555
856 17
856 35
857 386
858 299
859 4
859 578
860 64
860 128
860 195
860 530
861 52
861 228
861 236
863 170
864 1
864 22
864 41
865 318
865 544
865 576
865 768
865 995
866 50
866 348
866 515
866 522
866 532
867 260
867 386
867 904
868 768
869 419
869 522
869 562
869 584
869 660
870 16
870 367
871 770
872 233
872 256
872 525
873 296
874 545
875 778
876 5
876 704
880 142
880 340
880 814
881 171
881 928
882 523
882 806
882 864
884 516
884 776
886 0
887 99
887 132
888 144
890 616
891 988
892 194
892 514
893 403
894 2
896 6
896 66
896 73
896 372
896 384
896 400
896 528
896 580
896 722
897 72
897 88
897 320
898 7
898 48
898 69
898 226
898 259
898 346
898 529
899 34
899 512
900 18
900 50
900 139
900 152
900 628
901 153
901 210
901 553
901 728
902 36
902 216
902 837
904 82
904 157
904 162
904 186
904 313
904 528
904 642
904 832
905 0
905 64
905 262
906 6
906 483
907 648
908 257
909 4
909 557
910 232
910 352
911 568
912 257
912 521
913 268
913 592
914 38
914 77
914 157
914 207
915 157
917 656
917 962
919 584
920 80
920 580
920 654
921 397
921 519
921 549
922 40
923 261
923 346
923 843
924 92
925 196
925 810
928 3
928 141
928 210
928 318
928 322
928 538
928 680
928 689
928 784
929 72
929 134
929 191
929 520
929 660
929 812
930 28
930 520
931 68
931 222
931 592
931 599
931 716
932 184
932 190
932 673
933 54
933 72
933 147
933 398
933 547
933 549
933 625
933 738
934 316
935 10
935 128
936 258
936 360
937 13
938 281
938 664
938 813
939 34
939 160
940 0
940 450
940 552
940 657
942 208
943 594
944 75
944 804
945 18
945 236
945 261
945 332
946 258
947 148
947 519
948 28
948 784
948 921
949 242
950 292
952 322
952 478
953 0
953 168
953 413
954 798
954 836
956 165
957 0
957 136
957 520
959 65
960 2
960 4
960 17
960 22
960 37
960 40
960 289
960 378
960 420
960 587
960 784
961 0
961 64
961 304
961 608
962 520
963 285
964 197
965 81
965 769
966 880
967 672
968 64
968 264
968 518
968 849
969 701
970 79
970 348
970 838
971 273
972 2
972 122
972 128
972 232
972 693
974 628
975 514
976 288
976 321
976 395
976 516
977 145
977 272
978 48
978 60
979 156
980 2
980 133
980 387
981 878
982 277
984 8
984 288
984 584
985 134
985 138
985 179
985 273
986 70
988 65
988 74
988 131
989 44
990 13
991 884
992 544
994 170
994 329
995 689
996 129
996 264
996 434
996 438
996 1012
997 330
998 404
1000 35
1001 16
1001 152
1001 164
1002 4
1002 976
1004 3
1004 12
1004 546
1005 176
1008 773
1008 940
1010 118
1010 896
1011 55
1012 83
1012 98
1012 838
1014 73
1016 383
1020 234
