# Synthetic Kronecker Graph 
# Edges are directed 
0 0
0 2
0 8
0 9
0 18
0 32
0 77
0 119
0 121
0 129
0 155
0 232
0 273
0 387
0 417
0 522
0 528
0 548
0 561
0 624
0 748
0 783
0 866
0 867
0 929
0 996
1 54
1 69
1 132
1 259
1 321
1 386
1 393
1 566
1 576
1 634
1 720
1 823
1 852
2 0
2 128
2 155
2 185
2 264
2 398
2 406
2 416
2 596
2 804
2 908
2 970
3 2
3 64
3 96
3 289
3 298
3 425
3 444
3 530
3 908
4 8
4 13
4 61
4 73
4 135
4 225
4 480
4 516
4 656
4 689
4 696
4 712
4 747
4 778
4 794
4 856
4 878
5 1
5 42
5 75
5 128
5 135
5 179
5 240
5 244
5 258
5 320
5 354
5 514
5 585
5 780
5 843
6 8
6 39
6 55
6 80
6 130
6 202
6 229
6 242
6 385
6 691
6 724
6 992
7 8
7 16
7 152
7 196
7 905
8 77
8 96
8 258
8 272
8 305
8 412
8 455
8 489
8 600
8 621
8 623
8 666
8 768
8 833
8 857
8 880
9 0
9 20
9 53
9 60
9 92
9 112
9 217
9 273
9 541
9 570
9 578
10 0
10 16
10 67
10 127
10 169
10 176
10 360
10 404
10 406
10 468
10 536
10 572
10 672
10 704
10 769
10 773
10 789
10 802
11 0
11 214
11 404
11 558
11 577
12 1
12 40
12 120
12 135
12 260
12 353
12 684
13 1
13 10
13 50
13 256
13 752
13 807
13 915
14 18
14 23
14 393
14 640
14 746
14 840
14 888
15 114
15 142
15 192
15 268
15 320
15 335
15 433
16 12
16 40
16 85
16 98
16 150
16 154
16 161
16 193
16 204
16 213
16 260
16 272
16 292
16 354
16 420
16 454
16 641
16 658
16 730
16 768
16 876
16 912
17 66
17 95
17 133
17 208
17 209
17 276
17 277
17 343
17 350
17 400
17 410
17 478
17 579
17 585
17 640
17 672
17 681
17 800
17 849
17 864
17 900
18 36
18 282
18 289
18 292
18 306
18 387
18 672
18 688
18 854
18 884
19 24
19 85
19 248
19 260
19 280
19 330
19 576
19 584
19 778
19 793
20 9
20 10
20 72
20 82
20 230
20 276
20 417
20 532
20 583
21 4
21 9
21 10
21 60
21 148
21 198
21 301
21 302
21 386
21 560
21 794
22 14
22 101
22 131
22 133
22 298
22 418
22 578
22 832
22 864
23 331
24 1
24 3
24 6
24 131
24 256
24 287
24 385
24 449
24 520
24 728
24 880
25 176
25 256
25 305
25 457
25 551
25 793
26 16
26 66
26 173
26 413
26 449
26 520
26 582
26 660
26 934
27 327
27 336
27 460
27 532
27 626
27 760
27 776
28 0
28 11
28 38
28 170
28 192
28 328
28 401
28 512
28 521
28 531
29 131
29 160
29 312
29 917
30 544
30 552
30 667
30 949
31 89
32 4
32 36
32 54
32 64
32 80
32 163
32 261
32 273
32 466
32 538
32 594
32 630
32 697
32 803
32 823
32 915
32 972
32 1003
33 2
33 14
33 32
33 43
33 161
33 338
33 410
33 520
33 536
33 582
33 680
33 808
34 45
34 82
34 384
34 400
34 450
34 496
35 272
35 298
35 512
35 702
35 706
35 828
35 880
35 912
36 48
36 50
36 53
36 268
36 273
36 288
36 294
36 356
36 457
36 520
36 556
36 650
36 700
36 761
36 841
37 25
37 32
37 40
37 97
37 131
37 197
37 394
37 404
37 428
37 601
37 674
37 960
38 16
38 26
38 168
38 250
38 260
38 513
38 577
38 689
38 808
38 872
39 503
39 560
40 261
40 324
40 508
40 595
40 896
40 926
41 0
41 295
41 646
41 691
41 768
42 16
42 32
42 64
42 212
42 512
42 594
42 781
43 2
43 38
43 200
43 553
43 596
44 1
44 8
44 33
44 134
44 362
44 531
44 576
44 768
45 528
45 771
45 862
45 906
46 784
47 111
47 121
47 285
48 1
48 9
48 10
48 258
48 273
48 420
48 512
48 549
48 582
48 589
48 738
48 782
48 809
48 980
49 289
49 306
49 332
49 512
49 664
49 705
49 738
49 772
50 7
50 9
50 32
50 65
50 131
50 192
50 292
50 436
50 464
50 528
50 952
51 103
51 200
51 252
51 456
52 28
52 120
52 129
52 169
52 948
52 952
53 35
53 75
53 516
53 624
54 277
54 513
54 583
54 640
54 681
55 20
55 134
55 596
56 24
56 296
56 523
56 734
56 768
57 0
57 142
57 165
57 217
57 279
57 588
58 6
58 17
58 37
58 112
58 196
58 370
58 577
58 608
59 11
59 386
59 984
60 48
60 369
60 387
60 599
61 291
61 322
62 116
62 165
62 179
62 289
62 632
62 722
62 808
62 932
63 12
63 609
63 913
64 4
64 34
64 51
64 65
64 91
64 144
64 157
64 178
64 181
64 276
64 328
64 512
64 514
64 520
64 564
64 616
64 752
64 755
64 815
65 0
65 2
65 20
65 33
65 100
65 131
65 134
65 140
65 290
65 295
65 304
65 305
65 370
65 382
65 519
65 552
65 672
65 956
66 8
66 10
66 16
66 60
66 411
66 753
66 786
67 2
67 6
67 8
67 16
67 24
67 80
67 96
67 201
67 241
67 260
67 416
67 593
67 669
67 722
67 896
68 2
68 7
68 14
68 58
68 64
68 88
68 108
68 128
68 134
68 194
68 478
68 516
68 519
68 540
68 565
68 578
68 586
68 809
68 1000
69 2
69 32
69 34
69 131
69 196
69 305
69 670
70 15
70 34
70 65
70 105
70 152
70 410
70 584
71 2
71 172
71 314
71 422
71 472
71 480
71 515
71 772
72 129
72 132
72 258
72 266
72 326
72 516
72 521
72 816
73 4
73 8
73 26
73 76
73 128
73 264
73 289
73 620
73 816
73 836
74 11
74 26
74 64
74 328
74 598
74 681
74 884
74 992
75 32
75 135
75 256
75 276
75 326
75 600
75 700
75 780
75 849
76 1
76 34
76 81
76 128
76 153
76 264
76 348
76 355
76 530
76 574
77 4
77 66
77 274
77 430
77 546
77 562
77 676
77 680
78 250
78 256
78 728
78 932
79 3
79 33
79 408
80 20
80 32
80 41
80 111
80 136
80 265
80 276
80 333
80 539
80 544
80 690
80 800
80 816
81 13
81 66
81 137
81 376
81 386
81 457
81 704
82 24
82 34
82 74
82 80
82 145
82 529
83 4
83 64
83 74
83 448
83 932
84 40
84 262
84 534
84 967
84 1018
85 11
85 40
85 200
85 230
85 289
85 329
85 517
85 811
86 9
86 58
86 75
86 257
86 552
86 802
86 966
87 128
87 130
87 619
87 642
88 5
88 45
88 64
88 81
88 149
88 161
88 273
88 299
88 308
88 624
88 677
89 528
90 162
90 196
90 674
90 774
90 792
91 144
92 2
92 83
92 153
92 537
92 570
93 33
93 491
93 655
93 776
94 50
94 339
95 259
95 298
95 834
96 17
96 18
96 29
96 36
96 99
96 136
96 263
96 391
96 409
96 510
96 520
96 554
96 581
96 640
96 649
97 0
97 6
97 7
97 145
97 168
97 354
97 522
97 554
97 743
98 3
98 15
98 97
98 164
98 256
98 619
98 636
98 642
98 772
99 71
99 112
99 256
99 290
99 516
99 640
99 926
100 4
100 113
100 162
100 421
100 523
100 699
100 730
101 264
101 655
101 831
102 1
102 108
102 512
103 26
103 40
103 305
104 135
104 371
104 640
104 651
104 727
105 1
105 8
105 152
105 358
106 388
106 965
107 16
107 298
107 400
107 448
107 768
108 21
108 192
108 269
108 642
109 156
109 279
109 772
110 26
110 528
110 550
111 160
111 577
112 41
112 131
112 288
112 307
112 417
112 431
112 814
113 320
113 333
113 344
113 646
114 1
114 275
114 640
115 74
115 186
115 514
115 546
116 9
116 16
116 546
116 646
117 48
117 55
117 362
117 513
117 633
117 745
118 269
118 321
118 656
119 400
120 16
120 106
120 129
120 161
120 293
120 416
120 592
120 677
120 682
121 1
122 2
122 4
122 165
122 408
122 626
123 123
123 130
123 794
124 2
124 516
125 280
126 89
126 512
128 2
128 72
128 136
128 139
128 200
128 256
128 282
128 284
128 310
128 424
128 512
128 528
128 577
128 897
128 918
129 6
129 12
129 65
129 69
129 71
129 96
129 132
129 184
129 257
129 368
129 524
130 24
130 28
130 41
130 128
130 258
130 272
130 282
130 304
130 643
130 664
130 714
130 820
131 18
131 201
131 252
131 280
131 304
131 532
131 596
132 6
132 21
132 32
132 130
132 197
132 234
132 531
132 638
132 647
132 800
133 28
133 83
133 273
133 291
133 295
133 364
133 513
133 517
133 593
133 667
133 840
134 22
134 67
134 124
134 152
134 344
134 518
134 548
134 557
134 572
134 901
135 33
135 192
136 9
136 81
136 96
136 172
136 240
136 615
136 703
137 5
137 36
137 145
137 252
137 294
137 331
137 373
137 700
137 921
138 33
138 48
138 117
138 201
138 292
138 512
138 513
139 1
139 103
139 297
139 554
139 585
139 820
140 0
140 3
140 133
140 420
140 568
141 132
141 257
141 294
141 545
141 584
142 18
142 128
142 135
142 289
143 33
143 50
143 154
143 688
143 810
144 1
144 4
144 8
144 27
144 32
144 145
144 334
144 560
144 561
144 606
144 612
144 648
144 781
144 786
144 854
144 906
144 907
145 1
145 25
145 40
145 44
145 60
145 128
145 192
145 274
145 394
145 419
145 473
145 645
146 3
146 25
146 82
146 99
146 171
146 195
146 278
146 384
146 398
146 528
146 546
147 130
147 141
147 257
147 284
147 298
147 308
147 514
147 520
147 532
147 800
147 1002
148 77
148 89
148 167
148 281
148 512
149 11
149 18
149 35
149 138
149 259
149 338
149 368
149 448
149 521
150 149
150 256
150 524
150 748
150 968
152 96
152 473
152 634
152 770
153 32
153 72
153 262
153 576
153 740
154 74
154 139
154 199
154 334
154 517
154 580
154 656
154 707
155 9
155 20
155 35
155 272
156 96
156 626
157 128
157 172
157 321
158 16
158 620
158 778
158 901
160 2
160 3
160 54
160 115
160 131
160 134
160 184
160 291
160 322
160 514
160 522
160 572
160 602
160 664
160 688
160 802
160 830
160 896
160 898
161 16
161 50
161 161
161 585
161 797
161 931
162 1
162 5
162 20
162 57
162 84
162 292
162 673
163 36
163 857
163 928
164 16
164 65
164 127
164 144
164 516
164 600
164 770
165 11
165 104
165 410
165 717
165 720
165 856
166 36
166 118
166 273
166 331
166 802
167 194
167 244
167 513
167 961
168 0
168 3
168 115
168 137
168 239
168 288
168 469
168 603
168 647
169 20
169 275
169 745
169 800
170 395
170 672
170 994
171 135
171 666
172 46
172 314
172 523
172 728
172 785
173 531
174 37
174 60
174 121
174 170
174 272
174 583
174 594
174 600
174 708
175 403
175 466
176 0
176 2
176 72
176 83
176 104
176 177
176 263
176 308
176 371
176 455
176 804
177 28
177 64
177 72
177 384
177 512
177 545
177 626
177 740
177 772
178 4
178 37
178 199
178 333
178 657
179 264
179 288
179 367
179 522
180 646
181 12
181 256
181 302
181 352
181 376
181 513
181 675
181 970
182 4
182 37
182 580
183 18
184 67
184 128
184 148
184 286
184 369
184 443
185 178
185 685
185 801
186 129
187 88
187 520
187 644
187 772
187 937
188 354
188 770
189 33
189 817
190 168
190 513
190 528
190 534
191 272
192 6
192 11
192 16
192 130
192 229
192 576
192 613
193 106
193 262
193 343
193 523
193 625
193 711
193 905
194 21
194 76
194 195
194 384
194 417
194 560
194 740
194 773
195 530
195 704
195 844
196 16
196 160
196 256
196 274
196 356
196 517
196 709
196 897
197 612
198 324
199 3
199 100
199 136
199 168
199 275
199 304
199 325
199 512
199 769
200 36
200 305
200 424
200 532
200 584
200 681
201 5
201 32
201 81
201 114
201 132
201 338
201 594
201 817
201 930
202 134
202 136
202 145
203 38
203 40
203 66
203 726
204 128
204 424
204 513
204 528
204 552
204 593
204 746
204 896
205 16
205 66
206 304
206 796
207 0
207 15
207 168
208 64
208 488
208 516
208 566
208 801
208 872
208 908
209 260
209 754
210 162
210 517
210 530
211 17
211 130
211 467
211 619
212 24
212 65
212 72
212 90
213 299
213 329
213 414
213 961
214 75
214 100
214 226
214 298
214 303
214 513
215 256
215 326
215 529
216 25
216 84
216 136
216 417
216 497
216 824
216 905
217 96
217 183
218 2
218 64
218 322
218 577
219 530
220 54
220 320
222 18
222 130
222 449
222 582
223 66
224 0
224 14
224 17
224 28
224 61
224 81
224 232
224 278
224 352
224 528
224 795
224 948
225 12
225 132
225 193
225 277
225 793
225 897
225 905
225 925
226 136
226 154
226 500
227 19
227 497
227 517
227 530
228 410
229 30
229 331
230 0
230 337
230 529
230 785
230 888
231 130
231 674
231 780
232 547
232 910
233 657
233 718
234 227
234 259
234 616
234 812
235 168
236 29
236 137
236 832
238 98
238 552
238 672
240 42
240 144
240 161
240 396
240 425
241 340
241 538
241 615
241 649
241 902
242 66
242 285
242 801
244 3
244 46
244 532
244 836
245 224
245 268
245 322
245 436
245 449
245 608
246 8
246 547
247 200
248 6
248 34
248 260
248 520
248 677
248 734
249 4
249 16
249 134
249 138
249 944
250 395
252 261
252 529
253 116
253 202
253 278
255 40
255 776
256 6
256 11
256 133
256 134
256 137
256 169
256 272
256 298
256 390
256 423
256 520
256 563
256 610
256 902
256 976
257 79
257 126
257 256
257 260
257 328
257 927
258 32
258 72
258 140
258 152
258 166
258 171
258 417
258 547
259 24
259 147
259 180
259 371
259 409
259 472
259 968
260 57
260 76
260 284
260 350
260 518
260 582
260 587
260 642
260 680
260 914
261 10
261 22
261 50
261 68
261 109
261 506
261 544
261 569
261 842
262 2
262 8
262 421
262 433
262 542
262 577
262 802
262 993
263 154
263 265
263 516
263 662
263 949
264 30
264 144
264 173
264 188
264 198
264 208
264 241
264 322
264 394
264 595
264 794
264 1009
265 116
265 352
265 416
265 515
265 822
266 10
266 48
266 53
266 64
266 99
266 108
266 208
266 532
266 672
266 773
266 823
266 931
267 32
267 130
267 260
267 352
267 840
268 129
268 262
268 264
268 585
268 589
268 614
268 626
269 62
269 480
270 24
270 64
270 100
270 224
270 260
270 301
270 324
270 380
270 416
270 432
270 704
270 987
271 32
271 436
271 746
271 790
272 2
272 5
272 210
272 216
272 323
272 477
272 531
272 570
272 646
272 705
272 716
272 784
273 65
273 85
273 133
273 136
273 145
273 333
273 768
274 33
274 69
274 902
275 2
275 108
275 418
275 562
275 790
276 20
276 35
276 48
276 89
276 132
276 153
276 261
276 288
276 330
276 526
276 528
276 585
276 1005
277 36
277 100
277 532
277 632
277 785
277 832
278 12
278 236
278 292
278 359
279 42
279 161
279 269
279 545
279 585
279 596
279 618
280 0
280 54
280 66
280 68
280 70
280 128
280 340
280 419
280 449
280 521
280 596
280 619
281 1
281 154
281 520
281 640
282 131
282 323
283 58
283 643
284 82
284 387
284 403
284 469
284 915
285 21
285 76
286 0
286 64
286 259
287 609
288 0
288 4
288 7
288 44
288 68
288 378
288 392
288 721
288 962
289 2
289 4
289 36
289 192
289 208
289 224
289 256
289 401
289 457
289 532
289 783
289 872
290 80
290 184
290 332
290 380
290 640
290 796
290 835
291 2
291 76
291 194
291 399
291 401
291 893
291 901
292 7
292 83
292 366
292 834
292 906
293 17
293 156
293 981
294 64
294 328
294 887
295 107
295 196
295 200
295 652
296 9
296 13
296 85
296 130
296 140
296 259
296 381
296 520
296 644
296 676
296 706
297 19
297 165
298 5
298 523
298 628
298 645
298 770
299 586
299 642
300 33
300 198
300 228
300 531
301 32
301 512
302 709
302 897
303 170
303 290
304 187
304 512
304 544
304 642
304 665
304 667
304 683
304 778
304 849
304 864
304 931
305 32
305 104
305 105
305 146
305 441
305 485
305 624
305 797
306 131
306 166
306 272
306 517
306 530
306 539
306 780
306 897
307 85
307 673
308 12
308 24
308 35
308 163
308 264
308 333
308 486
308 644
308 652
308 755
309 4
309 613
310 144
310 152
310 587
310 632
311 796
312 69
312 268
312 585
312 833
313 6
313 57
313 226
313 456
314 254
314 886
316 0
316 192
316 294
316 300
316 550
317 557
317 718
318 0
318 32
318 719
320 8
320 19
320 68
320 184
320 281
320 553
320 562
320 697
321 3
321 60
321 112
321 176
321 229
321 338
321 386
321 591
321 724
321 772
321 808
322 48
322 69
322 176
322 181
322 192
322 209
322 358
322 516
322 640
322 833
323 50
323 56
323 67
323 102
323 518
324 38
324 53
324 149
324 416
324 530
325 98
325 133
325 145
325 313
325 320
325 346
325 403
325 580
326 6
326 16
326 169
326 485
326 522
326 705
326 733
326 897
327 204
328 37
328 49
328 536
329 51
329 80
329 143
329 400
329 514
329 681
329 912
330 16
330 44
330 84
330 100
330 521
330 554
331 80
331 99
331 352
332 16
332 116
332 129
333 10
333 40
333 860
334 52
334 176
334 357
334 497
335 40
335 140
335 387
335 762
335 961
336 6
336 141
336 147
336 386
336 513
336 775
336 808
336 867
337 35
337 128
337 456
337 674
338 47
338 405
338 461
338 547
338 672
338 846
339 168
339 262
340 70
340 85
340 178
340 456
340 551
340 757
340 794
341 4
341 15
341 44
341 328
342 128
342 834
343 578
344 9
344 36
344 65
344 82
344 568
344 716
344 718
344 906
345 72
345 262
345 321
346 192
348 2
348 100
348 272
348 427
348 530
349 163
349 580
350 32
350 38
350 386
351 20
351 64
352 9
352 146
352 624
353 16
353 28
353 168
353 258
353 701
354 574
355 87
355 144
355 160
355 260
355 272
355 605
356 150
356 200
356 214
356 513
356 550
357 105
357 170
357 184
357 197
357 305
358 36
358 608
358 626
358 848
360 6
360 51
360 114
360 420
360 913
361 7
361 291
361 742
361 784
361 790
362 552
362 901
363 131
363 574
363 679
364 277
364 523
364 554
365 131
365 576
366 32
366 638
366 770
367 7
367 713
368 25
368 29
368 137
368 666
368 962
369 64
369 256
369 520
370 0
370 408
370 549
370 554
370 1000
372 24
372 919
373 157
373 668
373 917
374 1023
376 5
376 53
376 145
376 545
376 753
376 903
377 74
377 432
377 536
378 560
379 0
379 733
380 276
381 78
381 453
381 482
382 139
384 434
384 516
384 520
384 656
384 674
384 725
385 11
385 32
385 34
385 82
385 160
385 320
385 389
385 556
385 704
386 36
386 136
386 259
387 1
387 22
387 353
387 589
388 8
388 104
388 197
388 269
388 578
388 809
389 0
389 32
389 34
389 82
389 625
389 714
389 768
389 938
390 257
390 896
391 40
391 256
392 21
392 34
392 69
392 362
392 516
392 580
392 622
392 930
392 962
393 537
393 538
393 554
394 3
394 36
394 88
394 146
394 564
396 531
396 946
397 48
397 984
398 90
398 358
399 38
399 690
400 64
400 84
400 133
400 256
400 350
400 393
401 277
401 531
402 104
402 129
402 147
402 163
402 204
402 316
402 712
402 832
403 8
403 67
403 128
403 131
403 904
404 315
404 520
405 4
405 259
406 48
406 536
406 683
408 4
408 53
408 64
408 144
408 258
408 310
408 338
408 352
408 496
408 924
409 80
409 132
409 675
410 36
410 266
411 593
412 603
413 163
413 419
413 524
414 60
416 4
416 17
416 49
416 105
416 121
416 264
416 265
416 385
416 392
416 394
416 544
416 616
416 688
416 722
416 893
417 81
417 609
418 13
418 16
419 178
419 180
420 272
420 417
421 32
421 36
421 169
421 433
421 578
421 971
422 8
422 91
422 125
422 846
423 824
424 6
424 9
424 194
424 808
425 148
425 480
425 562
425 770
426 104
426 317
428 86
428 261
428 534
430 300
432 64
432 184
432 256
432 526
432 529
432 615
432 964
433 4
433 8
433 258
433 341
433 598
434 76
434 580
435 11
435 283
436 0
436 59
436 387
436 769
437 3
437 106
437 496
437 599
438 113
438 185
440 3
440 5
440 96
440 234
440 243
440 256
440 656
440 724
440 917
441 488
442 774
443 84
444 88
444 448
445 13
445 325
446 36
446 320
446 329
446 467
446 514
447 939
448 1
448 25
448 30
448 104
448 212
448 388
448 389
448 530
448 531
448 580
448 627
448 724
448 837
449 131
449 136
449 216
449 624
449 848
450 130
450 228
450 342
451 145
451 580
451 585
452 1
452 314
452 396
452 489
452 560
452 586
452 649
453 140
453 256
453 551
453 552
453 649
453 932
454 212
454 260
454 272
454 513
455 271
456 22
456 224
456 300
456 512
457 1
457 24
457 156
458 274
458 513
459 52
460 568
460 739
461 94
461 132
461 158
461 160
461 666
463 434
464 60
464 132
464 144
464 221
464 229
464 466
464 541
465 24
465 71
465 82
465 896
466 4
466 208
467 521
468 42
468 120
468 130
468 598
468 617
468 708
469 44
469 197
469 798
470 132
471 17
471 282
472 42
472 392
472 515
472 568
474 388
474 548
475 85
476 17
476 28
476 816
476 943
477 115
477 322
477 512
478 385
479 804
480 4
480 138
480 817
480 853
480 984
481 132
481 212
481 312
481 808
482 9
482 360
482 448
482 658
483 17
483 65
483 834
483 976
484 81
484 267
484 590
485 8
485 162
485 225
485 257
486 116
486 171
486 216
486 541
486 612
486 958
488 22
488 195
488 612
488 848
489 263
489 570
490 19
491 192
491 392
492 124
494 192
494 536
496 122
496 128
496 194
496 235
497 19
497 268
497 627
498 13
499 8
500 656
502 36
503 193
504 268
505 137
507 67
508 801
511 450
512 6
512 41
512 86
512 103
512 132
512 153
512 197
512 203
512 214
512 356
512 512
512 517
512 534
512 576
512 608
512 645
512 696
512 704
512 718
512 739
512 897
513 2
513 6
513 16
513 20
513 43
513 71
513 146
513 240
513 241
513 256
513 518
513 522
513 604
514 73
514 80
514 261
514 311
514 322
514 369
514 412
514 438
514 520
514 643
514 650
514 824
514 960
514 998
515 8
515 60
515 194
515 417
515 534
515 676
515 721
515 768
515 773
515 897
515 1018
516 36
516 130
516 145
516 188
516 261
516 290
516 394
516 432
516 594
516 728
516 776
516 778
516 998
517 56
517 262
517 361
517 418
517 494
517 657
517 710
518 1
518 122
518 166
518 259
518 320
518 529
518 572
518 594
518 613
518 657
518 722
518 868
519 37
519 106
519 244
519 256
519 266
519 294
519 699
520 116
520 135
520 403
520 480
520 630
520 642
520 704
520 776
520 911
520 992
521 16
521 72
521 117
521 480
521 532
521 836
522 12
522 67
522 192
522 219
522 263
522 279
522 311
522 332
522 337
522 345
522 686
523 74
523 124
523 674
523 917
524 1
524 14
524 64
524 120
524 224
524 334
524 540
524 706
525 8
525 415
526 1
526 5
526 107
526 132
526 304
526 419
526 434
526 777
526 851
527 146
528 51
528 130
528 152
528 234
528 272
528 387
528 389
528 549
529 29
529 37
529 62
529 70
529 87
529 290
529 358
529 449
529 571
529 601
529 702
529 740
529 775
530 18
530 30
530 77
530 130
530 228
530 257
530 289
530 320
530 332
530 335
530 612
530 679
530 835
531 48
531 172
531 256
531 370
531 514
531 537
531 589
531 696
531 828
532 32
532 56
532 106
532 129
532 135
532 136
532 144
532 156
532 276
532 302
532 404
532 428
532 562
532 680
532 763
533 100
533 257
534 256
534 321
534 454
534 808
535 644
536 0
536 14
536 20
536 122
536 128
536 141
536 178
536 461
536 817
537 70
537 411
537 457
537 833
537 904
538 2
538 6
538 41
538 465
539 101
539 105
540 166
540 536
543 147
544 16
544 24
544 41
544 68
544 163
544 196
544 262
544 461
544 517
544 577
544 604
544 769
544 801
545 42
545 58
545 100
545 196
545 208
545 270
545 538
545 666
546 33
546 45
546 53
546 100
546 232
546 276
546 385
546 401
546 420
546 571
546 594
547 28
547 50
547 113
547 202
547 273
548 18
548 53
548 160
548 384
548 544
548 789
548 803
548 872
548 901
549 21
549 40
549 118
549 412
549 582
549 846
550 92
550 132
550 260
550 597
550 648
551 13
551 192
551 257
551 324
551 692
551 707
552 66
552 137
552 224
552 384
552 448
552 516
552 520
552 674
552 744
552 961
553 0
553 33
553 66
553 131
553 317
554 0
554 163
554 271
554 704
554 820
554 976
555 1
555 130
555 199
555 224
555 288
555 304
555 313
555 792
556 2
556 19
556 113
556 320
556 540
556 580
556 616
557 34
557 38
557 333
557 347
557 535
558 4
558 16
558 262
558 371
558 820
559 128
559 138
559 272
559 279
560 0
560 51
560 130
560 256
560 356
560 720
561 49
561 156
561 245
561 432
561 642
562 26
562 191
562 261
562 296
562 363
562 563
562 593
563 223
563 256
563 768
564 324
564 424
564 430
564 560
564 1002
565 84
566 243
566 464
567 12
567 14
567 128
567 272
567 348
567 932
568 8
568 24
568 71
568 96
568 97
568 212
568 328
568 522
569 204
569 272
569 320
569 824
570 9
570 81
570 134
570 641
570 790
571 266
571 512
572 19
572 62
572 66
572 106
572 194
574 461
575 420
576 4
576 6
576 20
576 132
576 304
576 416
576 537
576 640
576 744
576 841
576 921
577 8
577 9
577 467
577 810
577 900
578 0
578 253
578 264
578 519
578 768
578 899
578 1012
579 166
579 170
579 615
579 691
579 900
579 965
579 1003
580 39
580 74
580 117
580 127
580 136
580 163
580 588
580 650
580 683
580 840
580 896
581 265
581 328
581 360
581 608
581 629
581 640
582 36
582 60
582 82
582 86
582 535
583 43
583 187
583 236
584 3
584 132
584 312
584 705
584 896
585 297
585 385
585 416
585 417
585 532
585 784
586 146
586 604
587 32
587 417
587 760
588 40
588 86
588 134
588 156
588 196
588 284
588 304
588 591
588 785
588 803
588 822
589 234
589 395
589 414
590 0
590 1
590 2
590 24
590 172
590 242
590 320
590 512
591 42
591 67
591 89
592 11
592 32
592 72
592 128
592 176
592 306
592 534
593 523
593 768
594 17
594 22
594 51
594 514
594 588
595 256
595 261
596 58
596 151
596 281
596 438
597 2
597 33
597 64
597 150
597 257
597 320
597 540
598 162
598 280
598 552
598 657
598 768
599 170
599 370
599 640
600 128
600 151
600 396
601 384
602 0
602 227
602 532
603 0
603 2
604 405
604 644
604 785
604 793
605 3
605 645
606 222
607 192
608 2
608 10
608 20
608 48
608 97
608 128
608 297
608 530
608 651
608 897
608 976
609 2
609 84
609 266
609 672
609 728
610 5
610 576
611 64
611 515
611 516
611 768
612 304
612 512
612 543
613 2
613 8
613 256
613 388
613 512
614 134
615 269
616 19
616 129
616 648
616 707
616 836
617 12
617 108
617 544
618 221
618 771
618 821
618 945
619 151
620 10
620 212
620 384
620 421
620 771
620 869
621 386
621 849
622 321
623 592
624 3
624 32
624 136
624 524
625 31
625 148
625 333
625 522
625 528
625 770
626 535
626 636
626 841
627 232
628 192
628 416
628 698
628 1012
629 649
629 674
630 999
632 32
632 257
632 275
632 276
632 566
633 781
634 263
634 384
635 200
635 544
636 158
638 598
640 150
640 162
640 194
640 212
640 259
640 299
640 460
640 516
640 577
640 588
640 608
640 850
641 68
641 144
641 357
641 375
641 536
641 868
642 19
642 33
642 37
642 344
642 524
642 770
643 15
643 54
643 174
643 256
643 296
643 330
643 580
644 2
644 15
644 262
644 324
644 514
644 520
645 0
645 38
645 56
645 99
645 129
645 162
645 320
645 541
645 672
646 84
646 271
646 290
646 524
646 562
646 624
647 52
647 162
647 391
647 420
648 3
648 96
648 144
648 345
648 448
649 362
649 625
649 828
650 0
650 128
650 274
650 651
651 129
651 260
652 681
652 772
653 26
653 386
653 832
654 1
654 49
654 64
655 4
656 4
656 8
656 40
656 56
656 64
656 395
656 524
656 528
656 633
656 768
656 905
657 22
657 136
657 192
657 245
657 260
657 352
657 513
657 529
657 544
657 708
657 826
657 844
657 908
658 10
658 13
658 17
658 60
658 136
658 226
658 597
659 136
659 256
660 19
660 217
660 788
661 18
661 676
661 685
662 96
662 272
663 7
663 180
663 276
664 42
664 65
664 105
664 259
664 927
664 942
665 248
665 256
666 32
666 256
666 310
666 791
666 808
668 0
668 3
668 129
669 208
670 81
670 416
670 772
670 833
671 160
671 289
672 0
672 130
672 586
672 644
673 1
673 4
673 16
673 342
673 773
674 34
674 39
674 65
674 75
674 81
674 97
674 286
674 402
674 525
674 651
674 782
674 839
675 162
675 770
675 793
676 4
676 160
676 523
676 855
677 8
677 61
677 64
677 148
677 200
678 1
678 257
678 346
678 962
679 23
679 66
679 397
680 284
680 784
681 65
682 565
682 760
683 296
683 352
683 840
684 556
685 57
685 257
686 274
686 653
687 26
687 133
687 343
687 448
687 457
687 996
688 3
688 26
688 151
688 273
688 392
688 628
688 660
689 448
689 690
690 120
690 786
691 260
691 794
692 33
692 279
692 344
692 560
693 14
693 778
694 96
695 39
696 31
696 290
696 460
696 516
696 640
697 66
697 74
697 539
698 9
698 22
698 592
700 323
700 387
704 2
704 37
704 151
704 157
704 200
704 725
704 754
705 17
705 552
705 554
705 583
705 659
705 788
705 789
705 803
705 871
705 928
705 930
706 296
706 317
707 485
708 8
708 221
708 232
708 344
709 10
709 18
709 612
710 64
710 261
710 272
710 352
710 566
711 5
711 8
712 52
712 68
712 80
712 107
712 211
712 257
712 287
712 297
712 780
712 834
712 937
713 97
713 264
713 292
713 518
713 547
714 16
714 141
714 170
714 626
715 5
715 26
715 92
715 129
715 272
716 64
716 446
716 520
716 680
717 514
718 0
719 332
720 8
720 300
720 328
720 336
720 722
720 880
721 4
721 50
721 368
721 555
721 816
722 137
722 361
723 1
723 130
723 312
723 336
723 344
723 380
724 8
724 37
725 8
725 146
725 256
728 144
728 945
729 184
729 256
729 391
729 448
730 32
730 110
730 416
731 307
732 649
734 10
734 26
736 101
736 128
737 176
738 13
738 34
738 38
738 261
739 146
739 328
740 75
740 201
741 11
741 147
742 134
743 283
743 589
745 24
746 218
746 668
746 772
747 564
748 129
748 287
748 780
749 835
752 40
752 406
752 417
752 512
752 961
754 172
755 17
755 86
755 512
756 897
757 273
757 643
758 129
758 520
759 640
760 577
761 153
762 16
762 534
763 259
764 66
764 771
765 96
767 272
767 561
768 4
768 11
768 65
768 80
768 168
768 270
768 275
768 282
768 296
768 440
768 449
768 506
768 516
769 4
769 5
769 15
769 19
769 129
769 185
769 257
769 576
769 583
769 744
769 786
770 38
770 80
770 102
770 138
770 513
770 516
770 522
770 611
770 677
771 0
771 195
771 200
771 318
771 328
771 544
772 341
772 546
772 659
772 838
773 0
773 6
773 11
773 267
773 435
773 969
774 283
774 339
774 384
774 386
774 417
774 1004
775 36
775 575
776 26
776 270
776 281
776 336
776 423
776 524
776 823
777 134
778 80
778 96
778 663
778 800
778 900
779 324
779 642
779 785
779 976
780 3
780 31
780 74
780 114
780 128
780 302
780 547
780 584
781 396
782 56
782 88
782 465
782 740
783 849
784 25
784 27
784 259
784 654
784 753
784 776
785 304
785 584
785 656
786 131
786 135
786 628
786 834
787 212
787 320
787 385
788 12
788 56
788 244
788 272
788 655
788 744
789 6
789 610
790 137
790 302
790 816
790 859
791 51
792 33
792 34
792 129
792 188
792 324
792 461
793 8
793 144
793 224
793 325
793 552
794 5
794 171
794 838
795 162
795 323
795 580
796 580
796 674
797 69
797 112
798 19
798 588
798 708
798 741
800 4
800 25
800 45
800 204
800 304
800 384
800 407
800 411
800 418
800 756
800 768
800 802
800 859
801 16
801 35
801 68
801 240
801 452
802 11
802 33
802 80
802 102
802 676
802 722
803 269
803 644
804 208
804 322
804 521
804 896
804 998
805 2
805 176
805 579
805 584
805 650
805 922
806 33
806 84
806 152
806 266
806 287
806 324
808 4
808 57
808 85
808 133
808 149
809 128
809 146
809 512
810 34
810 280
810 577
811 269
811 516
811 580
812 22
812 139
812 749
813 35
813 257
813 720
814 449
814 656
816 296
816 387
816 512
816 824
817 258
817 337
817 604
817 752
818 626
819 373
820 0
820 40
820 80
820 243
820 257
820 769
820 773
821 2
821 163
821 267
821 334
821 578
821 664
822 106
822 781
822 882
823 78
823 111
823 248
824 153
825 34
825 49
825 403
826 394
826 560
827 448
828 546
830 70
832 4
832 33
832 38
832 50
832 77
832 84
832 160
832 291
832 322
832 338
832 346
832 536
832 545
832 815
833 165
833 196
833 424
833 512
833 722
833 1001
834 72
834 260
834 273
834 626
834 652
835 136
835 177
835 297
835 512
835 966
836 11
836 56
836 144
836 267
836 545
837 16
837 224
837 417
838 64
838 76
838 129
838 513
839 707
839 776
839 896
839 912
840 7
840 260
840 291
840 392
840 403
840 564
840 576
840 680
840 689
840 691
841 216
841 236
841 642
841 838
842 8
842 9
842 265
842 328
842 672
843 325
843 651
844 83
844 96
844 122
844 167
844 554
844 608
845 178
845 197
845 402
845 432
845 512
845 570
845 841
847 16
847 146
847 663
848 22
848 139
848 177
848 460
848 513
848 544
848 730
848 768
849 455
849 512
849 881
849 900
850 224
851 57
851 174
851 259
851 578
852 81
853 531
854 501
856 208
856 771
856 818
857 53
857 579
858 30
858 102
858 426
860 16
861 564
861 836
862 336
864 0
864 16
864 146
864 153
864 185
864 345
864 515
865 75
866 203
866 277
866 292
866 635
866 810
868 193
868 566
868 865
869 44
870 98
870 136
870 448
870 987
871 290
872 50
872 128
873 8
873 692
874 296
874 924
875 129
875 147
875 620
875 836
876 68
876 340
877 396
877 418
878 15
878 134
878 356
878 395
878 768
880 1
880 272
880 275
881 264
881 591
881 660
882 8
882 24
882 34
882 541
883 859
885 773
888 843
890 261
891 153
891 330
892 458
892 577
894 425
896 2
896 64
896 77
896 100
896 236
896 260
896 268
896 282
896 384
896 390
896 514
896 608
897 96
897 141
897 240
897 268
897 346
897 521
897 532
897 563
897 736
898 0
898 2
898 30
898 49
898 231
898 280
898 740
899 22
899 64
899 164
899 276
900 457
900 645
900 677
900 920
901 704
901 900
902 33
902 90
903 24
903 82
903 297
903 325
903 564
903 664
904 17
904 58
904 163
904 204
904 232
905 2
905 33
905 400
906 27
908 16
908 196
909 2
909 34
909 914
910 1
910 194
910 694
910 770
911 897
912 50
912 161
912 455
912 544
912 592
912 815
913 136
913 435
913 588
915 13
915 267
915 296
916 323
916 513
917 244
918 129
919 88
919 745
920 198
920 268
920 758
921 50
922 588
923 259
923 528
924 192
924 521
925 520
925 610
926 12
926 34
926 451
926 513
928 184
928 369
928 404
928 438
929 41
929 220
929 290
929 696
930 68
930 96
930 278
930 535
931 582
932 133
932 322
933 644
934 112
934 114
934 127
934 334
934 832
936 16
936 256
936 785
937 344
937 586
938 8
939 860
940 228
941 449
942 111
942 258
942 704
943 42
944 34
944 141
944 387
944 536
945 65
945 916
946 201
946 288
946 542
947 800
948 2
948 16
948 656
949 145
949 589
952 386
952 562
953 880
953 901
954 74
955 513
955 648
956 128
956 522
956 528
957 512
957 576
959 18
959 261
960 82
960 514
960 690
960 721
960 892
961 37
961 73
961 145
961 389
961 561
961 715
961 884
962 28
962 504
963 4
963 43
964 424
965 396
966 12
966 19
966 33
966 522
967 674
968 1
968 37
968 173
968 323
968 402
968 726
969 6
969 824
970 129
972 16
972 178
972 902
974 136
974 169
975 28
976 48
976 70
976 118
976 450
977 4
977 245
977 406
977 655
977 745
978 16
979 32
982 256
983 2
984 1
984 32
986 116
986 159
986 397
986 846
992 173
992 587
992 656
992 865
992 953
993 52
994 49
994 53
997 210
998 140
998 400
998 676
999 0
1000 0
1000 132
1000 276
1001 133
1001 166
1004 185
1004 272
1004 523
1008 33
1010 71
1010 187
1010 448
1011 392
1011 792
1012 72
1013 320
1014 20
1016 40
1016 337
1016 554
1016 897
1018 1
1018 521
1020 256
1020 517
1021 8
