# Synthetic Kronecker Graph 
# Edges are directed 
0 0
0 3
0 74
0 102
0 128
0 130
0 149
0 153
0 157
0 166
0 169
0 194
0 205
0 256
0 257
0 276
0 341
0 360
0 384
0 390
0 394
0 498
1 1
1 18
1 20
1 24
1 36
1 78
1 92
1 130
1 131
1 160
1 191
1 213
1 224
1 242
1 256
1 273
1 281
1 306
1 324
1 420
1 424
2 0
2 17
2 20
2 42
2 126
2 212
2 257
2 258
2 260
2 313
2 416
2 452
3 5
3 420
4 4
4 12
4 16
4 33
4 60
4 84
4 130
4 230
4 270
4 296
4 342
4 504
5 53
5 60
5 66
5 128
5 164
5 171
5 200
5 234
5 276
5 294
5 384
5 422
6 64
6 73
6 100
6 150
6 162
6 216
6 240
6 308
6 368
7 16
7 160
7 258
7 384
7 392
8 1
8 42
8 62
8 83
8 280
8 330
8 497
9 1
9 32
9 33
9 46
9 78
9 81
9 260
9 264
10 37
10 83
10 134
10 256
10 257
11 33
11 72
11 181
11 257
11 292
12 1
12 140
12 148
12 194
12 196
12 264
12 296
13 8
13 20
13 24
13 84
13 153
13 218
13 293
13 408
14 36
14 81
14 104
14 160
14 240
14 255
14 384
15 258
15 262
15 376
15 436
16 17
16 18
16 19
16 62
16 68
16 69
16 154
16 190
16 259
16 260
16 404
16 456
17 120
17 315
17 329
17 356
17 422
17 490
18 2
18 32
18 38
18 69
18 71
18 74
18 85
18 328
18 394
18 406
19 0
19 6
19 33
19 146
19 258
19 272
20 1
20 2
20 11
20 32
20 35
20 72
20 93
20 189
20 199
20 258
20 259
20 260
20 417
20 426
21 8
21 272
21 304
21 321
22 8
22 20
22 28
22 64
22 352
22 474
23 32
24 2
24 20
24 45
24 128
24 134
24 194
24 196
24 380
25 0
25 2
25 40
25 45
26 0
26 97
26 112
26 341
26 388
27 48
27 92
28 32
28 97
28 101
28 117
28 194
28 345
28 399
29 256
30 26
30 48
30 160
30 352
32 0
32 5
32 10
32 16
32 40
32 81
32 112
32 122
32 159
32 170
32 195
32 229
32 256
32 272
32 323
32 385
32 402
33 4
33 9
33 16
33 36
33 62
33 68
33 72
33 91
33 153
33 208
33 357
33 405
33 458
33 464
34 8
34 46
34 96
34 117
34 164
34 276
35 12
35 19
35 69
35 82
35 130
35 462
36 33
36 88
36 105
36 257
36 321
36 361
36 390
36 417
36 480
37 64
37 75
37 93
37 128
37 260
37 272
38 2
38 24
38 48
38 74
38 121
38 261
38 410
39 210
40 106
40 136
40 146
40 182
40 257
40 258
40 312
40 336
40 463
41 0
41 12
41 52
41 136
41 146
41 252
41 355
41 372
41 392
42 4
42 17
42 232
42 289
42 296
43 22
44 65
44 160
44 197
44 210
44 308
44 366
44 413
44 431
45 2
45 68
45 113
45 149
45 384
46 37
46 164
46 206
46 290
47 416
47 427
47 456
48 0
48 8
48 14
48 17
48 20
48 71
48 128
48 285
48 294
48 323
48 374
48 393
48 418
49 38
49 44
49 48
49 68
49 272
49 399
50 16
50 160
50 270
50 483
51 11
51 20
51 62
51 432
51 449
52 16
52 48
52 161
52 205
52 456
53 52
53 101
53 400
53 424
54 34
54 257
54 408
55 10
55 155
55 262
56 3
56 33
56 37
56 81
56 98
56 357
56 402
57 25
57 30
57 352
57 387
58 0
58 141
58 263
59 2
59 4
59 289
60 58
60 267
62 1
62 304
63 5
63 410
63 428
64 14
64 41
64 96
64 130
64 156
64 171
64 194
64 272
64 288
65 0
65 5
65 9
65 139
65 260
65 336
65 341
65 354
65 417
66 26
66 27
66 45
66 132
66 144
66 155
66 184
66 322
67 96
67 176
67 280
68 3
68 64
68 155
68 219
68 260
68 262
68 286
68 288
68 338
68 393
68 504
69 6
69 13
69 24
69 46
69 64
69 258
70 23
70 42
70 263
70 324
71 25
71 29
71 40
71 291
71 408
71 418
72 50
72 88
72 129
72 266
72 384
72 435
72 450
73 12
73 66
73 77
73 288
74 0
74 2
74 9
74 23
74 160
74 196
74 304
74 379
74 392
75 38
75 74
75 136
75 193
75 288
75 358
76 18
76 20
76 434
77 16
77 32
77 35
77 197
77 213
77 224
77 249
78 80
78 192
79 169
79 257
79 385
79 409
80 9
80 21
80 132
80 202
80 287
80 353
81 4
81 164
82 32
82 186
82 323
83 12
83 358
83 442
84 7
84 164
84 323
85 96
85 208
86 76
86 119
86 210
87 274
87 368
87 401
88 49
88 64
88 100
88 138
88 192
88 230
88 279
88 295
88 372
88 412
89 32
89 352
90 8
90 105
90 274
91 292
91 320
91 451
92 108
92 140
92 256
92 304
92 334
93 63
93 132
93 284
93 448
94 128
95 200
96 0
96 8
96 40
96 78
96 100
96 128
96 161
96 164
96 178
96 320
96 355
96 409
97 9
97 25
97 64
97 276
97 393
97 460
98 129
98 164
98 201
99 65
99 132
99 410
100 20
100 34
100 40
100 96
100 294
101 13
101 40
101 151
101 161
102 40
102 145
102 352
102 410
102 443
103 59
104 408
106 49
106 152
106 178
106 291
107 91
108 10
109 50
109 68
110 8
110 260
110 266
111 12
111 136
112 32
112 164
112 262
114 16
114 40
114 94
114 157
114 168
114 324
115 242
115 260
115 312
115 329
116 4
116 332
117 149
117 208
117 280
118 19
118 289
119 248
119 336
120 0
120 96
120 373
121 394
122 2
122 288
122 309
122 326
122 328
123 9
123 211
124 166
126 288
127 0
127 5
127 80
128 32
128 34
128 37
128 56
128 131
128 138
128 144
128 150
128 159
128 163
128 228
128 257
128 444
129 1
129 3
129 10
129 35
129 40
129 77
129 160
129 474
130 32
130 80
130 146
130 240
130 308
130 313
130 338
131 265
131 332
131 360
131 369
132 0
132 36
132 50
132 130
132 332
132 386
133 4
133 15
133 168
133 256
133 415
133 420
133 442
134 0
134 5
134 42
134 45
134 77
134 183
134 203
134 279
134 384
134 420
135 82
135 234
135 393
136 20
136 23
136 34
136 96
136 116
136 245
136 288
136 409
136 425
137 28
137 93
137 179
137 263
137 323
137 428
137 498
138 0
138 5
138 32
138 202
138 429
139 92
139 196
139 340
140 30
140 49
140 163
140 169
140 267
140 474
141 0
141 1
141 8
141 35
141 320
141 332
142 4
143 0
143 5
143 66
143 169
143 269
143 466
144 11
144 32
144 72
144 197
144 304
144 432
144 448
145 80
145 106
145 188
145 276
146 22
146 40
146 78
146 88
146 91
146 237
146 258
146 368
147 192
147 349
148 196
148 222
148 257
148 281
148 497
149 1
149 117
150 24
150 81
150 92
150 100
151 148
151 321
151 457
152 129
152 324
152 416
153 26
153 68
153 268
153 393
154 21
154 33
154 73
154 146
154 172
154 266
155 228
156 49
156 402
157 14
157 20
157 256
157 280
158 18
158 355
160 4
160 10
160 44
160 48
160 82
160 113
160 170
160 189
160 208
160 210
160 256
160 450
161 6
161 84
161 113
161 256
161 364
161 434
161 450
161 464
162 6
162 40
162 177
162 443
163 0
163 215
164 14
164 64
164 65
164 107
164 208
164 210
164 211
164 268
164 288
165 61
165 212
165 233
165 321
166 72
167 20
167 40
168 1
168 157
168 196
168 477
169 4
169 25
169 36
170 117
170 273
170 390
172 2
172 22
172 112
172 313
172 468
173 72
173 168
173 274
174 393
175 259
175 310
175 357
176 256
176 257
176 260
176 269
176 384
176 426
177 2
177 256
178 33
178 40
178 48
178 74
178 150
178 192
178 422
178 437
179 152
180 80
180 404
180 408
181 19
181 263
182 256
183 44
183 153
183 296
184 199
185 99
186 32
186 98
186 364
187 416
188 264
189 373
189 385
190 67
192 1
192 48
192 68
192 192
192 218
192 256
192 271
192 306
192 338
192 363
193 33
193 86
193 105
193 167
193 360
194 128
194 141
194 162
194 337
195 81
195 243
195 289
195 428
196 26
196 142
196 180
197 17
197 80
197 350
198 3
198 130
198 274
198 403
199 36
199 100
199 224
199 272
200 6
200 86
200 87
200 102
200 120
200 149
200 336
201 83
201 262
202 22
202 29
202 66
202 168
202 275
202 425
202 466
204 0
204 18
204 32
204 39
204 104
204 176
204 177
204 402
205 16
205 105
205 256
206 14
206 24
206 294
207 260
208 0
208 32
208 267
209 96
209 100
209 139
209 195
210 10
210 93
210 110
210 147
210 193
210 323
212 34
212 75
212 168
212 321
214 26
214 32
214 280
216 0
216 8
216 40
216 94
216 113
216 212
216 256
216 280
216 321
217 156
217 166
217 268
217 388
218 64
218 120
220 3
221 128
221 273
223 291
223 400
224 96
224 135
224 303
225 66
225 76
225 170
225 256
225 294
226 0
226 5
226 258
226 290
226 366
227 8
227 40
227 194
228 28
228 321
229 4
229 34
229 42
229 65
230 3
230 97
230 124
230 274
231 128
231 392
232 40
232 405
233 180
233 221
233 294
234 1
234 36
234 320
234 396
235 40
236 67
236 84
236 184
236 480
240 273
240 306
241 16
241 138
241 225
242 448
243 6
243 25
243 256
243 402
244 81
245 54
245 145
246 273
247 47
247 257
247 400
248 9
248 88
249 34
249 310
250 0
250 4
250 40
251 225
253 161
256 12
256 16
256 17
256 56
256 79
256 82
256 128
256 438
256 448
257 20
257 26
257 27
257 38
257 57
257 61
257 80
257 89
257 148
257 213
257 256
257 258
257 274
257 337
257 374
257 455
258 25
258 44
258 48
258 87
258 105
258 130
258 160
258 176
258 188
258 236
258 408
259 1
259 9
259 169
259 209
259 448
260 9
260 50
260 118
260 121
260 128
260 130
260 132
260 161
260 192
260 258
260 266
260 289
260 320
260 334
260 400
260 417
261 32
261 40
261 192
261 232
261 236
261 280
262 62
262 64
262 80
262 112
262 306
262 448
262 471
263 14
263 178
263 460
264 1
264 3
264 4
264 9
264 195
264 196
264 222
264 356
265 52
265 128
265 209
265 240
265 257
265 296
266 18
266 30
266 174
266 225
266 264
266 266
266 290
266 299
267 3
267 25
267 92
267 309
267 396
268 20
268 32
268 178
268 326
269 69
269 141
269 204
269 258
270 3
270 65
270 194
270 336
271 8
271 65
271 144
271 147
271 177
271 212
272 8
272 21
272 34
272 65
272 165
272 397
273 0
273 2
273 53
273 64
273 147
273 208
273 510
274 256
274 264
274 304
274 464
275 16
275 169
275 226
275 330
275 474
276 2
276 4
276 87
276 106
276 278
276 388
277 25
277 31
277 193
277 450
278 32
278 44
278 150
279 2
279 5
279 210
279 297
279 400
280 1
280 8
280 53
280 198
280 211
280 214
280 258
280 433
281 0
281 32
281 36
281 113
281 282
281 402
282 4
282 8
282 16
282 81
282 128
282 197
282 356
283 0
283 12
284 14
284 68
284 277
285 136
285 262
286 11
286 143
286 296
287 304
288 0
288 150
288 268
288 300
288 328
288 402
288 412
289 34
289 65
289 114
289 145
289 152
289 228
289 254
289 419
289 468
290 0
290 22
290 39
290 74
290 256
291 68
291 129
292 136
292 419
293 0
293 216
293 357
293 408
294 33
294 98
294 391
295 290
296 142
296 211
296 352
296 390
296 474
296 487
297 12
297 16
297 32
297 129
297 257
298 32
298 291
299 133
300 48
300 57
300 258
300 277
302 103
302 128
302 160
304 1
304 391
304 392
304 405
305 34
305 131
305 152
305 208
305 246
305 327
305 330
306 166
307 132
307 449
308 25
308 67
308 133
309 73
310 2
310 99
310 293
311 8
311 289
312 3
312 5
312 122
312 266
312 280
315 236
316 7
317 16
317 59
317 212
317 290
319 12
320 4
320 138
320 184
320 211
320 268
321 8
321 16
321 22
321 66
321 82
321 110
321 120
321 147
321 148
321 245
322 21
322 45
322 68
322 209
322 256
322 300
323 19
323 108
323 115
324 21
324 113
324 261
324 267
324 356
325 128
326 6
326 62
326 247
326 354
326 355
327 51
328 83
328 221
329 56
329 100
329 248
329 485
330 1
330 177
330 260
331 0
331 264
331 337
331 352
332 36
332 110
332 130
332 290
333 12
333 181
333 194
334 73
334 128
335 3
336 22
336 130
336 136
336 230
336 480
337 1
337 67
337 98
337 205
337 273
337 304
337 399
337 434
338 28
338 204
339 10
340 145
340 197
340 282
341 18
341 89
341 112
342 145
344 101
344 210
344 386
345 273
346 30
346 120
347 164
347 196
349 57
349 107
349 320
350 80
352 48
353 8
353 52
353 64
353 122
354 14
354 52
354 448
355 41
355 258
356 176
356 192
356 224
356 272
357 96
357 137
357 396
358 18
358 192
359 147
359 464
360 3
360 66
360 80
360 134
360 202
360 213
360 329
361 4
361 130
361 188
361 218
361 236
362 34
362 358
363 3
363 92
363 501
364 0
364 208
364 279
364 489
365 272
365 280
366 10
367 0
368 193
368 282
369 139
369 264
370 26
370 131
370 145
370 330
371 172
371 385
372 70
374 124
376 15
376 164
376 287
376 384
377 116
377 260
377 422
378 144
378 313
380 155
380 325
381 0
382 0
383 268
384 5
384 20
384 25
384 150
384 280
384 314
384 384
384 424
385 1
385 24
385 145
385 212
385 288
385 294
385 376
386 4
386 10
386 121
386 261
386 329
386 340
386 424
386 466
387 0
387 66
387 135
387 167
388 1
388 9
388 64
388 120
388 227
388 257
388 322
388 392
389 27
389 72
389 149
389 338
390 26
390 136
390 161
390 168
390 184
390 193
390 328
390 496
391 114
391 202
391 393
392 2
392 96
392 153
392 343
393 24
393 85
393 272
394 1
394 22
394 160
394 192
394 256
394 267
394 370
394 448
395 90
395 101
395 243
395 384
395 452
396 0
396 23
398 90
398 460
400 2
400 32
400 38
400 140
400 193
400 224
401 256
401 266
402 8
402 17
402 32
402 257
402 298
402 509
403 0
403 96
403 260
403 290
403 291
404 68
404 128
404 360
405 5
406 13
408 64
408 148
409 0
410 51
410 74
410 264
410 317
412 273
413 192
414 2
414 20
414 181
415 116
416 4
416 81
416 96
416 142
416 206
416 343
416 385
416 386
417 89
417 128
417 220
417 289
418 273
419 4
419 82
419 210
419 285
420 4
420 98
420 145
420 146
420 209
421 234
421 292
422 144
422 496
424 272
424 340
424 374
425 13
425 78
425 457
426 12
426 52
426 64
426 427
427 4
427 72
428 76
428 257
428 449
429 0
429 87
430 74
431 96
431 300
432 64
432 353
433 144
433 385
434 96
434 100
434 135
434 227
435 269
436 200
437 3
437 16
437 145
438 216
439 8
440 21
440 141
440 268
440 348
442 84
443 242
444 0
444 28
444 257
445 368
447 25
447 175
448 0
448 6
448 16
448 36
448 79
448 243
448 260
448 401
448 416
449 38
449 45
449 128
449 165
449 332
449 503
450 4
450 170
450 335
450 336
451 243
452 0
452 64
452 254
452 320
453 58
453 269
453 282
455 30
455 262
455 483
456 3
456 486
457 456
458 41
458 68
458 166
458 178
459 450
461 0
462 256
463 28
464 276
464 364
465 21
465 48
465 368
467 33
467 352
468 275
469 401
470 162
471 98
471 160
472 103
472 105
472 288
472 332
473 32
474 44
475 40
475 76
476 88
478 1
480 43
480 131
480 265
481 132
482 36
482 90
482 168
482 184
483 0
483 64
483 66
483 398
484 347
485 10
485 332
486 0
486 16
486 82
488 35
488 66
488 146
488 322
489 404
490 64
490 213
490 302
491 18
491 37
491 391
493 370
493 432
496 34
496 289
497 401
500 240
500 266
502 211
503 140
504 16
506 18
506 57
506 160
510 312
