# Synthetic Kronecker Graph 
# Edges are directed 
0 9
0 20
0 27
0 32
0 39
0 72
0 75
0 82
0 101
0 130
0 133
0 160
0 212
0 241
0 258
0 278
0 289
0 300
0 437
0 578
0 594
0 640
0 687
0 754
0 772
0 968
0 1024
0 1107
0 1116
0 1157
0 1216
0 1227
0 1297
0 1473
0 1486
0 1487
0 1732
0 1808
0 1881
0 1893
1 8
1 20
1 26
1 64
1 70
1 130
1 144
1 257
1 264
1 276
1 288
1 426
1 529
1 606
1 644
1 667
1 704
1 897
1 982
1 1027
1 1049
1 1056
1 1066
1 1076
1 1088
1 1120
1 1188
1 1192
1 1554
1 1556
1 1600
1 1904
2 2
2 24
2 76
2 133
2 148
2 202
2 322
2 388
2 544
2 684
2 826
2 865
2 930
2 947
2 1043
2 1088
2 1089
2 1097
2 1152
2 1248
2 1641
2 1648
2 1668
2 1777
2 1813
2 1864
3 84
3 89
3 112
3 132
3 257
3 276
3 451
3 490
3 552
3 739
3 790
3 812
3 890
3 974
3 1120
3 1137
3 1220
3 1344
3 1376
3 1552
3 1648
3 1657
4 0
4 6
4 11
4 18
4 21
4 34
4 56
4 80
4 88
4 100
4 107
4 109
4 160
4 174
4 257
4 282
4 307
4 362
4 369
4 416
4 434
4 448
4 544
4 547
4 649
4 712
4 769
4 1024
4 1037
4 1056
4 1170
4 1268
4 1283
4 1321
4 1334
4 1537
4 1547
4 1698
4 1968
4 2016
5 12
5 69
5 97
5 100
5 131
5 144
5 352
5 370
5 626
5 776
5 930
5 984
5 1773
5 1994
6 3
6 18
6 42
6 93
6 176
6 402
6 506
6 512
6 536
6 548
6 693
6 716
6 744
6 776
6 961
6 1080
6 1091
6 1188
6 1406
6 1408
6 1483
7 20
7 41
7 353
7 611
7 768
7 786
7 796
7 992
7 1217
7 1280
7 1286
7 1528
7 1632
8 2
8 4
8 5
8 6
8 8
8 14
8 44
8 62
8 90
8 133
8 147
8 200
8 232
8 271
8 323
8 336
8 416
8 512
8 513
8 544
8 565
8 593
8 1099
8 1104
8 1154
8 1164
8 1313
8 1338
8 1587
8 1667
8 1698
8 1725
8 1767
8 1914
9 31
9 40
9 97
9 223
9 289
9 352
9 394
9 624
9 651
9 870
9 1097
9 1129
9 1180
9 1312
9 1348
9 1622
9 1810
10 0
10 14
10 133
10 160
10 260
10 268
10 272
10 313
10 366
10 386
10 578
10 640
10 672
10 1050
10 1090
10 1092
10 1096
10 1286
10 1334
10 1544
11 90
11 96
11 242
11 365
11 408
11 432
11 456
11 512
11 513
11 838
11 901
11 1041
11 1097
11 1162
11 1202
11 1443
12 389
12 421
12 696
12 768
12 781
12 920
12 1112
12 1168
12 1284
12 1552
12 1664
12 1808
12 1866
13 4
13 41
13 82
13 244
13 332
13 613
13 1156
14 60
14 100
14 224
14 312
14 560
14 588
14 691
14 704
14 813
14 1560
14 1794
15 266
15 545
15 1286
15 1438
15 1516
16 0
16 13
16 64
16 134
16 165
16 186
16 320
16 419
16 436
16 528
16 529
16 548
16 577
16 585
16 670
16 677
16 769
16 802
16 947
16 1024
16 1032
16 1050
16 1058
16 1096
16 1107
16 1122
16 1174
16 1312
16 1351
16 1677
16 1794
17 62
17 70
17 172
17 353
17 384
17 395
17 641
17 1366
17 1416
17 1734
17 1833
18 90
18 96
18 341
18 429
18 558
18 770
18 845
18 848
18 1140
18 1155
18 1166
18 1312
18 1315
18 1345
18 1381
18 1425
18 1735
18 1798
18 1802
18 1864
19 1
19 282
19 578
19 644
19 658
19 1234
19 1625
19 1939
20 16
20 82
20 152
20 277
20 425
20 475
20 513
20 808
20 834
20 1040
20 1154
20 1168
20 1258
20 1289
20 1611
20 1680
20 1836
20 1984
21 19
21 22
21 65
21 680
21 821
21 1155
21 1228
21 1544
21 1562
21 1821
22 16
22 32
22 41
22 58
22 357
22 589
22 645
22 898
22 1040
22 1178
22 1188
22 1379
22 1576
22 1672
22 1673
23 2
23 52
23 366
23 896
23 1058
23 1317
23 1333
23 1420
23 1832
24 0
24 48
24 140
24 228
24 262
24 295
24 308
24 320
24 524
24 650
24 769
24 1029
24 1033
24 1086
24 1088
24 1144
24 1282
24 1559
24 1612
25 73
25 80
25 131
25 147
25 201
25 521
25 524
25 798
25 834
25 1066
25 1094
25 1218
26 2
26 20
26 26
26 45
26 108
26 237
26 561
26 1141
26 1962
27 6
27 260
27 425
27 528
27 576
27 660
27 770
27 930
27 1116
28 46
28 395
28 516
28 569
28 578
28 609
28 801
28 1028
28 1044
28 1065
29 48
29 62
29 513
29 1081
29 1257
29 1448
29 1629
30 80
30 130
30 260
30 392
30 562
30 1356
30 1357
31 16
31 28
31 38
31 356
31 1122
32 13
32 33
32 40
32 56
32 74
32 256
32 340
32 382
32 420
32 577
32 752
32 778
32 784
32 900
32 929
32 930
32 1082
32 1107
32 1112
32 1169
32 1184
32 1402
32 1490
32 1563
32 1920
33 0
33 12
33 82
33 106
33 131
33 326
33 368
33 456
33 768
33 808
33 1026
33 1132
33 1514
33 1553
33 1680
33 1710
34 70
34 312
34 320
34 363
34 385
34 476
34 936
34 1092
34 1288
34 1344
34 1348
34 1364
34 1679
35 52
35 240
35 259
35 1037
35 1079
35 1184
35 1385
36 16
36 128
36 288
36 393
36 408
36 512
36 536
36 671
36 839
36 914
36 1184
37 1
37 102
37 744
37 781
37 811
37 1026
37 1059
37 1108
37 1228
37 1314
37 1667
38 17
38 200
38 256
38 292
38 513
38 1092
38 1106
38 1140
38 1234
38 1268
38 1416
38 1777
39 3
39 260
39 1038
39 1118
39 1160
39 1232
39 1337
39 1408
40 9
40 20
40 32
40 128
40 270
40 299
40 966
40 1059
40 1072
40 1289
40 1424
41 0
41 85
41 97
41 712
41 900
41 1041
41 1577
41 1990
42 17
42 24
42 68
42 252
42 1120
42 1649
42 1856
43 70
43 384
43 536
43 1604
44 234
44 295
44 320
44 480
44 556
44 587
44 841
44 1092
44 1280
44 1448
45 44
45 268
45 385
45 551
45 1168
45 1880
46 0
46 8
46 104
46 206
46 246
46 345
46 771
46 837
46 1280
46 1481
46 1781
47 1
47 14
47 532
47 971
47 1315
47 1581
47 1937
48 18
48 43
48 135
48 136
48 195
48 256
48 280
48 1049
48 1091
48 1096
48 1171
48 1473
48 1486
48 1665
48 1682
49 416
49 427
49 601
49 1202
49 1313
49 1414
49 1541
49 1728
50 81
50 89
50 140
50 282
50 348
50 388
50 519
50 644
50 648
50 1280
50 1283
50 1544
51 138
51 228
51 1304
51 1447
52 33
52 89
52 117
52 129
52 160
52 256
52 524
52 1258
52 1314
52 1616
52 1841
53 86
53 1348
54 194
54 270
54 320
54 372
54 418
54 517
54 539
55 1180
55 1280
56 2
56 17
56 40
56 157
56 257
56 337
56 647
56 675
56 682
56 1033
56 1037
56 1165
56 1281
56 1571
56 1704
56 1797
57 1
57 69
57 384
57 518
57 856
58 25
58 72
58 137
58 184
58 417
58 631
58 642
58 690
58 1049
58 1098
58 1152
58 1184
58 1540
58 1546
59 516
59 536
60 104
60 266
60 352
60 770
60 1024
60 1566
60 1664
60 1748
60 1952
61 125
61 153
61 171
61 640
61 1298
61 1377
61 1900
62 120
62 161
62 289
62 1024
63 534
63 1749
64 0
64 4
64 8
64 19
64 25
64 49
64 66
64 95
64 152
64 192
64 201
64 208
64 324
64 445
64 520
64 698
64 883
64 1197
64 1281
64 1289
64 1308
64 1312
64 1360
64 1447
64 1541
64 1686
65 0
65 2
65 18
65 37
65 60
65 88
65 398
65 421
65 769
65 1302
65 1508
66 26
66 52
66 130
66 156
66 165
66 450
66 552
66 788
66 792
66 1029
66 1042
66 1116
66 1284
66 1305
66 1460
66 1540
66 1666
66 1746
66 1816
67 24
67 28
67 64
67 336
67 352
67 425
67 913
67 1025
67 1849
68 87
68 155
68 164
68 168
68 222
68 256
68 275
68 280
68 326
68 529
68 640
68 867
68 906
68 934
68 1045
68 1096
68 1108
68 1458
69 2
69 139
69 204
69 352
69 566
69 580
69 626
69 775
69 1294
69 1537
69 1794
70 160
70 177
70 196
70 666
70 668
70 777
70 990
70 1314
70 1584
71 22
71 202
71 268
71 272
71 962
71 1180
71 1333
71 1831
72 37
72 45
72 134
72 257
72 269
72 400
72 491
72 528
72 532
72 850
72 904
72 1024
72 1026
72 1044
72 1310
72 1350
72 1544
72 1752
72 1796
73 162
73 293
73 592
73 1172
73 1232
73 1280
73 1409
73 1627
73 1850
74 32
74 512
74 528
74 609
74 672
74 1356
74 1476
74 1605
75 23
75 137
75 147
75 544
75 1201
76 183
76 396
76 404
76 448
76 520
76 550
76 769
76 1545
77 73
77 134
77 169
77 288
77 328
77 374
77 512
77 657
77 768
77 772
77 793
77 1107
77 1378
78 589
78 852
78 898
78 1089
78 1164
78 1346
78 1785
79 578
79 682
79 891
79 1027
79 1369
80 40
80 74
80 174
80 273
80 274
80 316
80 346
80 387
80 807
80 1027
80 1066
80 1152
80 1161
80 1480
80 1634
80 1640
80 1840
81 8
81 24
81 108
81 256
81 263
81 848
81 1167
81 1281
81 1302
82 64
82 140
82 561
82 657
82 1045
82 1092
82 1114
82 1634
82 1830
82 1868
83 603
83 1044
83 1408
83 1453
84 66
84 568
84 1312
84 1544
84 1561
85 400
85 544
86 322
86 404
86 513
86 801
86 1088
86 1228
87 776
87 900
87 1284
88 0
88 450
88 464
88 564
88 578
88 737
88 1506
88 1507
88 1882
88 1921
89 370
89 707
89 815
89 971
89 1316
89 1932
89 1968
90 32
90 33
90 223
90 547
90 594
90 896
90 1586
91 376
91 813
92 136
92 241
92 269
92 321
92 643
92 805
92 1565
92 1600
92 1605
93 132
93 828
93 959
93 1165
93 1301
94 76
94 744
94 805
94 1860
95 150
95 480
96 101
96 120
96 132
96 527
96 552
96 604
96 612
96 656
96 776
96 801
96 1025
96 1113
96 1171
96 1240
96 1330
96 1548
96 1550
96 1815
97 1
97 35
97 440
97 461
97 696
97 960
97 1042
98 15
98 18
98 63
98 144
98 256
98 371
98 393
98 960
98 1026
98 1228
98 1256
98 1377
99 17
99 137
99 193
99 324
99 560
99 1568
100 0
100 1
100 24
100 33
100 42
100 83
100 116
100 128
100 135
100 320
100 656
100 1077
100 1120
100 1446
100 1665
101 0
101 40
101 60
101 228
101 249
101 528
101 565
101 937
101 1004
101 1154
101 1161
101 1729
101 1852
101 2002
102 84
102 128
102 1824
103 656
103 836
104 18
104 133
104 172
104 398
104 554
104 612
104 700
104 1090
104 1338
105 161
105 542
105 848
105 1056
106 4
106 142
106 1029
107 432
107 540
107 541
107 614
107 642
107 645
108 0
108 89
108 240
108 305
108 411
108 585
108 666
108 793
108 948
108 1004
108 1059
108 1063
109 89
109 384
109 708
109 785
110 276
110 1045
110 1730
111 1680
111 1688
112 62
112 260
112 1098
112 1236
112 1608
113 60
113 164
113 328
113 440
113 602
113 1051
113 1602
114 392
114 416
114 548
114 1121
114 1170
115 1718
116 808
116 838
116 1344
117 48
117 588
117 1104
117 1847
118 803
118 1565
119 0
119 34
119 1946
120 32
120 557
120 1040
120 1153
120 1353
121 293
121 641
121 1040
121 1089
121 1090
121 1094
121 1846
122 65
122 512
122 1138
122 1376
122 2014
123 3
123 1227
123 1384
123 1541
124 34
124 48
124 133
124 284
124 354
124 1152
125 406
125 546
125 681
125 1390
126 684
126 1732
128 0
128 3
128 31
128 67
128 81
128 170
128 232
128 291
128 304
128 358
128 532
128 577
128 614
128 644
128 652
128 772
128 831
128 844
128 946
128 997
128 1029
128 1083
128 1153
128 1256
128 1539
128 1543
128 1554
128 1668
129 8
129 34
129 51
129 96
129 126
129 159
129 179
129 276
129 287
129 369
129 662
129 672
129 689
129 788
129 1114
129 1288
129 1617
129 1618
130 0
130 12
130 80
130 169
130 383
130 389
130 393
130 464
130 640
130 652
130 880
130 1026
130 1028
130 1076
130 1092
130 1352
130 1376
130 1427
130 1602
130 1890
131 33
131 51
131 54
131 289
131 512
131 781
131 1017
131 1097
131 1225
131 1476
131 1826
132 28
132 133
132 259
132 265
132 290
132 346
132 396
132 544
132 596
132 678
132 736
132 807
132 820
132 840
132 1024
132 1541
132 1552
132 1561
133 0
133 16
133 98
133 142
133 168
133 202
133 232
133 302
133 552
133 1347
133 1494
134 24
134 130
134 200
134 268
134 349
134 514
134 516
134 568
134 1461
134 1544
134 1572
134 1744
134 1873
135 17
135 65
135 133
135 175
135 341
135 1024
135 1384
135 1785
135 1936
136 11
136 82
136 320
136 514
136 627
136 1077
136 1098
136 1224
136 1380
136 1564
137 52
137 189
137 246
137 272
137 387
137 388
137 588
137 618
137 685
137 784
137 790
137 933
137 1026
137 1252
137 1351
137 1420
138 15
138 84
138 369
138 418
138 546
138 981
138 1141
138 1331
138 1424
138 1706
138 1824
139 38
139 144
139 208
139 422
139 785
139 1344
139 1537
139 1702
139 1914
139 2044
140 24
140 104
140 145
140 150
140 206
140 331
140 513
140 838
140 1155
141 68
141 398
141 664
141 800
141 1287
142 8
142 20
142 70
142 453
142 1081
142 1388
142 1560
142 1568
142 1896
143 56
143 324
143 791
143 1416
143 1732
144 150
144 170
144 211
144 249
144 260
144 272
144 274
144 292
144 352
144 356
144 551
144 645
144 651
144 1088
144 1301
144 1860
145 48
145 96
145 146
145 270
145 280
145 288
145 416
145 552
145 838
145 1040
145 1574
146 16
146 72
146 153
146 258
146 290
146 336
146 354
146 616
146 679
146 753
146 781
146 784
146 1154
146 1200
146 1665
147 0
147 33
147 64
147 97
147 128
147 642
147 653
147 748
147 1096
147 1219
147 1545
148 42
148 177
148 257
148 271
148 280
148 768
148 1437
149 142
149 686
149 769
149 944
149 1448
149 1536
149 1576
150 240
150 349
150 534
150 536
150 626
150 796
150 1024
150 1298
150 1545
151 4
151 19
151 164
151 580
151 640
151 770
151 1528
151 1543
151 1794
152 9
152 42
152 136
152 385
152 520
152 560
152 672
152 768
152 872
152 949
152 1058
152 1172
152 1318
152 1408
152 1472
152 1604
152 1619
152 1649
153 136
153 572
153 642
153 681
153 1042
153 1170
153 1713
153 1940
153 2016
154 80
154 546
154 1066
154 1097
154 1672
155 54
155 74
155 152
155 513
155 770
155 1149
155 1217
155 1538
155 2012
156 0
156 65
156 73
156 163
156 272
156 286
156 895
156 992
156 1026
156 1353
156 1361
156 1591
157 515
157 1300
157 1793
158 11
158 130
158 516
158 1282
159 33
159 595
160 1
160 16
160 60
160 83
160 124
160 269
160 326
160 517
160 522
160 773
160 786
160 1105
160 1319
160 1432
160 1813
160 2013
161 29
161 83
161 256
161 452
161 645
161 659
161 862
161 898
161 1027
161 1048
161 1088
161 1540
162 75
162 221
162 880
162 1008
162 1444
162 1888
162 1948
163 2
163 25
163 33
163 40
163 436
163 597
163 800
163 1048
164 41
164 114
164 179
164 202
164 266
164 442
164 777
164 1051
164 1102
164 1133
164 1492
164 1542
165 134
165 192
165 275
165 332
165 394
165 534
165 1025
165 1072
165 1612
165 1637
165 1746
165 1802
165 1805
166 9
166 14
166 16
166 304
166 332
166 556
166 698
166 1024
166 1057
166 1302
166 1539
166 1608
167 20
168 5
168 73
168 102
168 385
168 457
168 525
168 624
168 659
168 832
168 1024
168 1030
169 289
169 518
169 1106
169 1418
169 1672
169 1738
170 150
170 297
170 816
170 1536
170 1546
170 1576
171 76
171 96
171 409
171 515
171 898
171 1049
171 1648
172 126
172 260
172 272
172 342
172 808
172 862
172 937
172 1035
172 1281
172 1286
172 1570
173 84
173 543
173 1060
173 1137
173 1824
173 1836
174 16
174 1075
175 18
175 272
175 402
176 6
176 56
176 105
176 112
176 113
176 152
176 300
176 322
176 324
176 343
176 425
176 466
176 802
176 869
176 898
176 977
176 1024
176 1036
176 1089
176 1152
176 1184
176 1472
176 1594
177 1
177 58
177 80
177 449
177 520
177 1226
177 1275
177 1536
177 1792
177 1970
178 9
178 1172
178 1346
179 56
179 1042
180 160
180 283
180 480
180 712
180 1035
180 1110
180 1153
180 1300
180 1318
180 1354
180 1404
181 353
181 356
181 818
181 1648
182 261
182 441
182 1602
183 512
183 1129
183 1698
183 1795
184 13
184 49
184 174
184 420
184 449
184 648
184 691
184 1543
184 1852
185 265
185 276
185 320
185 867
186 518
186 851
186 1410
187 396
187 653
187 1228
187 1233
187 1451
188 16
188 1084
188 1956
189 669
190 264
191 1282
192 8
192 24
192 202
192 209
192 275
192 522
192 708
192 1042
192 1348
192 1434
192 1751
193 0
193 24
193 128
193 129
193 476
193 770
193 1043
193 1132
193 1490
193 1564
193 1664
193 1938
194 4
194 20
194 77
194 164
194 282
194 660
194 784
194 1236
195 256
195 257
195 1536
195 1584
196 27
196 329
196 1008
196 1135
196 1834
197 144
197 451
197 648
197 772
197 784
197 1670
197 1880
198 65
198 338
198 416
198 864
198 1440
198 1644
199 37
199 1027
199 1029
200 33
200 94
200 187
200 240
200 1156
200 1294
200 1828
201 70
201 86
201 195
201 260
201 481
201 768
201 770
201 1673
202 389
202 848
202 1025
202 1155
203 795
203 880
203 910
203 1347
203 1541
204 12
204 284
204 600
204 807
204 1026
204 1072
204 1459
205 73
205 408
205 655
205 1669
205 1678
206 8
206 258
206 768
207 32
207 256
207 640
207 1036
207 1089
208 8
208 32
208 34
208 193
208 421
208 553
208 572
208 624
208 652
208 690
208 721
208 769
208 1032
208 1116
208 1182
208 1572
209 178
209 282
209 336
209 379
209 580
209 835
209 1361
210 532
211 385
211 512
211 793
211 805
211 1027
211 1429
212 2
212 292
212 521
212 581
212 654
212 1042
212 1073
212 1104
212 1686
213 273
213 530
213 1171
213 1737
214 62
214 144
214 147
215 768
215 1031
215 1144
216 81
216 183
216 400
216 675
216 768
216 1062
216 1183
217 174
217 964
217 1026
217 1092
217 1121
217 1570
218 417
218 562
218 802
218 960
218 1282
218 1284
218 1400
219 64
219 150
219 1428
219 1764
220 326
220 1510
220 1550
221 38
221 221
221 633
222 1536
223 32
223 192
223 300
223 577
223 648
223 1928
224 30
224 42
224 73
224 526
224 583
224 642
224 1317
224 1770
224 1826
225 32
225 521
225 672
225 678
225 1538
225 1586
225 1974
226 138
226 256
226 456
226 832
226 1445
226 1482
226 1540
226 1601
226 1671
227 373
227 465
227 608
228 1
228 320
228 348
228 385
228 775
228 1055
228 1092
228 1744
229 544
229 612
229 776
229 1056
230 634
230 1065
231 144
231 194
231 1133
231 1287
232 206
232 228
232 298
232 326
232 717
232 1038
232 1238
232 1354
232 1471
232 1603
233 145
233 1168
234 77
234 168
234 400
234 515
234 1060
234 1168
234 1544
235 16
235 192
235 1666
236 9
236 112
236 245
236 276
236 755
236 992
237 531
237 1664
238 1216
239 16
239 41
240 258
240 292
240 655
240 1882
241 465
241 566
241 1316
242 51
242 140
242 272
242 532
243 10
244 17
244 50
244 777
245 417
245 554
245 592
248 447
248 518
248 1155
248 1560
249 1562
250 661
250 705
250 753
252 102
252 174
252 384
252 650
252 1411
253 321
254 260
254 643
254 1185
256 2
256 3
256 16
256 20
256 82
256 171
256 194
256 273
256 405
256 424
256 440
256 458
256 468
256 512
256 524
256 530
256 648
256 649
256 706
256 866
256 1042
256 1248
256 1286
256 1408
256 1746
256 1920
256 1923
256 1996
256 2002
257 3
257 6
257 8
257 17
257 192
257 198
257 1039
257 1118
257 1368
257 1416
257 1537
257 1685
257 1925
258 66
258 92
258 165
258 388
258 513
258 524
258 545
258 612
258 711
258 897
258 1096
258 1107
258 1111
258 1223
258 1417
259 224
259 252
259 644
259 906
259 1028
259 1240
259 1668
259 1693
260 2
260 6
260 33
260 40
260 134
260 136
260 182
260 306
260 324
260 356
260 460
260 481
260 521
260 528
260 546
260 625
260 664
260 1096
260 1246
260 1344
260 1616
260 1793
261 8
261 41
261 94
261 260
261 577
261 584
261 832
261 921
261 930
261 1155
261 1228
261 1250
261 1354
261 1433
262 64
262 66
262 258
262 260
262 262
262 396
262 449
262 571
262 629
262 718
262 880
262 1025
262 1089
262 1187
262 1348
262 1393
262 2016
263 1
263 37
263 79
263 144
263 164
263 213
263 257
263 480
263 644
263 1024
263 1804
263 1808
264 68
264 102
264 258
264 272
264 560
264 662
264 768
264 898
264 914
264 960
264 1058
264 1060
264 1088
264 1181
264 1277
264 1281
264 1390
265 9
265 112
265 266
265 683
265 824
265 864
265 1447
265 1540
265 1624
266 4
266 37
266 56
266 65
266 578
266 687
266 820
266 1154
266 1522
266 1783
267 104
267 1188
267 1556
268 86
268 101
268 1179
268 1284
268 1289
269 192
269 434
269 1046
269 1065
269 1508
270 185
270 278
270 544
270 849
270 1095
270 1133
270 1312
271 88
271 132
271 185
271 559
271 1119
271 1380
272 4
272 33
272 38
272 100
272 124
272 129
272 131
272 141
272 152
272 306
272 550
272 982
272 1073
272 1074
272 1164
272 1312
272 1448
272 1548
272 1554
272 1786
272 1896
272 1921
273 208
273 354
273 416
273 566
273 624
273 641
273 731
273 1280
273 1421
273 1792
273 1808
274 0
274 33
274 54
274 77
274 160
274 450
274 536
274 640
274 689
274 804
274 1088
274 1120
275 1
275 84
275 96
275 296
275 384
275 386
275 514
275 1024
275 1905
276 19
276 84
276 150
276 256
276 418
276 457
276 1178
276 1296
276 1332
276 1688
277 166
277 196
277 1174
277 1460
277 1808
278 169
278 280
278 380
278 778
278 1034
278 1226
278 1282
278 1693
279 656
279 1002
279 1037
279 1410
279 1831
280 178
280 937
280 1156
280 1357
280 1549
280 1570
281 42
281 80
281 580
281 738
281 1228
281 1472
281 1920
282 2
282 68
282 772
282 882
282 889
282 1088
283 10
283 78
283 474
283 1703
284 24
284 144
284 322
284 358
284 608
284 791
284 1542
285 141
285 342
285 752
285 804
285 1552
286 64
286 258
286 369
287 156
287 1048
288 9
288 68
288 261
288 424
288 522
288 525
288 585
288 786
288 915
288 1027
288 1118
288 1148
288 1568
289 64
289 65
289 285
289 427
289 918
289 1218
289 1435
289 1536
289 1605
290 13
290 16
290 52
290 128
290 528
290 660
290 1028
290 1057
290 1169
290 1287
290 2001
291 0
291 385
291 836
291 885
291 947
291 1168
291 1352
291 1609
291 1842
292 36
292 84
292 130
292 212
292 287
292 790
292 1091
292 1540
292 1644
293 33
293 128
293 140
293 224
293 272
293 340
293 526
293 1049
293 1160
294 64
294 67
294 371
294 907
294 1140
296 66
296 78
296 112
296 177
296 260
296 312
296 1001
296 1024
296 1032
296 1064
297 1410
298 36
298 201
298 400
298 493
298 520
298 533
298 1032
298 1096
298 1416
298 1636
299 224
299 656
299 1440
299 1570
299 1578
300 7
300 525
300 1056
300 1680
300 1954
301 52
301 264
301 322
301 1037
302 1849
303 788
303 1347
304 2
304 154
304 576
304 898
304 969
304 976
304 1738
304 1864
305 7
305 20
305 112
305 160
305 529
305 740
305 748
305 1451
306 200
306 243
306 1192
306 1419
306 1544
306 1575
307 1073
307 1172
307 1836
308 242
308 304
308 514
308 1027
308 1048
308 1830
308 1844
309 0
309 97
309 100
309 137
309 138
309 331
309 576
309 618
309 1828
309 2036
310 161
310 200
310 297
311 152
311 524
311 779
311 1066
311 1089
311 1184
311 1300
311 1470
312 65
312 268
312 512
312 513
312 666
312 820
312 1577
313 1326
313 1456
314 391
314 912
314 1808
315 259
315 1155
316 1030
316 1736
317 524
317 1615
318 900
318 1160
319 36
319 522
319 585
320 17
320 47
320 96
320 113
320 137
320 257
320 292
320 334
320 397
320 452
320 516
320 524
320 576
320 862
320 1182
320 1234
320 1296
320 1312
320 1922
321 37
321 200
321 256
321 389
321 532
321 816
321 864
321 1044
321 1108
321 1169
321 1233
321 1366
321 1536
322 5
322 11
322 67
322 77
322 134
322 265
322 580
322 618
322 641
322 768
322 1217
322 1264
322 1666
322 1758
322 1793
322 1922
323 104
323 161
323 623
324 20
324 97
324 132
324 169
324 196
324 230
324 266
324 303
324 610
324 1040
324 1161
324 1309
325 419
325 650
325 1680
326 1
326 9
326 35
326 112
326 261
326 962
326 1548
326 1593
327 530
327 1036
327 1290
328 24
328 151
328 384
328 400
328 421
328 646
328 666
328 1088
328 1178
328 1219
328 1446
328 1536
329 16
329 19
329 52
329 174
329 288
329 710
329 1024
329 1232
329 1856
330 0
330 1
330 12
330 33
330 104
330 144
330 389
330 526
330 1472
331 194
331 324
331 386
331 642
331 672
331 784
331 1899
332 166
332 180
332 651
332 904
332 1300
332 1356
332 1555
332 1955
333 0
333 540
333 544
333 820
333 1091
334 146
334 300
334 649
334 845
334 1277
335 111
335 1748
336 136
336 306
336 528
336 545
336 640
336 825
336 1196
336 1569
336 1793
336 1802
336 1944
337 3
337 106
337 1040
337 1060
337 1282
337 1547
337 1668
337 1992
338 81
338 292
338 392
338 649
338 1544
338 1554
338 1798
339 384
339 1313
339 1432
340 449
340 464
340 482
340 574
340 771
340 1040
340 1480
340 1738
341 166
341 274
341 417
341 1536
342 121
342 976
342 1026
342 1061
343 37
343 928
343 1134
343 1136
344 6
344 320
344 328
344 389
344 948
345 258
345 774
345 880
345 1330
346 1044
346 1284
347 7
347 72
347 1482
347 1556
348 4
348 385
348 884
349 132
349 646
349 672
349 1544
350 424
350 1159
350 1418
351 1033
351 1084
351 1511
352 60
352 194
352 260
352 266
352 612
352 653
352 1297
352 1351
352 1537
352 1586
352 1745
352 1819
352 2016
353 36
353 53
353 58
353 136
353 200
353 218
353 289
353 432
353 848
353 898
353 1051
353 1380
354 92
354 136
354 321
354 405
354 512
354 515
355 346
356 40
356 141
356 145
356 261
356 274
356 512
356 655
356 768
356 1256
356 1813
357 62
357 362
357 1026
357 1569
358 515
358 548
359 151
359 518
359 1702
360 66
360 76
360 386
360 689
360 1332
360 1353
361 244
361 260
361 324
361 521
361 1063
362 8
362 229
362 257
362 781
362 1074
362 1296
362 1377
362 1664
363 98
363 592
364 15
364 36
364 166
364 1570
364 1830
365 48
365 534
365 537
365 1313
367 329
367 648
367 705
367 1385
368 24
368 53
368 64
368 132
368 193
368 603
368 640
368 689
368 740
368 746
368 1314
369 640
369 760
369 768
369 818
369 1049
370 14
370 16
370 457
370 515
370 1280
370 1409
371 0
371 152
371 552
371 684
371 1056
372 150
372 233
372 593
372 710
372 1429
373 159
373 1163
374 1676
375 580
375 1601
375 1651
376 25
376 96
376 460
376 673
376 1058
376 1219
376 1376
377 288
378 64
378 67
380 48
380 653
380 773
380 1061
380 1220
380 1810
381 0
382 264
382 1024
382 1030
383 28
384 4
384 44
384 123
384 128
384 418
384 421
384 512
384 737
384 772
384 794
384 838
384 896
384 1102
384 1236
384 1283
384 1314
384 1358
384 1738
384 1979
385 0
385 22
385 280
385 417
385 480
385 831
385 1433
385 1460
385 1580
385 1808
385 1936
386 0
386 11
386 83
386 96
386 133
386 178
386 192
386 368
386 448
386 522
386 1060
386 1089
386 1189
386 1200
386 1352
386 1414
386 1593
386 1667
386 1804
387 2
387 148
387 176
387 212
387 330
387 1025
388 1
388 192
388 230
388 513
388 750
388 752
388 776
388 1586
388 1608
388 1977
389 78
389 81
389 265
389 641
389 816
389 837
389 1049
389 1092
389 1355
390 386
390 489
390 533
390 1088
390 1296
391 66
391 485
391 520
391 1040
391 1571
391 1620
392 33
392 35
392 109
392 308
392 530
392 1024
392 1028
392 1036
392 1062
392 1128
392 1206
392 1282
392 1344
392 1345
393 4
393 430
393 522
393 566
393 1088
393 1142
393 1408
393 1604
394 72
394 106
394 323
394 1869
395 28
395 82
395 1104
395 1122
396 2
396 592
396 640
396 661
396 803
396 809
396 1155
396 1971
397 518
398 32
398 68
398 749
398 821
398 1088
398 1922
399 150
399 265
399 1168
400 24
400 266
400 544
400 557
400 648
400 1000
400 1026
400 1190
400 1318
401 196
401 359
401 512
401 788
401 1186
401 1609
401 1762
402 73
402 259
402 290
402 1094
402 1096
403 16
403 459
403 1808
404 0
404 32
404 70
404 387
404 540
404 1512
404 1800
405 0
405 306
405 644
405 652
405 711
405 1737
406 960
406 1120
407 388
407 839
408 785
408 834
408 931
408 956
408 1534
408 1581
408 1807
409 32
409 145
409 201
409 774
409 1553
410 986
411 512
411 812
411 1666
412 536
412 900
412 1092
412 1234
412 1538
413 37
413 1745
414 88
414 1460
416 8
416 44
416 131
416 258
416 290
416 336
416 942
416 1048
416 1088
416 1136
416 1415
416 1648
417 11
417 644
417 682
417 1345
417 1600
417 1670
418 35
418 292
418 661
418 1173
418 1973
419 53
419 520
419 710
419 1193
419 1536
420 211
420 295
420 514
420 853
420 900
420 1041
420 1670
420 1936
421 261
421 273
421 450
421 548
421 1042
421 1093
421 1106
421 1288
422 33
422 272
422 354
423 424
424 144
424 257
424 320
424 348
424 848
424 1332
425 72
425 169
425 265
425 618
425 1461
426 1318
426 1377
426 1577
428 421
428 1058
429 72
429 114
429 156
431 43
431 978
431 1027
431 2005
432 259
432 581
432 1013
432 1060
432 1794
433 194
433 304
433 450
433 615
433 1994
434 192
434 194
434 1031
434 1594
435 13
435 524
436 6
436 141
436 260
436 280
436 512
436 745
436 801
436 1090
436 1296
437 123
437 256
439 898
439 1091
440 584
441 69
441 162
441 386
441 1922
442 593
443 707
445 554
446 70
446 96
447 22
447 256
448 53
448 121
448 196
448 371
448 388
448 704
448 705
448 918
448 1082
448 1232
448 1505
448 1548
448 1687
449 33
449 337
449 384
449 547
449 865
449 932
449 1122
450 16
450 257
450 364
450 531
450 739
450 844
450 1068
450 1072
451 109
451 1024
451 1594
452 50
452 144
452 298
452 1281
452 1308
453 1045
453 1280
454 109
454 112
454 144
454 488
454 738
454 1553
455 532
455 648
456 966
456 970
457 817
457 1298
457 1314
457 1551
458 69
458 400
458 532
458 559
459 495
459 1098
459 1739
460 160
460 872
460 925
460 1914
462 48
462 161
462 672
462 1962
463 520
463 1056
464 8
464 36
464 68
464 529
464 1032
464 1904
465 40
465 53
465 114
465 128
465 649
465 1024
465 1032
466 534
466 1034
466 1824
467 12
467 1189
467 1804
468 107
468 151
468 315
468 609
468 840
468 1378
468 1416
469 1296
469 1447
470 37
470 324
470 1651
472 121
472 420
472 840
472 1000
472 1413
473 392
474 10
474 149
474 256
474 289
474 1665
475 1375
475 1600
476 3
476 45
476 66
476 773
476 1317
476 1412
477 568
478 240
478 1687
480 165
480 978
480 1024
480 1208
480 1491
481 328
481 688
481 1937
482 132
482 133
482 296
483 448
483 1940
484 18
484 25
484 112
484 146
484 629
484 769
484 1107
484 1417
485 85
485 1024
486 128
486 394
486 643
486 724
486 1602
487 4
487 21
488 96
488 114
488 217
488 644
488 865
488 1035
488 1052
488 1207
489 434
489 1100
489 1440
490 145
490 544
490 1072
490 1153
490 1664
490 1700
491 792
491 1537
491 1632
492 0
492 48
492 346
492 1079
493 513
494 192
495 81
496 2
496 9
496 20
496 51
496 180
496 540
497 896
498 176
498 753
498 1188
498 1600
498 1728
498 1808
499 653
499 902
500 0
500 576
500 897
500 982
501 196
502 17
504 156
504 360
504 368
504 1805
505 511
505 1108
506 1025
506 1542
507 298
507 785
507 1804
508 447
508 1545
509 562
510 107
510 320
511 1426
512 1
512 5
512 8
512 16
512 41
512 68
512 89
512 208
512 576
512 693
512 732
512 792
512 802
512 834
512 870
512 965
512 1081
512 1093
512 1198
512 1248
512 1383
512 1422
512 1541
512 1728
512 1856
513 5
513 24
513 129
513 136
513 288
513 360
513 536
513 582
513 662
513 832
513 838
513 1032
513 1092
513 1496
513 1497
513 1794
513 1836
514 37
514 117
514 150
514 170
514 341
514 512
514 521
514 840
514 938
514 1073
514 1088
514 1198
514 1428
514 1667
515 36
515 40
515 98
515 184
515 330
515 608
515 641
515 858
515 1043
515 1056
515 1092
515 1176
515 1600
515 1810
516 16
516 32
516 41
516 51
516 96
516 114
516 128
516 176
516 324
516 416
516 516
516 533
516 641
516 674
516 877
516 952
516 1084
516 1107
516 1293
516 1441
516 1539
516 1732
516 1794
517 40
517 65
517 128
517 272
517 362
517 1032
517 1150
517 1169
517 1725
517 1889
518 81
518 85
518 107
518 192
518 536
518 601
518 652
518 758
518 768
518 1336
518 1912
519 1
519 4
519 56
519 650
519 970
519 1245
520 10
520 80
520 617
520 672
520 776
520 790
520 817
520 841
520 913
520 1043
520 1284
520 1709
520 1720
520 1748
521 0
521 516
521 530
521 801
521 1080
521 1089
521 1280
521 1308
521 1313
521 1433
521 1605
522 130
522 184
522 453
522 483
522 544
522 942
522 1541
522 1792
523 0
523 21
523 80
523 272
523 464
523 652
523 709
523 902
523 1024
523 1264
523 1742
523 1937
524 0
524 41
524 96
524 177
524 285
524 304
524 659
524 1313
524 1327
524 1450
525 69
525 72
525 226
525 594
525 1028
525 1060
525 1332
525 1426
526 11
526 98
526 368
526 1073
526 1184
526 1201
526 1541
527 136
527 188
527 340
527 903
527 1103
527 1561
528 4
528 37
528 51
528 76
528 195
528 265
528 321
528 388
528 469
528 481
528 488
528 820
528 836
528 904
528 1033
528 1216
528 1426
528 1645
528 1853
528 1936
529 239
529 678
529 768
529 845
529 880
529 1121
529 1254
529 1541
529 1576
530 56
530 220
530 393
530 416
530 433
530 512
530 577
530 673
530 695
530 1093
530 1104
530 1200
530 1396
530 1618
531 40
531 296
531 312
531 327
531 572
531 612
531 1608
531 1672
531 1765
531 1971
532 75
532 265
532 448
532 550
532 796
532 1593
532 2004
533 45
533 822
533 900
533 1008
533 1024
533 1136
534 14
534 37
534 132
534 521
534 544
534 670
535 518
536 29
536 41
536 180
536 210
536 213
536 257
536 258
536 352
536 408
536 770
536 1202
536 1613
536 1937
537 224
537 276
537 344
537 432
537 736
537 1024
537 1089
537 1156
538 99
538 132
538 334
538 556
538 1323
538 1440
538 1665
539 64
539 188
540 23
540 132
540 216
540 257
540 659
541 108
541 334
541 450
541 772
541 1131
541 1344
541 1795
542 582
542 1297
543 193
543 1916
544 196
544 229
544 232
544 322
544 368
544 434
544 512
544 539
544 589
544 594
544 676
544 739
544 795
544 800
544 916
544 961
544 1290
544 1409
544 1808
544 1932
545 146
545 283
545 293
545 309
545 440
545 709
545 1058
545 1089
545 1104
545 1184
546 2
546 12
546 150
546 160
546 337
546 647
546 708
546 1077
546 1092
546 1094
546 1540
546 1624
547 74
547 133
547 804
547 1025
548 97
548 145
548 160
548 272
548 395
548 450
548 514
548 676
548 867
548 1024
548 1285
548 1328
549 142
549 259
549 347
549 618
549 736
549 1026
549 1028
549 1074
549 1132
549 1216
549 1449
549 1633
550 24
550 65
550 132
550 284
550 572
550 1024
550 1207
550 1552
551 58
551 723
551 832
551 1325
552 4
552 48
552 65
552 304
552 769
553 68
553 1343
553 1664
554 160
554 167
554 218
554 291
554 310
554 328
554 368
554 449
554 524
554 1028
554 1649
555 770
555 784
556 163
556 373
556 390
556 724
556 832
556 1028
556 1029
556 1249
556 1416
557 203
557 274
557 529
558 564
558 576
558 1019
559 168
559 224
559 256
559 516
559 768
559 1098
560 0
560 56
560 143
560 396
560 561
560 650
560 1092
560 1141
560 1860
560 1927
561 19
561 22
561 417
561 518
561 912
561 1190
562 12
562 48
562 519
562 674
562 909
562 1245
562 1300
562 1674
562 1860
563 1
563 25
563 137
563 265
563 1248
564 10
564 205
564 277
564 1506
564 1678
564 1792
564 1924
565 293
565 790
565 979
565 1031
566 80
566 642
566 841
566 1350
567 405
567 1161
568 2
568 128
568 480
568 651
568 1573
569 106
569 582
569 650
569 719
569 1352
569 1865
570 5
570 85
570 132
570 271
570 372
570 530
570 1444
570 1794
571 1134
571 1536
571 1921
572 902
572 1644
572 1808
573 1380
574 265
574 804
574 1122
574 1678
574 1954
575 492
575 1030
576 12
576 133
576 261
576 301
576 688
576 706
576 800
576 976
576 1048
576 1626
576 1890
577 54
577 148
577 232
577 531
577 1025
577 1120
577 1200
577 1264
577 1411
577 1624
578 98
578 608
578 664
578 711
578 1030
578 1068
578 1124
578 1324
578 1382
578 1993
579 34
579 42
579 150
579 274
579 784
580 6
580 24
580 33
580 176
580 336
580 640
580 1034
580 1420
580 1584
580 1805
580 2005
581 109
581 187
581 261
581 434
581 692
581 787
581 1112
581 1281
581 1306
581 1441
581 1819
581 1936
582 39
582 41
582 72
582 160
582 198
582 257
582 369
582 704
582 1627
583 11
583 15
583 886
583 1041
583 1109
583 1669
583 1735
584 24
584 146
584 402
584 471
584 548
584 817
584 1037
584 1201
584 1204
584 1682
585 12
585 266
585 332
585 528
585 1441
585 1668
585 1863
586 263
586 306
586 564
586 1152
586 1324
587 27
587 232
587 368
587 1056
588 34
588 106
588 388
588 520
588 1056
588 1219
588 1328
589 17
589 909
589 1057
590 153
590 564
590 1033
590 1450
590 1709
591 1168
592 48
592 51
592 64
592 192
592 363
592 385
592 483
592 569
592 596
592 609
592 611
592 1217
592 1395
593 92
593 212
593 1034
593 1040
593 1048
593 1103
593 1155
594 16
594 198
594 258
594 273
594 978
594 1026
594 1172
595 25
595 898
595 1464
596 8
596 1093
596 1811
597 261
597 268
597 320
597 667
598 40
598 98
598 140
598 150
598 678
598 1184
598 1301
598 1354
598 1704
599 10
599 129
599 721
600 899
600 901
600 1841
600 2028
601 66
601 1066
601 1280
601 1378
601 1662
602 103
602 359
602 1667
603 432
604 325
604 1340
604 1455
604 1797
605 146
605 282
605 304
606 8
606 35
606 97
606 241
606 910
607 196
608 5
608 45
608 145
608 153
608 168
608 256
608 597
608 640
608 776
608 1263
608 1555
609 226
609 265
609 288
609 1304
609 1605
609 1910
610 0
610 166
610 427
610 456
610 614
610 1988
611 50
611 181
611 206
611 244
611 330
611 335
611 1021
611 1272
611 1379
611 1434
612 512
612 618
612 890
612 1024
612 1028
612 1265
612 1652
612 1858
613 614
613 1071
614 92
614 788
614 1536
615 904
615 1420
616 277
616 706
616 928
616 1026
616 1045
616 1121
616 1152
616 1681
617 130
617 320
617 520
617 538
617 1187
617 1792
618 200
618 449
618 606
619 563
620 262
620 590
620 804
620 903
620 1076
621 129
621 137
621 1089
621 1306
622 272
622 626
622 916
624 436
624 451
624 588
624 784
624 1281
624 1782
625 256
625 262
626 128
626 136
626 196
626 545
626 1068
626 1346
626 1602
626 1964
627 6
627 807
627 1731
628 330
628 546
628 1043
630 16
630 290
630 395
630 1040
630 1236
631 781
631 1344
632 849
632 932
632 1544
632 1657
632 2017
633 553
635 14
635 804
636 546
636 1083
636 1204
636 1248
638 1305
640 51
640 67
640 80
640 104
640 131
640 235
640 289
640 314
640 320
640 326
640 384
640 412
640 433
640 530
640 596
640 617
640 1056
640 1067
640 1089
640 1096
640 1154
640 1250
640 1337
640 1417
640 1536
640 1552
640 1569
640 1712
640 2000
641 0
641 8
641 14
641 26
641 181
641 372
641 784
641 840
641 940
641 1233
641 1647
641 1733
642 536
642 640
642 1124
642 1236
642 1298
643 21
643 106
643 288
643 326
643 403
643 810
643 896
643 1028
643 1032
643 1094
643 1794
643 1832
644 0
644 4
644 96
644 97
644 196
644 289
644 297
644 417
644 512
644 513
644 524
644 804
644 1066
644 1587
644 1613
645 80
645 553
645 1400
645 1408
646 33
646 466
646 584
646 664
646 832
646 1444
646 1672
647 274
647 792
648 0
648 131
648 182
648 202
648 549
648 580
648 1045
648 1383
648 1628
648 1730
649 1
649 5
649 112
649 280
649 340
649 387
649 695
649 979
649 1349
649 1430
649 1794
649 1829
650 45
650 156
650 1480
651 4
651 464
651 1589
652 96
652 432
652 448
652 635
653 56
653 773
653 1460
654 452
654 817
654 1116
655 1185
656 8
656 57
656 409
656 1001
656 1025
656 1389
656 1552
657 128
657 324
657 558
657 1077
657 1091
657 1552
658 49
658 116
658 224
658 596
658 706
658 777
658 912
658 1297
658 1412
659 0
659 167
659 280
659 1696
660 257
660 321
660 626
660 1124
660 1400
661 64
661 512
661 826
662 290
662 322
662 811
662 1064
662 1202
663 129
663 138
663 192
663 321
663 1413
664 3
664 18
664 138
664 185
664 241
664 419
664 624
664 1030
664 2024
665 0
665 352
665 673
665 781
666 12
666 344
666 392
666 1101
666 1411
667 272
667 1398
667 1413
667 1553
668 81
668 584
668 833
668 1398
668 1677
669 1
669 315
669 1168
670 168
670 1029
671 4
672 0
672 104
672 274
672 278
672 449
672 513
672 514
672 534
672 593
672 1060
672 1090
672 1518
672 1808
673 38
673 212
673 527
673 530
673 776
673 851
673 897
673 978
673 1168
673 1496
674 33
674 40
674 773
674 777
674 931
674 1049
674 1126
675 278
675 1025
675 1038
675 1090
676 67
676 83
676 290
676 591
676 1120
677 52
677 261
677 408
677 706
677 1063
677 1084
677 1161
677 1414
678 2
678 32
678 160
678 316
678 524
678 1826
679 98
679 193
679 977
679 1590
679 1726
680 66
680 257
680 259
680 320
680 354
680 389
680 392
680 720
680 898
680 1037
680 1092
680 1476
680 1875
680 1876
681 132
681 1059
681 1342
681 1976
682 22
682 68
682 1088
682 1185
682 1408
682 1413
683 584
683 716
684 50
684 273
684 776
684 1475
686 352
686 517
687 1241
688 0
688 226
688 256
688 426
688 521
688 911
688 1028
688 1411
690 89
690 480
690 1088
690 1310
690 1363
690 1831
691 162
691 270
691 1058
691 1361
692 39
692 904
692 1536
693 561
693 1664
694 158
694 164
694 258
694 273
694 468
694 724
695 1034
695 1043
695 1099
695 1328
696 80
697 2
697 65
697 437
697 1133
697 1370
698 1552
699 584
699 646
700 2
700 220
700 247
700 765
700 1048
700 1441
701 577
702 373
702 408
702 536
703 684
704 14
704 67
704 72
704 79
704 88
704 360
704 409
704 422
704 779
704 1024
704 1077
704 1423
704 1670
705 520
705 778
705 1157
705 1254
706 1
706 3
706 17
706 167
706 722
706 785
706 1192
707 70
707 450
707 693
707 1216
707 1560
707 1808
708 1681
708 1733
709 804
710 1
710 80
710 403
710 1051
710 1088
710 1208
711 40
711 45
711 1045
712 6
712 92
712 128
712 233
712 515
712 1088
712 1109
712 1327
712 1544
713 10
713 22
713 618
713 653
713 960
713 1037
713 1042
713 1250
714 32
714 1281
714 1603
715 268
715 920
716 69
716 83
716 550
716 1132
716 1352
717 77
717 526
717 1884
718 88
718 208
718 1036
718 1063
718 1421
718 1856
719 297
720 98
720 260
720 529
720 706
720 936
720 1288
720 1646
721 36
721 108
721 219
721 513
721 1546
721 1891
722 62
722 1331
723 30
724 51
724 146
724 266
724 852
724 1220
725 816
726 8
726 64
726 1111
726 1358
727 276
727 1043
727 1610
728 58
728 1064
728 1176
728 1477
729 188
729 364
729 524
729 852
729 1198
730 0
730 32
730 1156
732 4
732 128
732 280
732 1056
732 1941
733 1040
734 300
735 0
736 136
736 147
736 354
736 502
736 578
737 132
737 418
737 488
737 1098
738 26
738 86
738 450
738 1368
739 78
739 1033
739 1227
740 216
741 1297
742 33
742 530
742 1936
743 794
744 8
744 424
744 1234
744 1545
744 1803
745 65
745 768
745 1557
746 164
746 1027
746 1460
746 1603
746 1830
747 272
747 736
747 1044
748 513
748 771
748 1091
748 1456
749 150
749 322
749 905
750 774
750 901
750 1238
751 207
752 136
752 329
752 772
752 1037
753 1
753 142
753 162
753 1412
754 57
754 258
754 330
754 1234
755 1030
756 16
756 600
756 1281
757 292
757 786
758 1329
758 1388
760 0
760 133
760 191
760 280
760 456
760 494
760 1094
761 517
761 642
763 392
764 676
765 212
767 1209
768 0
768 11
768 24
768 34
768 38
768 49
768 76
768 146
768 151
768 246
768 340
768 645
768 1040
768 1448
768 1558
768 1668
768 1696
768 1882
769 24
769 68
769 96
769 128
769 359
769 674
769 1547
769 1666
770 38
770 63
770 87
770 90
770 145
770 476
770 512
770 523
770 544
770 619
770 642
770 1025
770 1064
770 1284
770 1573
771 136
771 561
771 670
771 873
771 1046
771 1155
771 1568
772 16
772 38
772 70
772 88
772 138
772 528
772 832
772 1128
772 1258
772 1281
772 1514
773 16
773 52
773 385
773 577
773 1051
773 1164
773 1891
774 8
774 99
774 136
774 156
774 225
774 442
774 612
774 1028
774 1314
775 97
775 149
775 677
775 944
775 1136
775 1288
776 18
776 149
776 214
776 389
776 609
776 756
776 1280
776 1329
776 1421
776 1473
776 1600
777 3
777 90
777 327
777 480
777 1024
777 1028
777 1369
777 1964
778 155
778 208
778 525
779 99
779 163
779 200
779 330
779 512
780 66
780 81
780 272
780 356
780 917
780 996
780 1865
781 76
781 328
781 402
781 520
781 1664
782 16
782 104
782 226
782 514
782 657
782 740
782 1191
782 1504
782 1652
782 1953
783 37
783 648
784 539
784 1116
784 1269
784 1536
784 1865
784 1953
784 1961
785 48
785 128
785 368
785 722
785 1412
786 430
786 1030
786 1868
787 527
788 12
788 26
788 432
788 452
788 540
788 794
789 45
789 438
789 675
789 769
789 1129
789 1296
789 1594
790 20
790 834
790 1481
791 67
791 396
791 805
791 1031
791 1077
791 1090
791 1601
792 5
792 116
792 1252
792 1474
792 1602
792 1616
793 32
793 51
793 64
793 385
793 1537
793 1618
794 658
794 804
795 142
796 6
796 1086
796 1488
796 1874
797 1148
798 784
799 16
799 2000
800 18
800 259
800 454
800 1153
800 1712
800 1792
801 256
801 452
801 1420
801 1525
802 100
802 312
802 359
802 386
802 624
802 801
802 936
802 1044
803 8
803 21
803 48
803 210
803 261
803 512
803 606
804 1088
804 1162
804 1441
804 1449
804 1816
805 77
805 99
805 636
805 1233
805 1698
806 34
806 210
806 1405
807 1035
808 92
808 257
808 260
808 589
808 1440
808 1476
808 1802
808 2002
809 636
809 778
809 1352
810 301
810 514
810 552
810 1140
810 1427
810 1804
810 1835
811 174
811 258
811 274
811 384
811 1080
811 1133
812 1385
813 454
813 1036
815 64
815 805
815 1433
816 321
816 435
816 464
816 476
816 1350
816 1360
817 10
817 197
817 312
817 708
817 1128
817 1234
817 1826
818 48
818 66
818 132
818 220
818 1256
818 1428
818 1434
819 160
819 384
819 1191
820 110
820 280
820 769
820 1045
820 1154
821 36
821 443
823 809
823 1158
824 370
824 412
824 793
824 832
824 904
824 2018
825 22
825 100
825 598
825 661
825 1185
825 1216
826 182
826 1201
826 1315
826 1861
828 8
828 513
828 586
828 1281
828 1504
828 1817
829 194
829 288
830 425
832 7
832 59
832 310
832 520
832 554
832 560
832 864
833 324
833 513
833 937
833 1028
833 1030
833 1186
833 1320
834 12
834 33
834 141
834 152
834 256
834 539
834 554
834 1073
834 1564
834 1728
835 55
835 250
836 64
836 88
836 524
836 1024
836 1056
836 1244
836 1626
837 226
837 869
837 1220
838 41
838 1217
838 1218
838 1428
839 2
839 352
839 581
839 1458
839 1657
840 76
840 128
840 551
840 569
840 854
840 1138
840 1469
840 1968
840 1977
841 1190
841 1213
841 1632
841 1686
842 21
842 640
842 720
843 118
843 1979
844 176
844 388
844 392
844 843
844 910
844 1449
845 768
845 1344
846 336
846 408
846 1040
846 1047
846 1296
847 134
848 66
848 129
848 568
848 723
848 1031
849 18
849 122
849 209
850 130
850 352
850 1289
850 1541
850 1588
851 309
851 772
852 340
852 579
852 960
852 1026
852 1062
852 1078
852 1744
852 1801
853 7
853 915
853 1204
853 1432
854 12
854 545
854 1024
854 1316
854 1373
857 38
857 186
857 304
857 1159
857 1418
857 1893
858 168
858 1811
859 320
862 120
862 1538
863 192
864 144
864 264
864 556
864 624
864 1218
864 1424
865 5
865 6
865 1552
866 21
866 520
866 720
867 32
867 934
867 1056
867 1413
868 563
868 1285
869 229
870 1052
870 1408
870 1847
871 49
872 153
872 515
872 1408
872 1654
872 1860
873 23
873 386
873 889
873 1546
873 1621
873 2000
874 265
875 10
875 286
875 518
875 811
876 5
876 67
876 190
876 717
876 1281
877 705
880 14
880 96
880 297
880 645
880 855
880 1203
880 1536
880 1556
880 1686
881 616
881 800
881 1105
882 768
883 1092
884 37
884 944
884 1548
885 28
887 182
888 55
888 137
888 576
888 1130
888 1152
888 1165
889 1692
890 537
890 1057
891 326
892 130
892 200
892 712
892 768
892 1152
893 405
894 1265
895 5
896 33
896 114
896 134
896 137
896 158
896 385
896 416
896 512
896 524
896 576
896 787
896 1037
896 1152
896 1161
896 1244
896 1286
896 1547
896 1706
896 1737
897 2
897 328
897 513
897 656
897 692
897 1076
897 1426
897 1944
898 52
898 515
898 940
898 1028
898 1070
898 1585
899 8
899 144
899 382
899 464
899 679
899 1209
899 1730
900 7
900 205
900 774
901 4
901 865
901 1665
901 1929
902 192
902 644
902 1811
903 97
903 388
903 1058
903 1510
904 240
905 64
905 453
905 1032
905 1516
906 310
906 530
906 858
906 1408
906 1424
907 276
907 336
907 1731
908 514
908 1539
909 176
909 257
909 1793
910 85
910 98
910 227
910 1569
912 41
912 48
912 113
912 516
912 520
912 527
912 533
912 1387
913 1260
914 424
914 1176
914 1281
915 1267
915 1542
915 1761
916 513
916 644
916 1154
916 1316
916 1834
917 24
917 1614
917 1680
918 29
918 58
918 165
918 1544
920 144
920 1045
920 1152
920 1476
921 613
922 658
922 1046
923 275
923 276
923 1414
924 353
925 683
927 905
928 0
928 129
928 557
928 579
928 817
928 1167
928 1168
928 1169
928 1360
928 1544
928 1613
928 1920
929 518
929 530
929 572
929 1227
930 5
930 45
930 70
930 85
931 656
931 1240
931 1348
932 65
932 451
932 1181
932 1373
932 1900
932 1976
933 257
934 225
934 529
934 556
934 901
936 256
937 48
937 1860
938 432
938 999
938 1601
939 1212
940 27
940 1525
941 648
941 1936
942 529
944 38
944 364
944 818
944 1024
945 5
945 225
945 303
945 370
945 845
945 900
945 1120
946 513
946 529
946 564
946 1308
947 441
947 536
947 1098
948 424
948 434
948 458
948 1178
949 384
950 68
950 147
950 169
950 345
951 1985
952 337
952 834
954 326
954 496
954 1025
954 1090
955 1544
956 51
956 182
956 643
957 35
957 773
960 13
960 300
960 780
960 1038
960 1044
960 1105
960 1120
960 1185
960 1287
960 1361
961 768
961 778
961 824
961 1025
961 1034
962 2
962 11
962 36
962 64
962 119
962 272
962 432
962 717
962 1140
962 1826
963 8
963 170
964 257
964 800
964 1412
966 593
966 603
966 1192
966 1425
967 129
967 1356
968 309
968 754
968 833
968 1025
968 1258
968 1286
968 1804
969 178
969 1362
969 1410
970 16
970 384
971 383
971 646
971 1602
972 5
972 130
972 736
972 852
973 357
975 92
975 1250
976 2
976 4
976 113
976 228
976 534
976 569
976 1092
976 1156
976 1221
976 1580
977 5
977 18
977 234
977 288
977 1079
978 471
978 553
978 1138
978 1424
978 1542
979 1410
979 1668
980 24
980 296
980 1314
980 1441
980 1536
982 1961
983 1066
983 1538
984 6
984 642
985 1746
985 1997
986 998
986 1835
987 587
989 1355
990 8
990 1056
990 1166
990 1346
991 51
992 23
992 72
992 271
992 1206
993 1315
993 1538
994 31
994 68
994 168
994 522
994 1249
996 82
996 542
996 1868
997 512
997 1728
998 716
1000 156
1000 1283
1001 30
1002 1161
1002 1684
1003 256
1004 770
1004 792
1004 1104
1004 1153
1004 1950
1005 200
1005 688
1005 1136
1006 20
1007 1962
1008 521
1008 2006
1009 56
1011 643
1011 714
1013 801
1013 1168
1014 1568
1016 1059
1017 0
1019 681
1019 788
1023 17
1023 1508
1024 1
1024 64
1024 82
1024 134
1024 187
1024 194
1024 230
1024 245
1024 288
1024 297
1024 322
1024 492
1024 512
1024 518
1024 520
1024 552
1024 565
1024 586
1024 643
1024 646
1024 756
1024 769
1024 895
1024 1042
1024 1058
1024 1090
1024 1168
1024 1208
1024 1293
1024 1314
1024 1491
1024 1553
1024 1880
1024 1936
1024 2011
1025 22
1025 32
1025 52
1025 88
1025 100
1025 345
1025 393
1025 422
1025 524
1025 742
1025 789
1025 1014
1025 1068
1025 1100
1025 1156
1025 1233
1025 1364
1025 1481
1026 17
1026 85
1026 128
1026 162
1026 184
1026 337
1026 626
1026 644
1026 657
1026 1032
1026 1163
1026 1380
1026 1385
1026 1666
1026 1866
1027 525
1027 633
1027 744
1027 1102
1027 1260
1028 641
1028 779
1028 962
1028 1028
1028 1242
1028 1344
1028 1413
1028 1536
1028 1573
1028 1616
1029 96
1029 727
1029 778
1029 910
1029 1096
1029 1152
1029 1600
1030 386
1030 452
1030 463
1030 768
1030 1285
1030 1327
1030 1438
1030 1736
1031 146
1031 163
1031 810
1031 1305
1032 1
1032 8
1032 12
1032 35
1032 44
1032 128
1032 131
1032 147
1032 204
1032 388
1032 565
1032 576
1032 833
1032 909
1032 1072
1032 1197
1032 1600
1032 1608
1032 1618
1032 1708
1033 1
1033 7
1033 155
1033 394
1033 510
1033 514
1033 578
1033 680
1033 1104
1033 1281
1033 2001
1034 24
1034 44
1034 64
1034 312
1034 389
1034 577
1034 677
1034 784
1034 1160
1034 1162
1034 1532
1034 1545
1034 1642
1035 0
1035 260
1035 292
1035 447
1035 682
1035 688
1035 1025
1035 1173
1035 1408
1036 0
1036 8
1036 21
1036 213
1036 264
1036 399
1036 431
1036 452
1036 1124
1036 1614
1036 1920
1037 3
1037 36
1037 65
1037 203
1037 281
1037 772
1037 1027
1037 2035
1038 10
1038 25
1038 47
1038 160
1038 365
1038 944
1038 1024
1038 1031
1038 1168
1038 1594
1039 58
1039 209
1039 350
1039 1293
1039 1568
1039 1672
1039 1840
1040 4
1040 44
1040 50
1040 137
1040 171
1040 221
1040 258
1040 384
1040 465
1040 520
1040 525
1040 1192
1040 1317
1040 1329
1041 3
1041 25
1041 28
1041 64
1041 385
1041 576
1041 771
1041 819
1041 1043
1041 1195
1041 1664
1042 5
1042 32
1042 34
1042 80
1042 368
1042 446
1042 768
1042 1032
1042 1056
1042 1144
1042 1276
1042 1432
1042 1549
1043 0
1043 177
1043 224
1043 298
1043 648
1043 669
1043 769
1043 896
1043 1313
1043 1324
1043 1358
1043 1896
1044 6
1044 73
1044 76
1044 129
1044 138
1044 172
1044 232
1044 1061
1044 1577
1044 1640
1045 82
1045 337
1045 393
1045 448
1045 821
1045 872
1045 1090
1045 1095
1045 1365
1045 1792
1045 1888
1046 44
1046 176
1046 336
1046 612
1047 6
1047 272
1047 520
1047 1034
1048 4
1048 16
1048 28
1048 35
1048 82
1048 86
1048 131
1048 141
1048 192
1048 260
1048 284
1048 865
1048 1025
1048 1160
1048 1314
1049 55
1049 320
1049 1228
1049 1462
1049 1928
1050 32
1050 193
1050 260
1050 1009
1050 1064
1050 1187
1050 1456
1050 1552
1051 576
1051 1035
1052 10
1052 514
1052 640
1052 809
1052 832
1052 1414
1052 1795
1052 1797
1053 0
1053 50
1053 778
1053 1078
1053 1391
1054 219
1054 292
1054 468
1054 1805
1055 60
1055 128
1055 135
1055 241
1055 593
1055 843
1055 904
1055 1846
1055 1908
1056 0
1056 13
1056 16
1056 36
1056 108
1056 119
1056 148
1056 329
1056 458
1056 653
1056 784
1056 856
1056 898
1056 1055
1056 1059
1056 1128
1056 1292
1056 1562
1056 1569
1056 1728
1056 1920
1056 1928
1056 1936
1057 66
1057 274
1057 322
1057 525
1057 589
1057 820
1057 1060
1057 1793
1058 3
1058 129
1058 133
1058 140
1058 354
1058 404
1058 658
1058 1152
1058 1209
1059 16
1059 152
1059 417
1059 1045
1059 1089
1059 1104
1060 11
1060 178
1060 241
1060 267
1060 429
1060 517
1060 612
1060 788
1060 1746
1061 131
1061 244
1061 288
1061 579
1061 628
1061 846
1061 1098
1061 1344
1061 1571
1062 24
1062 39
1062 68
1062 97
1062 297
1062 298
1062 352
1062 612
1062 1192
1063 21
1063 34
1063 128
1063 276
1063 390
1063 592
1063 600
1063 797
1063 1120
1063 1985
1064 28
1064 65
1064 259
1064 338
1064 529
1064 1148
1064 1466
1064 1898
1065 156
1065 352
1065 384
1065 512
1065 902
1065 930
1065 1200
1065 1542
1066 20
1066 34
1066 43
1066 82
1066 158
1066 232
1066 265
1066 918
1066 1184
1066 1489
1067 8
1067 165
1067 544
1067 545
1067 864
1067 1344
1068 128
1068 256
1068 280
1068 1227
1069 545
1069 641
1069 1056
1069 1120
1069 1445
1070 16
1070 90
1070 264
1070 1853
1071 1280
1071 1536
1072 270
1072 423
1072 589
1072 1493
1072 1545
1072 1594
1072 1618
1072 1984
1073 117
1073 322
1073 518
1073 610
1073 731
1073 774
1073 1044
1073 1069
1073 1094
1074 0
1074 192
1074 308
1074 597
1074 1107
1075 1
1075 6
1075 96
1075 265
1075 436
1075 545
1075 1037
1076 32
1076 123
1076 256
1076 330
1076 582
1076 929
1076 1100
1076 1444
1076 1530
1077 40
1077 194
1077 294
1077 800
1077 1579
1078 12
1078 426
1078 1419
1079 677
1080 118
1080 132
1080 512
1080 578
1080 1048
1080 1249
1080 1281
1081 25
1081 34
1081 53
1081 259
1081 270
1081 516
1081 707
1081 708
1081 1537
1081 1761
1082 251
1082 290
1082 649
1082 1072
1082 1158
1082 1440
1083 112
1083 142
1083 805
1083 1120
1084 65
1085 217
1086 321
1087 0
1087 97
1087 1091
1088 39
1088 66
1088 288
1088 327
1088 408
1088 539
1088 558
1088 625
1088 671
1088 952
1088 1027
1088 1032
1088 1055
1088 1093
1088 1210
1088 1290
1088 1307
1088 1315
1088 1344
1088 1352
1088 1358
1088 1680
1088 1762
1089 82
1089 88
1089 147
1089 385
1089 464
1089 512
1089 632
1089 725
1089 952
1089 1184
1089 1814
1089 1988
1090 11
1090 25
1090 130
1090 529
1090 536
1090 558
1090 643
1090 682
1090 689
1090 1123
1090 1302
1090 1424
1090 1613
1090 1816
1091 10
1091 322
1091 397
1091 994
1091 1041
1091 1323
1091 1656
1092 208
1092 290
1092 322
1092 564
1092 804
1092 940
1092 960
1092 1169
1092 1846
1093 702
1093 768
1093 849
1093 1490
1093 1643
1093 1795
1094 260
1094 288
1094 512
1094 524
1094 1142
1094 1194
1094 1284
1094 1539
1095 32
1095 44
1095 105
1095 581
1095 720
1095 1214
1095 1682
1096 35
1096 80
1096 97
1096 110
1096 302
1096 320
1096 493
1096 526
1096 780
1096 802
1096 1666
1096 1764
1097 1026
1097 1057
1097 1483
1098 2
1098 176
1098 268
1098 513
1098 1615
1099 8
1099 448
1099 563
1099 596
1099 1153
1100 89
1100 163
1100 198
1100 366
1100 662
1100 1266
1101 133
1101 160
1101 306
1101 391
1101 869
1102 24
1102 1196
1103 274
1103 516
1103 1226
1104 256
1104 308
1104 654
1104 896
1104 930
1104 1027
1104 1183
1105 0
1105 4
1105 919
1105 1176
1105 1264
1105 1664
1105 1794
1106 2
1106 88
1106 1198
1106 1440
1106 1594
1107 300
1107 1454
1108 120
1108 300
1108 585
1109 514
1109 801
1110 250
1110 420
1110 520
1110 1372
1111 1480
1112 66
1112 312
1112 545
1112 782
1112 1229
1113 517
1113 1068
1114 83
1114 1221
1115 1
1115 64
1115 202
1115 1289
1116 36
1116 57
1116 186
1116 242
1116 258
1116 1391
1117 1845
1118 523
1118 641
1118 1160
1120 1
1120 132
1120 138
1120 256
1120 259
1120 322
1120 402
1120 516
1120 1320
1121 292
1121 639
1121 678
1121 800
1121 1760
1122 131
1122 136
1122 137
1122 406
1122 1616
1122 1636
1123 38
1123 337
1124 128
1124 281
1124 527
1124 928
1125 174
1125 180
1125 1120
1125 1284
1125 1797
1126 1254
1127 176
1127 1296
1128 0
1128 15
1128 200
1128 579
1128 783
1128 1057
1129 120
1129 976
1129 1670
1130 74
1130 1554
1131 328
1131 1544
1131 1555
1132 8
1132 172
1132 312
1132 448
1132 1974
1132 2003
1133 458
1133 1371
1133 1634
1134 654
1134 1026
1134 1056
1134 1316
1134 1633
1136 122
1136 133
1136 480
1136 548
1136 800
1136 851
1136 1260
1136 1536
1137 1699
1137 2007
1138 517
1139 8
1139 128
1139 1794
1139 1816
1140 43
1140 68
1140 1571
1140 1746
1141 448
1141 776
1141 1218
1141 1424
1142 216
1142 277
1142 330
1142 560
1142 1031
1143 33
1143 514
1143 1972
1144 0
1144 186
1144 406
1144 1026
1144 1027
1144 1152
1144 1168
1144 1344
1145 8
1146 9
1146 37
1146 73
1146 76
1146 385
1146 572
1146 947
1146 1096
1146 1408
1147 1288
1148 136
1148 1030
1151 1101
1151 1297
1152 2
1152 12
1152 43
1152 80
1152 148
1152 161
1152 173
1152 201
1152 400
1152 408
1152 514
1152 536
1152 555
1152 584
1152 1024
1152 1040
1152 1282
1152 1335
1152 1840
1153 36
1153 41
1153 61
1153 254
1153 434
1153 544
1153 811
1153 970
1153 1152
1153 1188
1153 1400
1153 1571
1154 16
1154 20
1154 333
1154 818
1154 848
1154 1025
1154 1190
1154 1489
1154 1608
1154 1815
1155 48
1155 89
1155 852
1155 1280
1155 1810
1155 1956
1156 62
1156 323
1156 451
1156 566
1156 1056
1156 1066
1156 1537
1156 1694
1156 1804
1157 0
1157 142
1157 513
1157 577
1157 658
1158 84
1158 144
1158 168
1158 294
1158 520
1158 537
1158 548
1158 615
1158 1032
1159 457
1159 667
1159 1603
1160 39
1160 66
1160 78
1160 224
1160 256
1160 1040
1160 1111
1160 1196
1160 1372
1160 1545
1161 50
1161 128
1161 391
1161 549
1161 1984
1162 0
1162 272
1162 316
1162 899
1162 1033
1162 1560
1162 1811
1163 54
1163 389
1164 8
1164 12
1164 64
1164 298
1164 384
1164 598
1164 940
1164 1047
1164 1584
1164 1601
1165 76
1165 1370
1166 19
1166 320
1166 1062
1166 1296
1166 1577
1167 78
1167 1056
1167 1396
1168 29
1168 36
1168 48
1168 80
1168 85
1168 128
1168 576
1168 737
1168 840
1168 1185
1168 1217
1169 8
1169 66
1169 1140
1169 1539
1170 259
1170 340
1170 401
1170 840
1170 972
1170 1049
1170 1290
1170 1540
1170 1592
1170 1661
1171 75
1171 200
1171 882
1171 1908
1172 1
1172 135
1172 418
1172 448
1172 1041
1172 1086
1172 1673
1173 389
1173 552
1173 922
1173 1395
1174 70
1174 150
1174 176
1174 643
1175 1152
1175 1545
1176 321
1176 633
1176 800
1176 1517
1177 830
1177 1322
1178 562
1178 577
1178 962
1178 1028
1178 1364
1179 1338
1180 48
1180 289
1180 384
1180 514
1181 186
1181 227
1181 1153
1181 1582
1181 1952
1182 1328
1183 6
1183 8
1183 65
1183 1284
1184 281
1184 392
1184 536
1184 601
1184 834
1184 1048
1184 1194
1184 1206
1184 1331
1184 1619
1184 1794
1185 8
1185 66
1185 67
1185 72
1185 182
1185 225
1185 1330
1185 1409
1186 194
1186 969
1186 1284
1187 0
1187 19
1187 57
1187 290
1187 532
1187 1288
1187 1505
1188 1026
1188 1152
1189 10
1189 721
1189 1536
1189 1621
1189 1632
1190 8
1190 385
1190 698
1190 736
1190 1028
1190 1793
1192 144
1192 352
1192 563
1192 670
1192 933
1192 1291
1192 1576
1192 1600
1192 1603
1192 1845
1193 175
1193 640
1193 770
1193 1435
1193 1733
1194 137
1194 305
1194 359
1194 536
1195 88
1195 256
1195 570
1195 1072
1196 192
1196 210
1196 260
1196 411
1196 778
1196 1026
1196 1104
1196 1544
1196 1761
1197 451
1197 576
1197 1066
1198 36
1198 704
1198 1240
1198 1384
1199 130
1199 137
1199 1540
1200 1026
1200 1257
1201 448
1201 784
1201 1187
1201 1672
1202 95
1202 396
1202 1042
1202 1088
1203 1911
1204 16
1204 704
1204 1103
1204 1920
1205 4
1205 166
1205 518
1205 778
1205 946
1205 1264
1205 1583
1206 21
1206 167
1206 564
1206 649
1206 1033
1207 1384
1208 104
1208 292
1208 405
1208 644
1208 1053
1209 269
1209 1225
1210 1812
1211 251
1211 568
1211 1180
1212 7
1212 210
1212 254
1213 1798
1214 160
1214 1638
1215 666
1216 2
1216 32
1216 96
1216 116
1216 124
1216 268
1216 768
1216 1488
1216 1712
1216 1921
1217 326
1217 444
1217 1308
1217 1664
1218 0
1218 58
1218 128
1218 194
1218 328
1218 714
1218 802
1219 24
1219 129
1219 289
1219 572
1219 1329
1220 32
1220 111
1220 203
1220 481
1220 544
1220 1129
1220 1847
1220 1924
1221 417
1221 488
1221 1562
1222 2
1222 1805
1223 512
1223 768
1223 1096
1224 161
1224 272
1224 515
1224 674
1224 788
1224 852
1224 1207
1224 1232
1225 20
1225 48
1225 405
1225 1088
1225 1112
1225 1248
1225 1873
1226 220
1226 272
1226 520
1226 672
1226 675
1226 1968
1227 1040
1227 1280
1228 100
1228 1280
1229 134
1229 301
1229 1810
1230 50
1230 1029
1231 849
1231 931
1231 1606
1232 148
1232 546
1232 1422
1232 1568
1232 1816
1233 48
1233 112
1233 354
1233 1096
1234 4
1235 332
1235 576
1235 896
1235 1350
1236 161
1236 648
1236 1128
1237 49
1237 840
1237 1572
1238 272
1238 369
1238 1737
1239 132
1239 546
1239 687
1239 1281
1239 1562
1240 380
1240 417
1240 522
1240 740
1240 1025
1241 24
1241 25
1241 512
1242 109
1242 1026
1242 1096
1244 23
1244 36
1244 818
1244 1033
1245 203
1246 320
1246 1638
1247 71
1247 115
1248 80
1248 281
1248 448
1248 737
1248 768
1248 1045
1248 1808
1249 18
1249 27
1249 152
1249 300
1249 965
1249 1025
1249 1109
1250 96
1250 288
1251 516
1251 668
1251 769
1252 81
1252 130
1252 255
1252 616
1252 1040
1252 1041
1253 173
1253 1922
1254 4
1255 1025
1256 129
1256 182
1256 576
1256 824
1256 1536
1256 1683
1257 800
1257 1951
1258 576
1258 918
1258 1120
1259 81
1260 521
1260 645
1260 1024
1261 192
1261 1122
1261 1504
1262 1058
1263 22
1264 66
1264 518
1264 578
1264 1016
1264 1804
1264 1988
1265 551
1266 201
1267 524
1267 996
1267 1032
1268 0
1268 561
1268 1133
1268 1346
1269 398
1270 745
1270 1408
1271 263
1271 1304
1272 256
1272 354
1272 736
1272 773
1273 62
1274 1089
1274 1152
1276 653
1277 40
1278 84
1278 546
1280 34
1280 78
1280 97
1280 128
1280 268
1280 270
1280 338
1280 424
1280 438
1280 513
1280 532
1280 534
1280 548
1280 594
1280 786
1280 961
1280 1025
1280 1033
1280 1088
1280 1170
1280 1549
1280 1744
1281 28
1281 89
1281 130
1281 131
1281 256
1281 348
1281 399
1281 482
1281 523
1281 760
1281 1251
1281 1325
1282 1
1282 48
1282 70
1282 116
1282 152
1282 261
1282 290
1282 333
1282 584
1282 1069
1282 1206
1282 1854
1283 34
1283 57
1283 65
1283 134
1283 250
1283 264
1283 320
1283 708
1283 1290
1283 1401
1284 51
1284 132
1284 142
1284 268
1284 394
1284 520
1284 640
1284 673
1284 774
1284 930
1284 1052
1284 1076
1284 1122
1284 1362
1284 1738
1285 3
1285 33
1285 156
1285 257
1285 415
1285 456
1285 533
1285 780
1285 898
1285 990
1285 1284
1286 292
1286 336
1286 496
1286 526
1286 807
1286 1075
1286 1312
1286 1990
1287 409
1287 781
1287 1417
1287 1556
1288 128
1288 202
1288 290
1288 549
1288 580
1288 742
1288 1013
1288 1106
1288 1160
1288 1799
1289 9
1289 36
1289 138
1289 164
1289 528
1289 898
1289 1156
1289 1259
1289 1597
1289 1712
1290 9
1290 11
1290 53
1290 241
1290 517
1290 656
1290 960
1290 1538
1290 1602
1291 864
1291 1636
1292 237
1292 532
1292 1024
1292 1236
1293 144
1293 566
1294 291
1294 390
1294 1233
1296 18
1296 26
1296 30
1296 76
1296 292
1296 293
1296 512
1296 832
1296 1048
1296 1208
1296 1218
1296 1281
1296 1416
1297 387
1297 392
1297 640
1298 6
1298 7
1298 106
1298 321
1298 378
1298 869
1298 1169
1298 1184
1298 1408
1298 1672
1298 1808
1298 1829
1299 32
1299 612
1299 840
1299 882
1299 1589
1300 32
1300 616
1300 1748
1301 3
1301 4
1301 162
1301 256
1301 384
1301 658
1302 125
1302 312
1302 482
1302 516
1302 1604
1302 1700
1302 1792
1303 672
1304 2
1304 153
1304 390
1304 581
1304 1328
1304 1864
1305 305
1305 366
1305 1024
1306 5
1306 161
1306 780
1306 1008
1306 1090
1307 159
1307 860
1307 1232
1308 37
1308 496
1308 658
1308 904
1308 1074
1308 1378
1308 1792
1308 1941
1309 40
1309 712
1310 52
1310 621
1310 1090
1310 1860
1312 0
1312 8
1312 89
1312 136
1312 152
1312 521
1312 569
1312 584
1312 688
1312 1155
1312 1185
1313 133
1313 135
1313 142
1313 402
1313 1128
1313 1814
1313 2020
1314 7
1314 129
1314 225
1314 392
1314 435
1314 727
1314 1131
1314 1681
1315 864
1315 1416
1315 1802
1316 222
1317 19
1317 272
1317 1035
1317 1836
1318 1
1318 2
1318 17
1318 101
1318 1096
1318 1923
1319 19
1319 693
1319 1736
1320 32
1321 52
1321 548
1321 551
1321 772
1321 1960
1322 4
1322 296
1322 1120
1322 1225
1322 1286
1323 88
1323 168
1323 794
1324 257
1324 1045
1324 1154
1324 1593
1324 1680
1325 1052
1326 1157
1326 1297
1327 26
1327 389
1327 1262
1328 131
1328 141
1328 268
1328 346
1328 374
1328 616
1328 1080
1328 1093
1328 1290
1329 4
1329 144
1329 272
1329 776
1329 1058
1329 1076
1329 1091
1329 1363
1329 1681
1330 1
1330 388
1330 484
1330 585
1330 1030
1331 866
1331 1083
1332 119
1332 520
1332 521
1332 545
1332 1025
1332 1568
1332 2017
1333 101
1333 154
1333 418
1333 567
1333 1727
1334 77
1334 1114
1334 1577
1335 162
1335 1096
1336 72
1336 79
1336 128
1336 336
1337 904
1338 259
1338 616
1338 896
1340 210
1340 1200
1340 1570
1340 1940
1341 17
1341 64
1341 544
1341 885
1341 1026
1342 419
1342 1152
1342 1318
1342 1721
1343 1680
1344 2
1344 69
1344 123
1344 148
1344 149
1344 156
1344 191
1344 265
1344 588
1344 773
1344 1028
1344 1424
1344 1793
1344 2036
1345 33
1345 1043
1345 1616
1346 91
1346 146
1346 177
1346 206
1346 268
1346 322
1346 423
1346 572
1346 1312
1347 128
1347 290
1347 650
1347 1360
1348 10
1348 52
1348 424
1348 464
1348 541
1348 562
1348 1176
1348 1445
1348 1707
1348 1953
1349 0
1349 12
1349 537
1349 1042
1349 1136
1349 1391
1349 1417
1349 1426
1349 1961
1350 59
1350 333
1350 537
1350 612
1350 979
1351 99
1351 672
1352 416
1352 545
1352 801
1352 1025
1352 1280
1352 1413
1352 1626
1352 1637
1352 1674
1353 32
1353 134
1353 312
1353 1466
1354 145
1354 293
1354 982
1355 384
1355 1139
1355 1312
1356 146
1356 232
1356 1501
1356 1544
1357 593
1357 719
1358 1537
1359 152
1359 1165
1359 1810
1360 0
1360 34
1360 130
1360 1418
1360 1956
1361 73
1361 200
1361 533
1361 537
1361 548
1361 553
1361 1024
1361 1540
1361 1562
1362 133
1362 1153
1362 1176
1362 1621
1363 19
1363 73
1363 1082
1364 74
1364 144
1365 168
1365 266
1366 1
1366 86
1366 268
1366 451
1366 1191
1366 2022
1367 601
1367 1664
1368 76
1368 82
1368 88
1368 770
1368 777
1368 1341
1369 37
1369 132
1369 772
1369 1750
1370 35
1370 260
1370 306
1370 412
1371 40
1371 1296
1372 96
1372 618
1373 386
1375 12
1375 1334
1376 8
1376 32
1376 64
1376 129
1376 156
1376 1032
1376 1260
1376 1298
1377 146
1377 148
1377 384
1377 1282
1377 1315
1377 1610
1378 168
1378 562
1378 1048
1378 1458
1379 80
1379 124
1379 172
1379 274
1379 1124
1379 1819
1380 69
1380 1032
1381 512
1381 592
1382 1
1382 100
1382 305
1382 413
1382 555
1383 920
1383 1856
1384 160
1384 539
1384 1097
1384 1688
1384 1845
1385 261
1385 548
1385 1538
1387 6
1388 113
1388 642
1388 1131
1388 1152
1388 1696
1389 32
1389 272
1390 387
1390 472
1390 577
1390 683
1392 1108
1393 28
1393 70
1393 412
1393 1598
1393 1922
1395 106
1395 720
1396 152
1396 358
1396 1488
1397 1880
1398 8
1398 308
1399 524
1400 25
1400 162
1400 1828
1401 193
1402 26
1404 774
1404 1808
1406 676
1406 1068
1408 51
1408 64
1408 151
1408 512
1408 544
1408 592
1408 643
1408 1057
1408 1577
1408 1873
1408 1892
1408 1932
1409 88
1409 92
1409 128
1409 280
1409 666
1409 1224
1409 1237
1409 1546
1409 1610
1410 189
1410 257
1410 328
1410 349
1410 903
1410 1860
1411 290
1411 320
1411 388
1411 626
1412 6
1412 130
1412 152
1412 157
1412 226
1412 416
1412 514
1412 1168
1412 1347
1412 1425
1413 3
1413 127
1413 330
1413 591
1413 1026
1414 269
1414 1280
1415 465
1415 1794
1416 70
1416 1041
1416 1664
1417 324
1417 1033
1417 1035
1417 1536
1418 50
1418 614
1418 1664
1419 816
1419 1043
1419 1397
1420 560
1420 788
1420 1034
1420 1156
1420 1408
1422 21
1422 1152
1422 1280
1423 32
1423 916
1424 41
1424 77
1424 420
1424 1569
1424 1591
1424 1803
1425 241
1425 293
1425 422
1425 1600
1426 67
1426 520
1426 645
1427 168
1427 787
1427 1041
1427 1834
1428 33
1428 318
1428 518
1428 682
1428 1068
1429 35
1429 80
1430 53
1430 1032
1430 1088
1431 44
1431 1306
1432 18
1432 526
1433 258
1433 512
1433 1122
1433 1560
1434 644
1434 1868
1435 996
1436 502
1436 1285
1436 1297
1436 1769
1437 385
1437 801
1438 260
1440 9
1440 43
1440 212
1440 288
1440 376
1440 544
1440 1136
1440 1213
1440 1560
1440 1801
1441 124
1441 276
1441 312
1441 516
1442 5
1443 263
1443 268
1443 395
1443 665
1444 39
1444 578
1444 652
1444 657
1445 578
1446 27
1446 123
1446 1190
1446 1714
1447 936
1447 943
1448 1025
1448 1120
1448 1355
1448 1566
1449 682
1449 1038
1450 302
1450 1473
1450 1989
1452 116
1452 263
1452 1384
1453 4
1454 524
1454 1889
1456 2
1456 508
1456 1032
1456 1349
1457 80
1458 452
1458 1056
1458 1257
1459 212
1459 314
1459 578
1459 980
1460 370
1461 1348
1462 72
1462 1035
1463 1656
1464 138
1464 584
1464 1335
1464 1797
1465 17
1465 545
1465 568
1465 1172
1466 64
1466 1247
1466 1538
1468 5
1468 64
1468 578
1468 1572
1469 128
1469 209
1470 546
1470 642
1471 311
1472 0
1472 612
1472 787
1472 1458
1472 1730
1473 706
1473 1170
1473 1540
1474 116
1474 236
1474 617
1474 1216
1475 1284
1476 643
1476 664
1476 1616
1476 1658
1477 87
1478 279
1478 1258
1479 128
1479 452
1479 540
1479 542
1479 1176
1480 68
1480 194
1480 209
1480 1136
1480 1540
1480 1666
1480 1736
1481 338
1481 632
1481 1376
1482 18
1482 256
1482 659
1482 1200
1484 67
1484 1668
1485 835
1485 905
1486 979
1486 1554
1486 1792
1487 832
1488 225
1488 1034
1488 1232
1489 6
1490 1122
1491 28
1491 264
1491 396
1491 1349
1492 1316
1492 1596
1492 1601
1492 1683
1493 797
1495 244
1495 516
1496 192
1496 225
1496 461
1498 1609
1499 102
1500 9
1500 36
1501 421
1501 654
1501 1047
1503 1604
1504 4
1504 256
1504 384
1504 448
1504 520
1504 534
1504 682
1504 1124
1505 21
1505 60
1505 64
1505 80
1505 196
1505 353
1505 424
1505 1024
1507 365
1508 64
1509 845
1509 1536
1510 1813
1511 171
1513 16
1513 22
1514 1
1514 644
1514 673
1515 1046
1516 0
1516 1
1516 724
1516 1717
1517 312
1518 145
1520 75
1520 785
1520 1377
1521 525
1521 573
1521 1404
1522 1234
1528 312
1531 1464
1532 144
1532 171
1536 5
1536 20
1536 61
1536 157
1536 341
1536 373
1536 417
1536 512
1536 630
1536 783
1536 955
1536 1030
1536 1362
1536 1472
1536 1613
1536 1662
1536 1735
1537 5
1537 89
1537 248
1537 530
1537 544
1537 707
1537 1208
1537 1286
1537 1509
1537 1840
1538 16
1538 63
1538 128
1538 152
1538 168
1538 233
1538 259
1538 265
1538 388
1538 464
1538 589
1538 608
1538 616
1538 628
1538 906
1538 1047
1538 1713
1538 1797
1539 1
1539 64
1539 97
1539 291
1539 544
1539 657
1539 1246
1539 1379
1540 1
1540 136
1540 138
1540 216
1540 293
1540 632
1540 684
1540 770
1540 1106
1540 1184
1540 1278
1540 1349
1540 1894
1541 22
1541 132
1541 218
1541 260
1541 262
1541 353
1541 485
1541 513
1541 740
1541 865
1541 1034
1541 1569
1541 1728
1542 200
1542 260
1542 560
1542 818
1542 1027
1542 1030
1543 226
1543 272
1543 330
1543 1548
1544 257
1544 274
1544 285
1544 389
1544 522
1544 677
1544 680
1544 793
1544 1168
1544 1198
1544 1250
1544 1436
1544 1684
1544 1851
1545 148
1545 260
1545 344
1545 377
1545 520
1545 588
1545 947
1545 972
1545 1084
1545 1144
1545 1219
1545 1831
1546 40
1546 56
1546 130
1546 132
1546 142
1546 1072
1546 1330
1546 1952
1547 68
1547 1062
1547 1827
1548 56
1548 258
1548 1068
1548 1267
1548 1408
1548 1728
1548 1794
1548 1988
1549 60
1549 96
1549 580
1549 624
1549 1474
1550 6
1550 674
1550 1320
1551 328
1551 1026
1552 0
1552 17
1552 118
1552 226
1552 1032
1552 1046
1552 1097
1552 1174
1553 196
1553 313
1553 425
1553 481
1553 1289
1553 1573
1553 1685
1554 108
1554 314
1554 611
1554 1619
1555 22
1555 1049
1556 1
1556 16
1556 37
1556 68
1556 172
1556 1056
1556 1109
1556 1152
1556 1280
1556 1292
1557 650
1557 1584
1558 0
1558 10
1558 268
1558 323
1558 714
1558 1104
1559 136
1559 328
1559 870
1559 1035
1560 65
1560 86
1560 207
1560 256
1560 586
1560 1573
1560 1737
1561 68
1561 1288
1561 1408
1562 71
1562 404
1562 833
1562 1024
1562 1321
1563 320
1563 340
1563 512
1563 1192
1563 1344
1563 1552
1564 654
1564 1175
1564 1560
1565 16
1565 748
1566 264
1566 1368
1567 277
1568 2
1568 117
1568 148
1568 257
1568 276
1568 542
1568 688
1568 1188
1568 1472
1568 1906
1568 1992
1569 75
1569 247
1569 620
1569 643
1569 1208
1569 1383
1570 88
1570 136
1570 198
1570 559
1570 640
1570 708
1570 1030
1570 1412
1571 80
1571 338
1571 1239
1571 1341
1571 1572
1572 102
1572 546
1572 622
1572 816
1572 844
1572 965
1572 1153
1572 1376
1573 223
1573 232
1573 259
1573 320
1573 661
1573 705
1573 980
1573 1345
1574 64
1574 217
1574 448
1574 686
1574 803
1574 836
1575 8
1575 36
1575 241
1575 501
1575 833
1576 69
1576 582
1576 684
1576 1092
1576 1160
1576 1384
1576 1488
1577 105
1577 1295
1577 1562
1578 520
1578 1054
1579 1408
1579 1450
1580 278
1580 283
1580 537
1581 40
1582 136
1582 752
1582 1824
1584 3
1584 8
1584 20
1584 260
1584 330
1584 512
1584 632
1584 660
1584 1600
1585 2
1585 21
1585 156
1585 256
1586 1
1586 8
1586 514
1586 529
1586 913
1586 1040
1586 1518
1586 1808
1586 1956
1587 84
1587 264
1587 528
1587 1044
1587 1096
1587 1516
1588 3
1588 60
1588 130
1588 194
1588 272
1588 313
1588 473
1588 484
1588 1437
1589 197
1589 1424
1590 1544
1591 289
1592 521
1592 642
1592 1682
1593 579
1593 1083
1593 1554
1594 392
1594 1093
1595 181
1596 10
1598 0
1598 24
1598 274
1598 1218
1600 96
1600 104
1600 464
1600 964
1600 1064
1600 1488
1600 1547
1600 1604
1601 622
1601 725
1601 1209
1601 1608
1602 29
1602 73
1602 439
1602 548
1602 643
1602 702
1602 928
1602 1104
1602 1398
1603 1060
1603 1320
1604 2
1604 19
1604 112
1604 183
1604 379
1604 520
1604 552
1604 1500
1604 1592
1605 130
1605 262
1605 418
1605 536
1605 658
1605 1312
1606 180
1606 756
1607 280
1608 56
1608 108
1608 195
1608 448
1608 517
1608 533
1608 1770
1609 238
1609 259
1609 416
1609 655
1609 1098
1609 1302
1610 39
1610 769
1610 865
1610 1747
1611 1200
1612 281
1612 487
1612 824
1612 1420
1613 106
1613 578
1613 769
1613 833
1613 1279
1614 348
1614 1280
1615 1116
1615 1134
1616 2
1616 329
1616 336
1616 520
1616 530
1616 539
1616 544
1616 580
1616 628
1616 728
1616 1412
1616 1551
1616 1860
1616 1976
1617 184
1617 256
1617 388
1617 1328
1617 1553
1618 4
1618 1027
1619 48
1619 49
1619 280
1619 1104
1619 1154
1619 1428
1620 50
1620 519
1620 1001
1620 1058
1620 1545
1622 6
1622 50
1622 65
1622 745
1622 1949
1623 38
1623 44
1623 171
1623 828
1624 0
1624 261
1624 614
1624 1106
1625 642
1625 1032
1625 1580
1625 1812
1626 659
1626 910
1626 996
1626 1201
1627 642
1628 112
1628 228
1628 331
1628 603
1630 1032
1632 2
1632 14
1632 202
1632 298
1632 445
1632 640
1632 1070
1632 1120
1632 1668
1633 792
1633 1317
1634 1064
1634 1153
1634 1748
1634 1924
1635 23
1635 109
1635 130
1635 247
1635 347
1635 860
1635 885
1636 67
1636 71
1636 136
1636 433
1637 197
1637 1032
1637 1228
1637 1630
1638 369
1638 852
1638 1025
1639 1952
1640 128
1640 277
1640 308
1640 1057
1640 1184
1640 1192
1641 384
1641 1536
1641 1568
1642 250
1642 772
1643 12
1643 400
1643 1472
1644 24
1644 464
1644 1152
1645 64
1645 157
1645 259
1646 518
1646 1308
1647 3
1647 166
1647 808
1647 1158
1648 8
1648 136
1648 671
1649 65
1649 1290
1650 576
1650 707
1650 1186
1651 396
1651 880
1652 136
1652 257
1652 1856
1653 193
1654 316
1654 1070
1655 828
1656 0
1656 834
1656 1893
1658 50
1658 450
1659 574
1659 1412
1659 1601
1660 313
1660 593
1660 1036
1661 179
1662 56
1662 1704
1664 9
1664 33
1664 84
1664 180
1664 253
1664 368
1664 856
1664 1026
1664 1133
1664 1156
1664 1442
1664 1591
1664 1664
1665 33
1665 146
1665 266
1665 280
1665 420
1665 784
1665 1570
1666 101
1666 120
1666 439
1667 52
1667 272
1667 339
1667 352
1667 823
1667 912
1668 152
1668 264
1668 290
1668 444
1668 1024
1668 1360
1669 1920
1670 1609
1670 1636
1672 389
1672 411
1672 714
1672 832
1672 1190
1672 1349
1672 1576
1673 405
1673 752
1673 1036
1673 1298
1673 1641
1673 1670
1674 0
1674 103
1674 320
1674 704
1674 937
1674 1417
1675 392
1675 514
1675 546
1675 809
1675 1048
1675 1061
1675 1280
1675 1384
1676 26
1676 42
1676 224
1676 672
1676 1115
1676 1155
1676 1169
1676 1380
1677 307
1677 522
1677 579
1677 957
1677 1352
1677 1813
1678 19
1678 1031
1678 1108
1678 1349
1678 1536
1678 1664
1678 1702
1679 1484
1680 3
1680 176
1680 258
1680 365
1680 449
1681 0
1681 72
1681 96
1681 264
1681 329
1681 608
1681 1026
1682 40
1682 260
1682 357
1682 525
1682 802
1683 546
1683 559
1683 1305
1684 96
1684 284
1684 671
1684 1060
1684 1543
1684 1569
1686 98
1686 873
1686 1024
1686 1104
1686 1184
1688 36
1688 99
1688 224
1688 448
1688 520
1689 29
1689 147
1689 525
1689 536
1690 494
1690 797
1691 2
1691 594
1692 288
1693 337
1694 417
1695 162
1695 269
1695 556
1696 1
1696 32
1696 646
1697 17
1697 1117
1697 1414
1698 729
1698 761
1698 1088
1698 1283
1698 1857
1699 86
1699 660
1699 1719
1700 401
1700 515
1700 578
1700 1187
1701 1059
1701 1186
1701 1280
1703 151
1703 512
1703 1553
1704 67
1704 256
1704 305
1704 640
1704 1162
1705 112
1705 377
1705 547
1705 804
1706 353
1706 787
1706 1092
1708 97
1708 463
1708 1153
1708 1736
1709 481
1710 1121
1712 208
1712 1220
1713 16
1713 68
1713 258
1713 312
1713 1306
1714 131
1714 392
1714 1328
1715 280
1715 1080
1716 578
1716 1345
1716 1376
1716 1472
1717 20
1717 837
1718 88
1718 241
1718 397
1718 750
1718 1950
1720 333
1720 640
1720 868
1720 1804
1721 308
1721 1029
1722 58
1722 80
1722 513
1722 1051
1723 209
1723 216
1726 78
1727 648
1728 0
1728 27
1728 243
1728 257
1728 273
1728 1225
1729 12
1729 146
1729 201
1729 333
1729 549
1730 96
1730 357
1730 507
1730 1152
1731 1026
1731 1049
1731 1125
1732 22
1732 51
1732 65
1732 136
1732 513
1732 1058
1732 1227
1733 117
1733 601
1734 844
1735 146
1735 648
1736 4
1736 65
1736 621
1736 1090
1736 1492
1736 1595
1737 1506
1737 1884
1738 1
1738 40
1738 84
1739 101
1739 645
1739 905
1740 1704
1741 13
1741 308
1741 900
1741 1924
1742 374
1742 1032
1743 1041
1743 1048
1744 166
1744 960
1744 1039
1744 1292
1744 1607
1745 224
1746 1537
1746 1604
1746 1808
1747 269
1747 1088
1747 1541
1748 74
1748 272
1748 1152
1749 8
1749 616
1749 1076
1750 0
1750 20
1750 129
1750 545
1750 1034
1750 1096
1751 64
1751 1280
1752 17
1752 544
1753 43
1754 392
1756 144
1756 687
1756 1920
1759 1444
1759 1857
1760 648
1760 660
1760 669
1760 962
1760 1378
1761 80
1761 181
1761 258
1761 290
1761 408
1761 442
1761 1232
1762 7
1762 419
1762 1355
1763 74
1763 1056
1764 137
1764 301
1764 560
1764 933
1764 939
1766 48
1767 129
1767 520
1767 808
1768 16
1768 1348
1770 13
1770 71
1770 130
1770 162
1770 1104
1770 1157
1771 28
1771 422
1771 641
1772 677
1772 902
1773 320
1774 384
1774 481
1776 8
1776 1856
1777 214
1777 242
1777 401
1778 517
1779 4
1779 580
1781 8
1781 29
1781 1546
1782 1
1782 67
1782 193
1783 1792
1784 428
1787 266
1787 1682
1788 1120
1789 64
1789 419
1790 1152
1792 64
1792 128
1792 156
1792 192
1792 217
1792 472
1792 670
1792 1076
1792 1206
1792 1234
1793 17
1793 369
1793 426
1793 455
1794 41
1794 151
1794 434
1794 530
1794 624
1794 807
1794 867
1794 1131
1794 1600
1794 1664
1795 0
1795 15
1795 497
1795 643
1795 1044
1795 1690
1796 0
1796 15
1796 16
1796 283
1796 528
1796 568
1796 992
1796 1176
1797 72
1797 475
1797 919
1797 1046
1797 1270
1797 1536
1797 1537
1798 42
1798 128
1798 213
1798 1032
1798 1137
1798 1633
1799 264
1799 1287
1800 114
1800 540
1800 676
1800 772
1800 1028
1800 1063
1800 1121
1800 1133
1801 1112
1801 1497
1802 522
1802 1454
1802 1572
1803 1032
1804 280
1804 293
1804 515
1804 880
1804 1236
1805 52
1805 530
1806 264
1806 1070
1806 1134
1806 1421
1807 1538
1808 11
1808 361
1808 1318
1808 1586
1808 1875
1808 1969
1809 4
1809 273
1809 294
1809 564
1809 600
1809 1576
1809 1794
1809 1844
1810 65
1810 529
1810 656
1810 1160
1810 1363
1811 325
1811 1161
1811 1292
1811 1793
1812 199
1812 340
1812 1920
1813 329
1813 475
1813 1096
1814 217
1814 392
1814 524
1814 702
1814 1035
1815 111
1816 228
1816 252
1816 529
1816 694
1816 1376
1816 1654
1816 1866
1817 146
1817 272
1817 407
1818 561
1818 619
1820 83
1820 180
1820 769
1821 258
1821 612
1824 142
1824 946
1824 962
1824 1217
1824 1489
1824 1536
1825 26
1825 74
1825 660
1825 685
1825 1818
1826 765
1827 265
1827 906
1827 1730
1828 17
1828 69
1828 794
1828 1101
1828 1282
1828 1612
1829 17
1829 136
1829 834
1830 49
1830 196
1830 238
1830 787
1830 1159
1831 0
1831 165
1831 290
1831 553
1831 832
1831 1284
1831 1934
1832 47
1832 193
1832 388
1832 504
1832 777
1832 1209
1832 1504
1833 18
1833 43
1833 314
1834 34
1834 175
1834 707
1835 1257
1836 498
1836 774
1836 1067
1838 232
1839 57
1839 68
1839 546
1839 582
1840 72
1840 528
1841 200
1842 196
1842 532
1843 1152
1843 1448
1844 27
1845 0
1845 168
1845 477
1845 553
1845 665
1845 1113
1846 512
1846 1808
1847 721
1847 1409
1848 578
1848 810
1848 1220
1848 1259
1848 1486
1849 1092
1850 14
1850 1045
1850 1170
1851 68
1851 144
1852 9
1852 22
1852 519
1852 1325
1853 1185
1853 1276
1854 599
1854 1218
1854 1564
1856 8
1856 69
1856 579
1856 1120
1856 1248
1857 64
1857 120
1857 354
1857 392
1857 730
1858 75
1858 200
1860 2
1860 124
1860 460
1860 1285
1860 1866
1861 64
1861 1030
1862 129
1862 1601
1862 1612
1863 844
1863 1352
1863 1808
1864 228
1864 1472
1864 1556
1864 1636
1865 86
1865 228
1865 842
1865 1028
1865 1313
1866 567
1866 1046
1868 224
1868 1154
1868 1160
1869 3
1869 240
1869 1092
1870 251
1870 272
1870 1576
1871 42
1872 4
1872 27
1872 528
1872 692
1872 1080
1872 1185
1872 1322
1873 2
1873 98
1873 1089
1874 45
1874 414
1874 844
1874 1809
1875 1033
1876 71
1876 97
1876 546
1876 581
1876 709
1876 812
1877 1856
1878 67
1879 306
1880 52
1881 1423
1883 173
1884 593
1886 1428
1888 608
1888 1178
1888 1296
1889 0
1889 33
1889 772
1889 1027
1889 1280
1890 525
1890 1343
1891 1281
1892 53
1892 129
1892 1320
1892 1554
1894 484
1895 516
1895 624
1896 83
1896 256
1896 768
1898 38
1898 259
1898 641
1899 659
1900 595
1901 736
1902 514
1903 522
1904 1
1904 68
1904 168
1904 360
1904 560
1904 1030
1905 714
1906 384
1906 518
1907 410
1907 1344
1908 581
1908 962
1908 1240
1908 1292
1908 1414
1908 1540
1912 1040
1913 1024
1913 1036
1914 522
1914 768
1914 780
1916 28
1916 384
1916 1078
1920 56
1920 130
1920 356
1920 390
1920 1117
1920 1304
1920 1458
1920 1746
1921 116
1921 178
1921 512
1921 664
1921 768
1921 1170
1922 115
1922 1238
1922 1540
1923 0
1923 7
1923 20
1923 1560
1923 1568
1924 40
1924 424
1924 1028
1924 1539
1924 1602
1924 1842
1925 70
1925 268
1925 514
1926 144
1926 258
1926 596
1928 328
1928 557
1928 716
1928 1105
1928 1488
1929 17
1929 837
1929 1729
1929 1824
1930 1745
1931 1680
1932 0
1932 913
1933 580
1933 1058
1933 1224
1934 1076
1937 386
1937 1502
1938 14
1938 41
1938 62
1938 64
1938 418
1938 768
1938 1032
1940 1082
1942 1903
1943 85
1944 533
1945 300
1945 1942
1946 502
1946 1165
1947 28
1947 1304
1948 133
1948 209
1949 588
1951 324
1952 129
1952 324
1952 1216
1952 1689
1953 0
1953 388
1953 512
1953 1553
1954 819
1954 1049
1954 1089
1955 1043
1956 544
1956 1547
1956 1910
1957 911
1957 1049
1957 1576
1958 11
1958 528
1958 1606
1961 128
1961 280
1961 514
1961 550
1961 733
1962 1435
1964 1106
1964 1568
1964 1856
1965 394
1967 2
1967 196
1968 645
1968 680
1968 1048
1968 1286
1970 235
1971 185
1971 949
1971 1472
1972 97
1974 304
1974 1099
1978 14
1980 1060
1984 69
1984 267
1984 518
1984 823
1984 896
1984 1043
1984 1867
1984 1891
1985 1173
1986 155
1986 580
1986 1120
1986 1298
1986 1572
1987 0
1987 92
1987 135
1988 92
1988 306
1988 692
1989 1422
1990 357
1990 919
1992 1030
1993 50
1993 109
1993 228
1993 303
1994 546
1994 917
1996 532
1998 1057
2000 373
2000 549
2001 1
2001 1544
2004 788
2005 1121
2006 272
2007 897
2007 1064
2007 1312
2008 390
2009 0
2009 1163
2011 384
2012 129
2012 658
2013 1089
2014 518
2016 225
2016 369
2016 426
2016 1541
2017 356
2017 1556
2017 1884
2018 1315
2018 1795
2020 50
2020 612
2020 780
2020 1160
2021 1318
2022 640
2022 736
2023 1952
2024 33
2025 546
2025 1892
2026 786
2028 1106
2029 515
2029 1938
2030 1112
2030 1200
2032 832
2033 1248
2036 13
2037 1672
2038 11
2040 16
2043 188
2043 256
2044 168
2046 1136
