# Synthetic Kronecker Graph 
# Edges are directed 
0 1
0 4
0 10
0 11
0 16
0 21
0 24
0 40
0 64
0 66
0 97
0 98
0 100
0 104
1 2
1 5
1 9
1 34
1 60
1 64
1 88
1 98
1 114
2 0
2 9
2 36
2 40
2 48
2 121
3 15
3 16
3 24
3 56
3 76
3 83
4 9
4 10
4 18
4 65
4 82
4 97
5 4
5 7
5 32
5 37
5 100
5 111
6 115
7 0
7 62
7 70
8 8
8 29
8 64
8 126
9 1
9 4
9 13
9 36
9 48
9 98
10 14
10 18
10 50
10 68
10 83
11 18
12 3
13 0
13 2
13 5
14 4
14 72
15 34
15 66
16 3
16 49
16 65
16 78
16 82
16 90
16 117
17 5
17 32
17 109
18 0
18 4
18 8
18 18
18 69
18 76
18 88
19 9
19 60
19 72
19 78
19 116
20 8
20 9
20 24
20 65
20 66
20 74
20 106
21 2
22 16
22 24
22 34
22 64
22 84
22 122
24 0
24 9
24 18
24 32
24 35
24 51
24 57
24 83
24 115
26 17
26 22
26 34
26 52
26 65
26 74
27 0
27 10
27 16
27 17
29 8
29 33
29 114
30 120
31 0
31 10
31 106
32 6
32 10
32 13
32 22
32 33
32 41
33 0
33 40
34 10
34 32
34 40
35 0
35 8
35 65
35 70
35 74
36 3
36 16
36 32
36 36
36 41
36 48
36 74
37 0
37 20
37 55
37 64
37 126
38 53
38 112
40 0
40 39
40 66
40 70
41 6
41 28
41 100
42 1
42 6
43 8
43 40
43 96
44 0
44 25
44 34
44 39
44 74
45 5
45 8
45 9
45 16
46 8
46 33
47 8
48 98
49 16
49 22
49 75
49 98
50 16
50 46
51 7
51 32
51 82
51 116
52 42
52 52
53 57
53 58
54 34
55 40
55 82
56 41
56 73
57 50
57 96
58 12
58 14
58 20
58 27
58 64
60 1
60 4
61 0
61 9
63 39
64 0
64 6
64 19
64 24
64 30
64 121
65 6
65 7
65 14
65 35
65 37
65 97
65 98
66 25
66 52
66 85
67 0
67 8
67 80
67 98
68 1
68 16
68 34
68 46
69 0
70 32
70 33
70 53
71 0
71 33
71 82
71 104
71 121
71 122
72 2
72 4
72 16
72 17
72 64
72 82
72 108
72 110
73 2
73 6
74 68
75 14
75 33
75 50
76 1
76 16
76 20
76 43
76 58
76 64
77 3
77 20
77 33
77 100
78 1
79 24
79 65
80 19
80 48
80 74
81 16
82 8
82 40
82 76
83 2
83 35
84 4
84 10
84 12
84 107
85 64
88 6
88 16
90 89
90 121
91 4
93 13
93 62
93 64
94 0
94 62
96 32
96 64
96 126
97 41
98 4
98 12
98 32
98 53
98 68
99 22
99 34
99 71
100 36
100 88
100 96
100 120
101 72
101 75
101 80
101 90
102 84
103 4
103 9
104 7
105 21
105 26
105 96
107 20
108 1
108 36
109 2
111 4
113 1
113 10
114 0
115 5
115 24
116 3
116 14
116 103
117 5
117 54
120 32
120 35
121 1
121 8
123 8
124 70
125 8
125 116
