# Synthetic Kronecker Graph 
# Edges are directed 
0 40
0 51
0 60
0 109
0 178
0 194
0 258
0 267
0 289
0 336
0 448
0 449
0 518
0 537
0 546
0 593
0 609
0 659
0 801
0 802
0 816
0 887
0 985
1 31
1 69
1 104
1 216
1 256
1 271
1 390
1 436
1 450
1 579
1 600
1 642
1 644
1 646
1 673
1 680
1 884
2 8
2 19
2 60
2 121
2 138
2 148
2 178
2 196
2 264
2 385
2 593
2 648
2 716
3 3
3 13
3 66
3 80
3 109
3 135
3 144
3 185
3 201
3 257
3 264
3 266
3 300
3 323
3 584
3 644
3 706
3 722
3 784
3 834
4 8
4 16
4 32
4 34
4 58
4 68
4 112
4 177
4 268
4 645
4 768
4 806
4 873
4 912
4 913
5 64
5 132
5 144
5 203
5 269
5 404
5 578
5 618
5 688
5 745
5 771
6 2
6 64
6 275
6 384
6 440
6 517
6 602
6 721
6 787
6 849
6 950
7 72
7 136
7 168
7 202
7 305
7 576
7 605
7 914
7 955
8 5
8 7
8 8
8 10
8 49
8 80
8 146
8 192
8 256
8 262
8 303
8 417
8 516
8 560
9 2
9 5
9 129
9 164
9 301
9 396
9 404
9 461
9 561
9 905
10 8
10 24
10 35
10 38
10 48
10 65
10 97
10 523
10 593
11 195
11 258
11 380
11 390
11 520
11 724
12 3
12 12
12 13
12 16
12 37
12 76
12 80
12 208
12 217
12 221
12 344
12 360
12 393
12 401
12 522
12 687
13 12
13 20
13 52
13 99
13 129
13 320
13 492
13 678
13 856
14 97
14 168
14 326
14 522
14 531
14 532
14 542
14 774
14 796
14 804
15 904
15 992
16 0
16 10
16 32
16 63
16 64
16 104
16 155
16 177
16 219
16 318
16 327
16 333
16 353
16 470
16 551
16 653
16 704
16 808
17 12
17 40
17 48
17 84
17 109
17 136
17 272
17 333
17 352
17 394
17 416
17 528
17 728
17 876
18 23
18 32
18 41
18 75
18 84
18 109
18 143
18 145
18 195
18 196
18 384
18 395
18 500
18 512
18 514
18 525
18 599
18 650
18 775
18 929
18 977
19 16
19 58
19 342
19 622
19 730
19 940
19 998
20 9
20 14
20 84
20 145
20 306
20 428
20 445
20 452
20 583
20 674
21 5
21 8
21 18
21 88
21 200
21 324
21 395
21 556
21 649
21 898
22 10
22 16
22 96
22 150
22 180
22 274
22 388
23 93
23 338
23 783
24 17
24 21
24 173
24 242
24 294
24 342
24 438
24 523
24 546
24 641
24 706
24 961
25 112
25 169
25 560
26 14
26 24
26 67
26 320
26 388
26 518
26 634
26 1008
27 11
27 44
27 288
27 305
27 421
27 456
27 775
28 45
28 157
28 342
28 352
28 512
28 514
28 962
29 262
29 265
29 272
29 348
29 539
30 192
30 576
30 616
31 440
31 486
31 571
32 0
32 2
32 4
32 53
32 98
32 134
32 137
32 152
32 260
32 301
32 308
32 314
32 321
32 344
32 354
32 385
32 402
32 416
32 512
32 516
32 555
32 577
32 610
32 714
32 721
32 769
32 778
32 803
33 26
33 65
33 73
33 133
33 152
33 216
33 256
33 464
33 516
33 644
34 0
34 2
34 8
34 74
34 96
34 133
34 144
34 195
34 264
34 512
34 580
34 673
34 793
35 2
35 6
35 8
35 88
35 98
35 533
35 634
35 937
36 0
36 10
36 24
36 160
36 208
36 301
36 521
36 561
36 788
37 8
37 10
37 576
37 709
37 771
37 909
37 962
38 67
38 69
38 74
38 164
38 192
38 256
38 288
38 344
38 355
38 435
38 466
38 530
38 531
38 592
38 684
38 771
38 903
39 0
39 22
39 43
39 98
39 109
39 137
39 592
39 597
40 44
40 96
40 208
40 258
40 560
40 672
40 708
41 10
41 18
41 22
41 86
41 271
41 387
41 533
41 562
41 769
41 770
42 8
42 36
42 128
42 130
42 226
42 273
42 344
42 395
43 9
43 49
43 68
43 138
43 224
43 538
43 552
43 779
44 2
44 7
44 30
44 40
44 96
44 196
44 295
44 539
45 0
45 20
45 128
45 556
46 16
46 40
46 464
46 782
47 0
47 98
48 0
48 44
48 72
48 123
48 131
48 141
48 169
48 289
48 294
48 396
48 432
48 448
48 531
48 899
48 913
49 76
49 165
49 218
49 295
49 608
50 6
50 10
50 54
50 108
50 140
50 163
50 272
50 307
50 416
50 516
50 556
50 821
50 872
50 976
51 22
51 167
51 261
51 540
51 688
52 128
52 145
52 165
52 257
52 272
52 280
52 302
53 106
53 107
53 336
53 514
54 49
54 225
55 9
55 796
55 849
55 900
56 130
56 210
56 299
56 465
56 536
56 611
57 138
57 256
57 262
57 411
57 517
57 739
57 789
57 838
58 259
58 290
58 534
58 659
59 146
59 598
59 645
59 852
60 235
60 312
60 501
61 136
61 145
61 652
62 8
62 273
62 587
62 646
62 906
62 920
63 12
63 44
63 50
63 268
63 424
64 8
64 163
64 180
64 230
64 260
64 281
64 304
64 318
64 325
64 554
64 586
64 752
64 897
65 9
65 58
65 65
65 103
65 169
65 264
65 435
65 549
66 12
66 16
66 24
66 38
66 88
66 262
66 269
66 286
66 540
66 695
66 801
67 8
67 980
68 7
68 42
68 128
68 142
68 255
68 261
68 410
68 413
68 419
68 435
68 522
68 608
68 860
68 956
69 10
69 38
69 177
69 192
69 240
69 278
69 322
69 341
69 417
69 493
69 518
69 573
69 656
69 730
69 771
69 862
69 870
69 932
70 34
70 64
70 172
70 329
70 357
70 525
70 592
70 921
71 16
71 56
71 189
71 306
71 397
71 561
71 659
71 846
71 872
72 54
72 148
72 259
72 274
72 340
72 342
72 385
72 411
72 425
72 526
72 569
72 576
73 8
73 128
73 180
73 214
73 262
73 276
73 600
73 652
73 668
73 678
74 370
74 546
75 3
75 128
75 137
75 294
76 16
76 138
76 144
76 160
76 280
76 352
76 428
76 489
76 538
76 837
77 4
77 122
77 140
77 598
77 672
78 128
78 714
79 38
79 538
79 812
80 1
80 11
80 132
80 262
80 292
80 392
80 641
80 697
81 1
81 26
81 29
81 134
81 218
81 553
81 770
82 11
82 665
82 817
83 208
83 211
83 298
83 608
83 776
84 10
84 25
84 48
84 74
84 419
84 514
84 581
84 770
85 99
85 211
85 312
85 408
85 512
85 540
85 760
85 782
86 2
86 152
86 194
86 196
86 277
86 585
86 772
86 796
87 170
87 193
87 900
88 9
88 57
88 142
88 356
88 390
88 419
88 465
88 532
88 669
89 40
89 241
89 736
89 757
89 994
90 64
90 70
90 444
90 512
90 656
90 1008
91 900
92 8
92 72
92 90
92 256
92 393
92 548
92 640
92 960
93 4
93 6
93 68
93 192
93 360
93 416
93 781
93 897
94 512
95 264
95 481
95 512
96 8
96 12
96 16
96 96
96 102
96 134
96 160
96 199
96 260
96 268
96 524
96 600
96 768
97 192
97 321
97 325
97 342
97 617
97 732
97 781
98 2
98 66
98 276
99 32
99 80
100 0
100 18
100 42
100 134
100 234
100 301
100 385
100 518
100 640
101 15
101 643
101 650
102 9
102 24
102 128
102 256
102 336
102 728
102 768
102 998
103 17
103 66
103 280
104 37
104 324
104 608
104 842
105 16
105 28
105 56
105 79
105 154
105 526
105 850
106 0
106 102
106 404
106 473
106 487
106 932
107 576
108 42
108 140
108 241
108 408
108 516
108 520
108 777
109 24
109 160
109 256
109 544
109 832
109 936
110 100
110 642
110 713
111 146
112 163
112 173
112 260
112 278
112 636
112 678
112 904
113 259
113 267
113 282
113 672
113 893
114 40
114 54
116 9
116 314
116 536
116 977
117 513
117 779
118 256
118 330
118 580
118 648
120 128
120 336
120 728
121 0
121 297
121 318
121 388
121 640
122 11
122 104
122 518
122 767
123 48
124 115
124 132
124 512
125 784
126 713
126 832
127 521
128 56
128 78
128 116
128 177
128 268
128 312
128 362
128 448
128 462
128 680
129 42
129 78
129 180
129 204
129 324
129 576
129 680
129 768
130 9
130 33
130 46
130 128
130 172
130 192
130 294
130 355
130 364
130 587
130 593
130 644
130 784
130 785
130 826
131 100
131 120
131 261
131 308
131 517
131 534
131 645
132 16
132 27
132 64
132 100
132 129
132 136
132 153
132 195
132 229
132 252
132 262
132 322
132 393
132 449
132 544
132 671
132 882
132 984
133 48
133 62
133 86
133 146
133 182
133 205
133 256
133 551
133 772
133 813
134 36
134 54
134 204
134 344
134 394
134 408
134 562
134 644
134 850
135 192
135 468
135 512
135 693
136 4
136 545
136 652
136 812
137 28
137 97
137 151
137 481
137 514
137 681
137 748
137 832
138 0
138 18
138 73
138 76
138 84
138 129
138 364
138 519
138 626
138 680
139 100
139 544
139 555
140 0
140 6
140 290
140 387
140 514
141 97
141 280
141 642
141 795
142 164
142 254
142 806
143 96
144 1
144 8
144 11
144 326
144 385
144 520
145 1
145 20
145 288
145 292
145 296
145 353
145 452
145 596
145 705
146 2
146 3
146 128
146 146
146 205
146 290
146 309
146 769
147 1
147 305
147 509
147 579
148 17
148 58
148 712
148 832
149 32
149 142
149 264
150 45
150 85
150 193
150 288
150 549
150 624
151 171
151 485
151 598
151 653
152 17
152 34
152 68
152 130
152 208
152 324
152 328
152 396
152 451
152 700
152 770
152 930
152 976
153 204
153 226
153 264
153 308
153 588
154 0
154 1
154 29
154 96
154 156
154 259
154 497
154 754
154 952
155 7
155 40
155 257
156 51
156 84
156 437
156 612
157 358
158 624
158 648
158 707
159 272
159 515
159 768
159 802
160 73
160 148
160 512
160 522
160 563
160 572
160 577
161 4
161 24
161 26
161 91
161 204
161 263
161 276
161 296
161 563
162 65
162 212
162 388
162 512
162 688
163 156
163 288
163 319
163 394
163 532
163 792
164 0
164 96
164 179
164 203
164 259
164 588
164 600
164 993
165 308
165 371
165 805
166 1
166 20
166 74
166 289
166 314
166 512
168 192
168 218
168 418
168 514
168 516
168 642
169 262
169 618
170 256
170 353
170 727
170 769
170 801
171 193
171 384
171 897
172 18
172 403
172 428
172 512
172 613
172 646
173 56
173 105
173 209
174 8
174 93
174 188
174 273
174 596
174 660
176 257
176 588
176 768
177 180
177 264
177 516
177 608
177 774
178 6
178 18
178 24
178 513
178 879
178 939
179 682
180 10
180 66
180 74
180 77
180 132
181 80
181 154
181 197
182 18
182 64
182 90
182 259
182 345
182 528
182 673
182 800
182 1008
183 132
183 174
183 388
183 592
183 672
184 23
184 104
184 261
184 281
184 700
184 770
184 771
184 776
185 3
186 32
186 235
186 836
186 981
187 516
187 648
188 77
188 158
188 448
188 800
189 288
190 206
190 276
191 129
191 193
191 576
192 37
192 96
192 99
192 176
192 192
192 258
192 292
192 326
192 740
192 785
193 6
193 49
193 192
193 322
193 329
193 790
193 916
194 27
194 32
194 54
194 217
194 288
194 450
194 849
194 877
195 10
195 256
195 420
195 452
195 514
195 518
195 791
195 800
195 971
196 34
196 155
196 267
196 353
196 396
196 538
197 88
197 90
197 195
197 401
197 533
197 539
197 721
197 778
198 57
198 98
198 132
198 525
198 736
199 8
199 605
199 828
199 840
200 136
200 176
200 281
200 300
200 325
200 580
200 644
200 710
201 585
201 608
202 9
202 93
202 165
202 168
202 272
202 529
202 576
204 1
204 32
204 37
204 48
204 516
204 653
204 670
204 712
205 1
205 515
205 576
206 2
206 32
206 46
206 140
206 496
206 616
207 2
208 36
208 128
208 268
208 455
208 545
208 633
208 640
208 692
208 802
208 805
209 0
209 5
209 66
209 120
209 385
210 40
210 108
210 187
210 492
212 131
212 138
212 150
212 486
212 516
212 567
212 645
212 653
212 812
213 8
213 272
213 323
213 402
213 520
213 523
214 25
214 944
215 385
216 130
216 171
216 364
216 553
216 752
216 835
216 896
217 397
217 417
217 518
217 802
218 3
218 216
220 99
220 305
220 630
220 768
221 520
222 9
222 136
222 513
223 209
224 64
224 152
224 168
224 258
224 578
224 641
224 772
224 788
225 128
225 260
225 290
225 594
225 634
226 22
226 80
226 128
226 508
226 581
227 72
227 544
227 870
227 975
228 4
228 260
228 352
228 528
229 149
229 544
230 172
230 257
230 513
230 521
230 935
231 660
232 12
232 64
232 105
233 407
233 514
234 160
234 198
234 384
235 283
235 288
235 352
235 386
236 9
236 32
236 421
236 526
236 913
237 472
238 65
239 35
239 785
240 34
240 172
240 312
240 537
240 560
240 633
240 822
241 73
241 110
241 177
241 288
241 290
241 306
241 388
242 609
243 0
243 162
243 224
243 285
243 304
244 360
244 402
244 432
244 670
245 98
245 356
245 652
246 6
246 17
249 162
250 8
250 192
251 0
252 0
252 83
254 138
254 288
256 4
256 24
256 68
256 72
256 116
256 134
256 152
256 288
256 296
256 404
256 424
256 493
256 626
256 628
256 650
256 731
256 788
256 868
257 0
257 10
257 29
257 30
257 64
257 66
257 265
257 305
257 325
257 398
257 529
257 533
257 545
257 726
258 4
258 7
258 200
258 260
258 288
258 345
258 512
258 531
258 553
258 593
258 707
258 964
259 82
259 114
259 118
259 162
259 212
259 322
259 388
259 880
259 996
260 0
260 74
260 78
260 82
260 112
260 128
260 131
260 161
260 175
260 300
260 314
260 514
260 528
260 587
260 592
260 626
260 632
260 688
260 792
260 964
261 0
261 229
261 593
262 99
262 581
262 651
262 677
262 802
263 1
263 105
263 200
263 320
263 688
264 4
264 14
264 75
264 96
264 160
264 212
264 284
264 512
264 520
264 1008
265 0
265 80
265 192
265 325
266 53
266 305
266 525
266 560
266 615
266 722
267 83
267 145
267 532
267 634
267 723
268 40
268 548
269 590
270 139
270 281
270 416
270 532
271 50
271 226
271 318
271 347
272 72
272 96
272 97
272 132
272 163
272 256
272 288
272 355
272 390
272 546
272 987
273 136
273 672
273 920
273 938
274 3
274 24
274 246
274 258
274 807
274 838
274 912
275 97
275 224
275 280
276 2
276 3
276 50
276 134
276 148
276 224
276 272
276 708
277 66
277 284
277 292
277 340
278 48
278 144
278 272
278 530
278 801
278 847
279 8
279 65
279 74
279 795
279 869
280 36
280 40
280 86
280 527
280 564
281 394
281 747
282 5
282 228
282 535
282 706
282 769
283 3
283 6
283 38
283 44
283 357
284 150
284 756
284 913
285 188
285 272
285 548
285 685
286 297
286 404
286 516
286 896
287 161
288 118
288 352
288 552
288 626
288 640
288 673
288 752
288 843
288 936
289 7
289 17
289 27
289 31
289 107
289 129
289 200
289 536
289 571
289 587
289 664
289 704
289 708
289 840
290 32
290 492
290 577
290 584
290 680
291 13
291 19
291 80
291 393
292 24
292 32
292 52
292 67
292 68
292 395
292 624
292 625
292 640
293 0
293 412
293 418
293 776
294 44
294 147
294 353
294 531
294 921
295 5
295 128
295 467
295 724
295 813
296 10
296 25
296 34
296 125
296 130
296 309
296 513
296 528
296 569
296 654
296 710
296 771
298 64
298 85
298 546
299 12
299 56
299 197
299 325
299 448
299 912
300 560
300 672
300 740
301 116
302 72
302 106
302 133
302 513
302 693
303 8
303 128
303 330
303 513
303 872
304 11
304 32
304 80
304 210
304 612
304 771
305 216
305 260
305 647
305 661
306 313
306 346
306 381
307 21
307 65
307 397
307 512
308 63
308 262
308 580
308 768
309 92
309 557
310 2
310 156
310 211
310 265
310 736
310 846
310 862
311 2
311 40
311 130
311 243
311 401
312 36
312 56
312 68
312 135
312 148
312 420
312 787
314 573
314 770
314 773
316 354
317 25
318 290
318 849
319 0
319 523
320 0
320 6
320 35
320 46
320 108
320 117
320 149
320 177
320 254
320 256
320 304
320 320
320 384
320 583
320 626
320 810
320 853
320 864
320 936
321 40
321 44
321 69
321 142
321 521
321 848
322 71
322 105
322 256
322 292
322 976
322 984
323 16
323 273
324 0
324 47
324 65
324 141
324 391
324 560
324 759
325 161
325 241
325 570
326 2
326 128
326 135
326 164
326 705
327 393
327 538
328 229
328 514
328 565
328 676
328 706
328 789
329 9
329 513
329 561
329 626
330 72
330 85
330 518
330 644
330 912
331 50
331 562
331 842
332 2
332 9
332 199
332 242
332 453
332 704
333 264
333 340
333 689
334 2
334 224
335 2
335 130
336 7
336 132
336 135
336 149
336 316
336 361
336 520
336 626
336 643
336 738
336 924
337 34
337 546
338 58
338 102
338 131
338 387
338 684
338 856
339 132
339 272
339 528
339 546
340 68
340 164
340 320
341 41
341 117
341 160
341 206
341 405
341 462
342 114
342 129
342 426
342 521
343 56
343 640
343 832
344 18
344 33
344 80
344 320
344 789
344 903
345 11
345 33
345 38
345 334
346 203
346 617
346 636
347 139
347 428
347 533
347 713
348 17
348 292
348 520
348 818
349 16
349 68
350 290
351 20
351 666
352 28
352 61
352 80
352 182
352 546
352 569
352 572
352 753
352 803
353 18
353 282
353 351
354 72
354 209
356 660
357 34
357 151
357 310
357 514
357 529
357 641
358 8
360 5
360 161
360 181
360 259
360 424
360 515
360 516
360 576
360 594
360 856
361 535
361 537
361 624
362 670
363 136
363 533
364 416
364 524
364 813
365 256
365 923
366 165
366 579
368 384
369 48
369 128
369 349
369 570
369 644
369 962
370 336
370 642
370 644
370 906
371 108
371 941
372 429
373 80
373 134
374 676
375 68
377 322
377 544
378 504
379 800
380 194
380 544
381 134
383 8
383 400
383 645
384 68
384 165
384 195
384 200
384 258
384 278
384 386
384 420
384 425
384 516
384 782
386 43
386 152
386 697
386 841
387 33
387 230
387 339
387 532
387 837
388 32
388 82
388 257
388 390
388 585
388 614
388 705
388 787
388 961
389 276
389 396
389 563
390 518
391 258
392 35
392 88
392 144
392 160
392 223
392 332
392 394
392 648
392 649
393 17
393 195
393 426
393 544
393 592
393 736
394 800
395 256
395 301
395 824
396 97
396 598
396 704
396 901
397 384
397 736
398 168
398 233
398 322
399 18
399 150
399 266
400 1
400 180
400 200
400 210
400 299
400 324
400 336
400 394
400 668
400 699
401 115
401 328
401 389
401 547
402 414
402 1000
403 25
403 44
403 173
404 0
404 16
404 194
405 6
405 16
405 261
405 268
406 0
406 116
407 640
408 54
408 80
408 92
408 128
408 192
408 210
408 261
408 268
408 904
409 544
410 644
411 34
412 130
412 168
412 268
413 130
413 768
414 6
414 305
414 401
414 416
414 448
416 90
416 98
416 129
416 212
416 268
416 512
416 580
416 740
417 78
417 257
417 371
417 516
417 752
418 279
418 516
418 520
418 566
418 586
418 643
418 775
419 123
419 192
419 538
419 614
419 658
419 672
420 1
420 94
420 97
420 304
420 520
420 556
420 582
420 647
420 801
420 818
420 905
421 10
421 50
421 305
421 912
422 36
422 37
422 129
422 585
422 588
424 16
424 42
424 132
424 389
424 608
424 648
425 518
426 148
427 574
428 4
428 56
428 256
428 291
429 137
429 713
431 12
432 326
432 357
432 371
433 202
433 663
433 727
434 68
434 290
434 590
434 642
435 122
436 9
436 34
436 113
436 320
436 773
437 97
437 166
437 344
437 390
437 530
438 258
439 15
440 36
440 513
440 561
441 326
441 571
442 100
442 398
443 6
443 528
443 720
444 514
445 10
446 50
446 360
446 512
447 322
448 19
448 52
448 69
448 136
448 272
448 439
448 800
449 12
449 43
449 68
449 146
449 514
449 616
450 53
450 131
450 145
450 398
450 816
451 513
452 98
452 266
452 272
452 340
452 560
453 8
453 93
454 2
454 136
455 66
455 134
456 20
456 72
456 537
456 738
457 27
457 224
457 845
458 33
458 656
459 57
459 94
459 342
460 456
460 528
461 0
461 9
461 571
463 29
464 3
464 11
464 512
464 521
465 353
465 497
465 610
465 649
466 33
466 650
466 757
467 116
468 51
468 208
470 72
470 392
471 44
472 530
472 645
473 5
473 939
474 37
474 544
474 693
475 224
476 81
476 180
479 745
480 13
480 419
480 530
480 609
481 67
481 164
481 273
482 72
482 85
482 400
483 13
483 384
483 577
483 803
483 964
484 80
484 328
484 521
484 528
484 852
484 1008
485 530
486 268
486 274
486 861
488 181
489 64
489 99
489 512
489 566
489 618
489 774
490 512
491 519
492 9
492 517
492 862
494 35
495 737
497 167
498 40
498 517
498 773
499 32
499 906
500 328
500 400
500 464
500 856
502 385
502 964
503 384
504 74
504 565
504 769
506 308
506 913
507 196
507 776
508 283
510 132
510 341
510 836
511 885
512 21
512 59
512 68
512 83
512 226
512 256
512 371
512 425
512 518
512 522
512 537
512 575
512 581
512 644
512 656
512 856
513 92
513 144
513 258
513 265
513 387
513 436
513 552
513 577
513 635
513 676
513 788
514 0
514 2
514 12
514 16
514 20
514 80
514 123
514 124
514 137
514 328
515 1
515 209
515 292
515 537
515 593
516 2
516 39
516 54
516 66
516 97
516 151
516 160
516 252
516 260
516 329
516 388
516 525
516 666
517 74
517 117
517 180
517 344
517 354
517 461
517 802
517 943
518 151
518 195
518 209
518 416
518 448
519 362
519 384
519 561
520 0
520 1
520 2
520 3
520 84
520 112
520 113
520 194
520 262
520 275
520 385
520 402
520 514
520 554
520 560
520 742
520 872
521 2
521 9
521 88
521 111
521 229
521 700
521 704
522 8
522 109
522 239
522 824
523 17
523 160
524 22
524 85
524 305
524 624
525 9
525 65
525 66
525 172
525 256
525 641
525 657
525 744
526 69
526 71
526 532
527 34
527 310
527 654
527 896
527 938
528 4
528 21
528 30
528 34
528 40
528 76
528 128
528 167
528 264
528 291
528 341
528 564
528 677
529 33
529 46
529 80
529 311
529 656
530 70
530 149
530 208
530 290
530 595
530 640
530 663
530 668
530 821
531 35
531 74
531 224
531 234
531 523
531 530
531 788
532 0
532 10
532 20
532 122
532 128
532 586
532 641
532 768
532 771
533 66
533 71
533 221
533 512
534 98
534 434
534 641
534 1008
535 8
535 66
535 315
535 552
536 20
536 64
536 344
536 388
536 397
536 534
536 582
537 25
537 130
537 162
537 833
538 160
538 650
539 513
540 15
540 180
540 512
541 528
541 691
541 692
542 5
542 16
542 129
542 392
542 530
543 24
543 272
544 10
544 25
544 26
544 32
544 39
544 64
544 77
544 98
544 165
544 172
544 192
544 352
544 448
544 693
544 771
544 812
544 904
545 6
545 85
545 106
545 128
545 165
545 548
546 212
546 323
546 643
547 52
547 100
547 158
547 274
547 357
547 541
547 584
547 648
547 737
547 804
548 4
548 96
548 97
548 208
548 272
548 468
548 710
548 837
548 944
549 4
549 114
549 161
549 258
549 282
549 349
549 535
549 548
549 558
549 656
549 794
549 808
550 140
550 560
550 844
551 346
551 353
551 771
552 288
552 385
552 647
552 805
553 224
553 840
554 77
554 132
554 136
554 260
554 517
554 584
555 24
555 397
555 757
555 793
555 985
556 1
556 41
556 97
556 650
557 21
557 57
557 134
557 280
558 0
558 9
558 138
558 566
558 640
558 713
559 356
559 692
559 722
560 16
560 105
560 111
560 243
560 267
560 336
560 579
560 581
560 709
560 1000
561 0
561 1
561 35
561 67
561 216
561 256
561 548
561 577
561 660
562 1
562 146
562 213
562 260
563 392
563 711
564 24
564 128
564 256
564 528
564 808
564 814
565 8
565 88
565 132
565 416
566 156
567 16
567 250
567 402
568 580
568 872
569 10
569 167
569 470
569 790
570 768
571 484
572 520
572 756
573 161
573 429
573 978
574 547
574 645
576 0
576 16
576 34
576 41
576 64
576 67
576 160
576 164
576 384
576 492
576 528
576 898
576 904
576 946
576 962
576 968
577 120
577 268
577 289
577 552
577 579
577 601
577 658
578 4
578 32
578 40
578 48
578 57
578 116
578 174
578 280
578 513
578 522
578 529
578 537
578 547
578 648
578 684
578 898
579 17
579 136
579 668
580 30
580 535
580 658
580 688
580 777
580 938
581 177
581 227
581 672
582 68
582 72
582 555
583 401
584 0
584 16
584 90
584 98
584 137
584 144
584 306
584 342
584 480
585 24
585 256
585 402
586 0
586 249
586 640
587 64
587 131
587 180
587 308
587 844
588 456
588 459
588 674
588 836
589 118
590 576
590 652
590 836
591 12
591 280
591 585
592 29
592 54
592 57
592 67
592 135
592 194
592 644
593 33
593 42
593 44
593 581
593 662
593 822
594 33
594 132
594 523
594 586
596 33
596 178
596 296
596 398
596 526
596 528
596 704
597 1
597 87
597 106
597 136
598 532
598 679
599 1
599 80
599 229
599 628
600 257
600 480
600 528
600 665
601 96
601 921
602 16
602 278
602 328
602 384
602 551
602 624
602 910
603 258
604 32
604 50
604 64
604 225
604 312
604 448
604 450
604 517
607 13
607 256
608 5
608 64
608 258
608 320
608 698
608 921
609 224
609 272
609 641
610 108
610 369
611 320
611 524
611 528
611 1014
612 19
612 160
612 224
612 337
612 355
612 414
612 761
613 200
613 294
613 560
613 810
613 872
614 193
614 552
614 992
615 85
616 264
616 901
617 65
617 201
617 208
617 330
618 209
618 234
618 406
619 944
620 16
620 407
620 912
621 0
621 8
621 48
621 226
621 658
622 148
622 259
622 360
622 487
623 769
624 446
624 589
625 102
625 200
625 224
625 324
625 428
625 760
625 792
626 98
626 472
626 610
626 936
627 34
627 177
628 162
628 278
628 299
629 83
629 128
630 20
630 24
630 691
631 17
631 36
631 96
632 21
632 270
632 926
633 897
635 26
636 146
638 130
638 547
639 126
639 138
640 80
640 130
640 135
640 167
640 204
640 311
640 328
640 842
641 124
641 216
641 247
641 275
641 345
641 360
641 524
641 592
641 594
641 994
642 8
642 50
642 74
642 97
642 98
642 154
642 203
642 219
642 345
642 833
643 9
643 130
643 284
643 514
644 0
644 394
644 513
644 709
644 713
644 841
644 850
645 7
645 52
645 83
645 615
645 649
645 656
646 63
646 219
646 589
646 885
647 450
647 780
648 176
648 256
648 524
648 532
648 577
648 641
648 878
649 33
649 44
649 576
649 672
649 673
649 842
650 4
650 153
650 222
650 448
650 561
651 1
651 83
651 416
651 522
652 90
652 273
652 683
652 752
652 768
653 6
653 256
653 574
653 921
654 8
654 16
654 33
654 101
654 476
655 104
655 133
656 12
656 65
656 161
656 372
656 408
656 454
656 576
657 149
657 192
657 282
657 306
657 435
657 466
657 480
657 517
657 576
657 642
658 14
658 128
658 512
658 556
658 657
659 324
659 704
659 832
660 0
660 68
660 289
661 49
661 90
661 283
662 642
663 6
663 38
663 75
663 225
663 578
664 143
664 273
664 435
665 968
666 138
666 386
666 546
666 658
667 70
667 129
667 131
667 627
668 64
668 152
668 227
668 512
668 674
669 978
670 16
671 3
671 46
671 350
671 883
672 12
672 17
672 37
672 114
672 324
672 516
672 648
672 736
672 772
672 780
673 68
673 178
673 552
674 3
674 64
674 136
674 138
674 194
674 258
675 63
675 428
675 472
676 17
676 18
676 70
676 138
676 188
676 386
676 552
676 643
676 832
677 384
677 392
677 640
678 241
679 64
679 294
680 8
680 20
680 128
681 386
681 406
681 531
682 17
682 76
682 530
682 872
683 240
684 243
684 320
684 403
685 424
685 667
685 784
686 138
688 13
688 274
688 410
688 658
688 673
688 774
691 348
692 0
692 1
693 0
693 16
693 816
694 171
694 233
694 581
694 902
696 130
696 153
696 536
696 923
697 531
697 583
698 40
698 154
698 316
699 98
700 136
702 40
702 195
702 604
702 778
704 0
704 17
704 88
704 104
704 154
704 262
704 291
704 568
704 583
704 869
705 24
705 34
705 129
705 611
705 809
706 2
706 583
706 807
707 32
707 802
708 20
708 368
708 554
708 992
709 10
709 64
709 66
710 261
711 65
711 330
711 649
712 69
712 76
712 84
712 140
712 160
712 482
712 809
713 418
713 849
714 39
714 561
715 6
715 425
716 289
716 538
717 13
717 136
717 781
718 276
718 772
719 16
720 38
720 40
720 72
720 97
720 168
720 512
720 555
720 932
721 4
721 344
721 953
722 303
722 417
722 929
722 958
723 360
723 416
723 544
724 4
724 33
724 49
724 81
724 267
724 592
724 648
725 544
725 785
726 71
726 524
726 793
727 64
728 176
728 261
729 110
729 550
729 642
729 650
730 28
733 520
734 66
734 332
734 556
736 2
736 107
736 258
736 264
736 266
736 449
737 56
737 73
737 517
738 6
738 32
738 206
739 32
740 24
740 29
740 51
740 394
740 423
740 745
741 73
742 130
742 258
742 935
743 75
744 87
744 153
744 173
744 256
746 3
746 69
746 336
746 419
748 0
749 114
749 520
752 32
752 311
752 673
753 564
754 4
754 12
754 129
754 149
755 26
758 272
759 269
760 34
760 705
760 771
761 69
762 284
763 264
764 29
764 279
764 513
766 156
768 54
768 83
768 260
768 296
768 306
768 410
768 424
768 499
768 512
768 515
768 648
768 751
769 24
769 40
769 66
769 206
769 508
769 516
770 4
770 6
770 33
770 46
770 75
770 288
770 308
770 384
770 421
770 513
770 576
770 599
771 258
771 519
771 648
771 716
771 852
772 24
772 226
772 274
772 646
772 718
773 89
773 179
773 545
774 2
774 23
774 93
774 112
774 241
774 398
775 4
775 338
775 388
775 392
776 8
776 16
776 92
776 114
776 128
776 579
776 648
777 278
778 35
778 152
779 123
779 676
780 18
780 38
780 137
780 386
780 865
781 40
781 160
781 480
782 32
782 36
782 110
782 548
782 952
783 716
784 12
784 435
784 755
785 64
785 194
785 224
785 279
785 525
785 548
785 859
786 137
786 336
787 2
787 19
787 518
787 520
787 610
787 778
788 0
788 73
788 104
788 366
789 0
789 354
789 592
789 770
789 868
790 380
790 417
791 100
791 672
792 136
792 596
793 256
794 408
794 696
795 994
796 132
796 520
796 648
796 660
796 712
796 746
796 914
797 752
798 112
798 392
798 529
798 643
799 388
799 483
799 737
800 33
800 44
800 65
800 160
800 195
800 320
800 521
800 548
800 672
800 768
801 386
801 922
801 945
802 56
802 160
802 265
802 324
802 432
802 496
802 514
802 542
802 556
803 306
803 323
803 366
803 904
804 0
804 416
804 770
804 854
805 576
805 640
806 274
806 784
807 8
807 201
807 532
808 592
808 851
809 4
809 272
809 433
809 936
810 0
810 81
810 820
810 832
811 2
811 338
811 945
812 5
812 21
812 48
812 80
812 288
813 276
813 591
814 513
815 2
816 3
816 170
816 513
818 160
818 228
818 288
818 588
818 600
818 641
819 648
820 109
820 129
820 204
820 256
820 259
820 330
820 516
820 650
821 35
821 315
821 683
821 712
822 756
824 5
824 16
824 18
824 32
825 0
825 832
826 544
828 68
828 72
828 315
828 516
828 680
829 392
829 594
829 773
830 105
830 331
832 29
832 56
832 182
832 243
832 344
832 360
832 442
832 476
832 614
833 8
833 42
833 52
833 90
833 113
833 328
833 449
834 11
834 16
834 192
834 256
834 572
834 619
834 929
835 7
835 152
835 224
836 786
837 290
837 516
837 782
837 833
837 834
837 902
838 0
838 906
839 920
840 758
841 16
841 915
842 148
842 514
843 130
843 817
844 132
844 758
845 80
845 97
846 20
846 32
846 594
846 872
847 193
847 528
848 66
848 564
848 592
849 138
849 593
849 931
849 960
850 1
850 45
850 339
851 65
851 132
851 327
851 584
852 48
852 651
853 42
853 67
853 518
853 681
853 898
854 373
854 528
856 64
856 274
856 454
856 560
856 720
857 242
857 329
857 484
857 769
858 172
859 84
860 529
861 376
862 544
863 96
864 33
864 56
864 78
864 100
864 184
864 654
865 33
865 80
865 195
865 272
865 514
866 8
866 127
866 520
867 2
868 160
868 390
868 658
869 583
870 96
871 59
871 579
872 164
872 166
872 796
873 186
873 579
874 137
876 90
876 209
876 692
878 128
879 352
880 72
880 331
881 896
882 0
882 72
882 432
882 615
882 769
884 4
884 16
884 312
884 335
884 531
885 104
886 177
888 32
888 452
889 685
890 99
890 136
890 741
891 263
891 602
892 7
894 771
894 780
895 277
896 64
896 130
896 183
896 420
896 596
896 665
896 772
899 153
899 260
899 298
899 838
900 226
900 272
900 388
900 898
901 154
901 512
901 590
901 802
902 2
902 516
902 961
903 32
903 90
904 94
904 174
904 352
904 546
904 1008
905 6
905 33
905 40
905 51
905 283
905 520
905 748
906 2
906 8
907 260
908 151
908 456
908 631
909 282
912 0
912 25
912 85
912 192
912 325
912 650
912 672
913 354
913 414
914 2
914 49
914 80
915 420
916 478
916 480
916 547
916 848
917 53
917 149
917 362
917 584
918 96
918 302
919 162
920 53
920 145
920 512
921 1
922 78
922 190
924 0
924 20
924 323
924 385
925 8
925 64
925 724
926 306
927 320
928 32
928 36
928 66
928 80
928 176
928 258
928 725
928 850
929 4
929 372
929 395
929 505
931 148
931 413
931 618
932 240
932 272
932 513
932 656
933 50
933 68
933 94
933 98
933 277
933 301
933 596
933 802
934 100
934 665
934 705
936 1
936 153
936 329
936 528
937 114
937 162
937 204
937 522
938 270
939 128
939 167
939 264
940 689
941 714
942 2
942 864
943 45
943 520
944 200
945 2
947 9
948 12
948 34
948 527
949 204
949 547
950 92
951 9
953 264
956 2
956 392
960 3
960 118
960 257
960 274
960 356
960 413
960 547
961 66
961 154
961 658
962 68
962 129
962 186
962 552
963 550
964 258
965 10
965 712
966 579
967 4
967 49
967 134
967 555
968 57
968 89
968 160
968 717
969 270
969 529
971 646
972 8
972 161
972 247
973 466
973 516
975 148
975 198
975 962
976 48
976 521
976 546
976 914
977 66
978 336
979 86
979 832
980 227
980 289
980 512
982 41
982 96
982 980
983 273
984 175
985 85
986 134
988 752
989 560
991 834
992 12
992 36
992 49
992 56
992 421
993 1
993 16
993 21
993 557
994 560
995 262
995 568
995 786
996 322
998 67
998 232
1000 136
1002 436
1003 26
1003 784
1005 41
1006 288
1007 386
1008 100
1008 170
1008 197
1008 268
1009 153
1009 258
1011 400
1012 669
1013 6
1013 150
1014 65
1016 4
1016 32
1016 66
1018 132
1019 609
1022 48
