# Synthetic Kronecker Graph 
# Edges are directed 
0 8
0 11
0 17
0 36
0 42
0 48
0 49
0 65
0 130
0 134
0 163
0 177
0 194
0 197
0 257
0 304
0 343
0 403
0 431
0 435
0 450
0 456
0 480
0 524
0 527
0 550
0 568
0 576
0 664
0 816
0 836
0 843
0 874
0 919
1 8
1 9
1 72
1 128
1 256
1 259
1 272
1 300
1 347
1 393
1 410
1 512
1 530
1 561
1 797
1 804
2 0
2 46
2 65
2 97
2 101
2 115
2 120
2 144
2 215
2 257
2 264
2 292
2 396
2 773
2 812
2 912
2 928
3 8
3 33
3 34
3 35
3 78
3 128
3 134
3 164
3 168
3 226
3 236
3 279
3 320
3 324
3 354
3 391
3 418
3 656
3 708
3 717
3 734
3 769
4 32
4 70
4 120
4 210
4 260
4 267
4 320
4 360
4 371
4 388
4 424
4 438
4 483
4 517
4 628
4 837
4 896
4 905
5 132
5 141
5 306
5 672
5 674
5 763
5 964
6 76
6 276
6 307
6 528
6 568
6 584
6 642
6 648
6 668
6 837
7 36
7 401
7 908
8 0
8 16
8 34
8 107
8 128
8 142
8 224
8 259
8 291
8 300
8 347
8 394
8 514
8 518
8 521
8 522
8 552
8 690
8 774
8 820
8 832
8 916
8 950
9 22
9 48
9 272
9 280
9 321
9 343
9 417
9 473
9 505
9 563
9 768
10 0
10 14
10 32
10 52
10 98
10 228
10 256
10 319
10 512
10 513
10 514
10 580
10 649
10 719
10 994
11 2
11 3
11 33
11 162
11 708
11 732
11 832
11 840
12 35
12 56
12 72
12 270
12 394
12 457
12 514
12 641
12 676
12 773
12 820
13 256
13 268
13 296
13 451
13 590
13 629
13 925
13 976
14 12
14 22
14 128
14 196
14 200
14 258
14 348
14 426
14 474
14 566
14 576
14 785
15 64
15 320
15 364
15 549
15 598
15 656
15 673
16 0
16 2
16 9
16 11
16 42
16 59
16 66
16 114
16 149
16 162
16 224
16 228
16 240
16 410
16 463
16 512
16 520
16 527
16 533
16 693
16 713
16 792
16 898
16 976
17 6
17 37
17 69
17 112
17 130
17 152
17 454
17 520
17 548
17 608
18 22
18 37
18 308
18 317
18 335
18 352
18 448
18 535
18 616
18 689
18 768
19 1
19 81
19 132
19 160
19 162
19 262
19 294
20 24
20 27
20 36
20 162
20 331
20 448
20 603
20 619
20 625
20 772
20 833
20 944
21 4
21 40
21 145
21 161
21 256
21 290
21 555
21 568
21 611
21 696
21 900
22 23
22 146
22 321
22 577
23 0
23 67
23 284
23 410
23 548
24 19
24 37
24 48
24 108
24 353
24 489
24 546
24 576
24 841
24 875
25 0
25 2
25 80
25 141
25 268
25 304
25 412
25 514
25 539
25 582
25 646
25 720
26 117
26 160
26 393
26 402
26 544
26 844
27 0
27 49
27 77
27 100
27 336
27 769
27 867
28 136
28 160
28 716
28 978
29 849
30 20
30 193
30 642
30 679
30 763
31 118
31 196
31 514
31 708
32 17
32 34
32 48
32 149
32 192
32 197
32 204
32 275
32 336
32 526
32 684
32 772
32 776
32 872
33 1
33 2
33 91
33 155
33 170
33 178
33 272
33 580
33 626
34 5
34 16
34 49
34 83
34 128
34 161
34 189
34 209
34 289
34 515
34 534
34 561
34 578
34 908
34 1010
35 32
35 288
35 528
35 541
35 699
35 796
35 960
36 11
36 65
36 76
36 177
36 180
36 185
36 221
36 240
36 296
36 300
36 360
36 528
36 672
36 688
37 0
37 288
37 292
37 460
37 480
37 538
37 731
37 916
37 952
38 164
38 788
38 801
39 17
39 170
39 355
39 772
40 36
40 208
40 262
40 384
40 482
40 513
40 536
40 593
40 630
40 671
40 728
40 901
41 324
41 533
41 584
41 786
42 4
42 26
42 76
42 212
42 518
43 48
43 68
43 98
43 121
43 202
43 388
43 518
43 768
43 898
44 33
44 169
44 426
44 608
44 610
44 760
44 792
45 32
45 162
45 241
45 272
45 669
45 960
46 225
46 741
46 776
47 64
47 608
47 781
48 0
48 64
48 96
48 136
48 162
48 293
48 302
48 768
48 802
48 968
48 971
49 26
49 65
49 167
49 288
49 313
49 419
49 470
49 512
49 553
49 584
49 599
49 803
50 192
50 381
50 384
50 389
50 512
50 513
50 586
51 3
51 28
51 37
51 160
51 176
51 674
51 688
51 904
52 3
52 5
52 69
52 263
52 571
53 24
53 48
53 148
53 280
53 516
53 534
53 785
53 833
53 868
54 8
54 100
54 257
54 272
54 604
54 934
55 4
55 393
55 960
56 228
56 285
56 292
56 313
56 412
56 520
56 648
56 931
57 164
57 260
57 384
57 420
57 609
57 914
58 297
58 546
58 556
58 704
58 715
58 772
59 105
59 107
59 730
60 66
60 302
60 428
60 772
61 134
61 293
61 819
62 10
62 320
62 570
62 644
63 10
63 168
63 305
64 0
64 4
64 11
64 62
64 64
64 72
64 153
64 201
64 211
64 326
64 348
64 356
64 400
64 519
64 528
64 553
64 586
64 679
64 728
64 827
64 852
64 864
65 0
65 5
65 11
65 202
65 384
65 498
65 518
65 537
65 555
65 566
65 578
65 731
65 864
65 936
66 25
66 32
66 33
66 214
66 277
66 325
66 336
66 528
66 690
66 911
66 968
67 147
67 279
67 337
67 384
67 1013
68 76
68 136
68 227
68 256
68 458
68 512
68 650
68 794
69 18
69 211
69 266
69 394
69 528
69 800
70 4
70 145
70 280
71 0
71 13
71 170
71 480
71 643
72 4
72 13
72 267
72 432
72 520
72 709
72 770
72 977
73 64
73 73
73 129
73 327
73 338
73 440
73 518
73 521
73 565
73 784
74 24
74 112
74 132
74 288
74 388
74 521
76 48
76 194
76 265
76 511
76 512
77 60
77 70
77 75
77 152
77 400
77 517
77 674
77 908
78 69
78 138
78 224
78 572
78 1006
79 385
80 40
80 70
80 161
80 200
80 202
80 222
80 264
80 344
80 485
80 588
80 833
80 848
80 946
81 0
81 3
81 17
81 100
81 104
81 124
81 385
81 810
82 11
82 23
82 89
82 112
82 672
82 991
83 146
83 256
83 265
84 69
84 160
84 392
84 443
84 544
84 625
84 802
84 979
85 12
85 92
85 132
85 170
85 270
85 289
86 42
86 44
86 234
86 255
86 264
86 286
86 484
86 922
87 1004
88 2
88 20
88 384
88 402
88 517
88 532
88 549
88 672
88 710
88 902
88 974
89 129
89 256
89 347
89 580
89 717
90 29
90 98
90 128
90 272
90 558
90 907
91 145
91 182
91 481
92 71
92 164
92 321
92 456
92 528
93 273
93 352
93 608
94 38
94 545
96 24
96 140
96 161
96 193
96 384
96 386
96 518
96 542
96 644
96 796
96 817
96 918
96 977
96 981
97 66
97 386
97 408
97 489
97 640
98 334
98 340
98 632
98 657
98 705
99 14
99 16
99 528
99 776
99 918
100 8
100 51
100 421
100 652
100 660
100 839
101 323
101 512
101 669
101 772
101 904
102 175
102 261
103 32
103 261
103 320
104 12
104 84
104 108
104 128
104 132
104 740
104 980
105 256
105 336
105 642
106 134
106 289
106 354
106 393
106 515
106 775
107 131
107 276
107 833
108 10
108 233
108 537
108 576
109 52
109 130
109 345
110 18
110 161
110 812
111 6
111 34
111 403
111 417
111 898
111 960
112 72
112 129
112 227
112 320
112 386
112 680
112 712
112 737
112 809
113 41
113 244
113 388
114 364
114 738
114 843
115 9
115 416
116 3
116 86
116 177
116 640
117 78
117 336
117 544
118 98
118 517
119 840
120 44
120 208
120 260
121 36
121 501
122 205
122 560
122 884
123 185
123 272
124 82
124 433
124 673
125 514
125 588
125 737
126 68
126 416
126 548
126 928
127 128
127 815
128 4
128 12
128 72
128 129
128 132
128 192
128 203
128 611
128 673
128 784
128 789
128 858
129 40
129 50
129 70
129 72
129 74
129 99
129 106
129 130
129 196
129 256
129 258
129 320
129 338
129 449
129 532
129 536
129 540
129 744
129 793
129 901
129 944
130 0
130 24
130 80
130 82
130 177
130 242
130 258
130 272
130 313
130 355
130 428
130 525
130 542
130 552
130 559
130 769
130 838
131 24
131 25
131 29
131 48
131 141
131 168
131 197
131 294
131 322
131 644
132 0
132 35
132 56
132 96
132 138
132 144
132 258
132 286
132 298
132 300
132 318
132 337
132 579
132 696
132 777
132 781
132 787
133 4
133 48
133 65
133 128
133 138
133 146
133 210
133 228
133 364
133 577
133 612
133 666
133 961
134 0
134 2
134 68
134 138
134 192
134 200
134 234
134 257
134 267
134 268
134 420
134 528
134 635
134 674
134 745
134 859
134 896
135 10
135 160
135 256
135 257
135 456
135 564
135 574
135 693
135 800
135 964
136 0
136 65
136 75
136 84
136 129
136 260
136 293
136 356
136 464
136 552
136 570
136 781
136 788
137 0
137 20
137 118
137 128
137 278
137 485
137 786
137 791
137 892
138 204
138 240
138 418
138 514
138 676
138 780
138 912
139 297
139 341
139 748
139 781
140 65
140 93
140 266
140 388
140 540
140 586
140 634
141 0
141 256
141 579
141 609
141 670
142 40
142 65
142 340
142 736
143 6
143 20
143 168
143 906
144 5
144 68
144 81
144 194
144 308
144 373
144 385
144 640
144 704
144 970
145 281
145 298
145 353
145 432
145 596
145 964
146 89
146 150
146 168
146 236
146 270
146 321
146 349
146 536
146 717
146 744
147 16
147 65
147 132
147 515
148 132
148 185
149 16
149 116
149 143
149 156
149 158
149 298
149 333
149 448
149 718
149 741
150 2
150 248
150 588
151 8
151 23
151 197
152 10
152 14
152 64
152 290
152 307
152 314
152 388
152 562
153 32
153 64
153 76
153 150
153 160
153 390
153 544
153 640
153 975
154 16
154 34
154 132
154 194
154 368
154 580
154 758
154 770
154 867
155 5
155 211
155 696
156 81
156 389
156 428
156 537
157 42
157 96
157 97
157 576
157 1010
158 17
158 514
158 612
158 718
158 740
159 53
159 185
159 469
160 20
160 28
160 80
160 129
160 144
160 223
160 296
160 325
160 582
160 592
161 9
161 24
161 32
161 48
161 129
161 304
161 306
162 20
162 94
162 107
162 156
162 524
162 596
162 769
163 1
163 464
163 808
163 845
164 144
164 331
164 368
164 370
164 534
164 625
164 656
164 715
165 433
165 460
165 545
165 818
165 981
166 128
166 146
166 296
166 391
166 592
166 707
166 751
166 794
167 211
167 558
167 904
167 1008
168 86
168 226
168 259
168 330
169 11
169 75
169 96
169 400
169 591
169 710
170 56
170 81
170 320
170 321
170 368
170 528
170 837
170 955
171 42
171 100
171 193
171 426
171 472
172 2
172 355
172 416
172 516
172 550
173 20
173 131
173 167
173 168
173 232
173 324
173 673
173 994
174 420
174 556
174 641
174 985
175 69
175 513
176 3
176 116
176 287
176 291
176 526
177 1
177 64
177 392
177 553
177 563
177 777
177 885
178 148
178 275
178 514
179 67
179 961
180 8
180 192
180 270
180 582
180 846
181 13
181 132
182 160
182 273
182 322
182 651
182 784
183 10
183 520
184 2
184 3
184 5
184 32
184 522
184 554
185 7
185 12
185 52
185 325
185 352
185 661
185 889
185 962
186 132
186 548
188 776
188 979
189 1
189 264
190 72
190 108
192 4
192 12
192 16
192 128
192 135
192 168
192 273
192 298
192 314
192 576
192 642
192 808
193 0
193 16
193 140
193 384
193 405
193 416
193 452
193 565
193 820
194 67
194 163
194 257
194 308
194 466
194 678
194 806
195 12
195 56
195 114
195 860
195 976
196 4
196 6
196 10
196 37
196 99
196 262
196 416
196 561
196 611
196 705
197 64
197 268
197 288
198 40
198 129
198 145
198 272
198 386
198 408
198 624
199 1
199 43
199 126
199 388
199 641
199 644
200 18
200 37
200 48
200 76
200 200
200 260
200 265
200 512
200 545
200 792
200 800
201 75
201 91
201 260
201 334
201 425
201 519
201 649
202 5
202 337
202 353
202 812
203 19
203 35
203 264
203 401
204 7
204 8
204 20
204 43
204 73
204 215
204 771
204 808
205 76
205 81
205 104
205 320
205 528
205 616
206 235
207 72
207 520
208 9
208 115
208 129
208 244
208 641
209 12
209 197
209 288
209 512
209 576
210 3
210 6
210 266
210 706
210 801
211 0
211 1
211 12
211 60
211 96
211 146
211 591
212 400
212 516
212 914
213 176
213 519
214 2
214 4
214 227
215 531
215 778
216 0
216 8
216 34
216 48
216 398
216 513
216 578
216 849
216 940
217 256
217 547
217 868
218 196
218 532
218 600
218 867
219 384
219 549
220 244
220 295
220 631
220 664
220 839
221 574
221 656
221 769
221 867
222 250
222 642
222 773
224 35
224 103
224 524
224 650
224 864
225 301
225 448
225 529
226 1
226 43
226 77
226 184
226 242
226 424
226 673
226 801
227 157
227 561
227 768
227 769
228 1
228 12
228 265
228 272
229 258
229 544
230 238
230 320
230 526
230 612
230 849
231 728
232 80
232 82
232 427
232 432
232 513
233 142
233 388
234 262
234 532
235 185
235 833
236 190
236 518
237 182
237 536
237 588
238 20
238 104
239 295
239 778
240 76
240 396
240 524
240 530
240 876
241 135
241 385
241 522
241 774
242 257
242 288
242 315
242 523
242 836
243 520
245 138
245 139
245 209
245 537
246 919
247 130
247 161
248 82
248 211
248 260
249 136
250 12
250 64
250 772
250 812
251 562
252 516
253 5
254 284
254 516
255 133
256 1
256 6
256 28
256 80
256 143
256 242
256 277
256 320
256 321
256 407
256 457
256 516
256 529
256 566
256 740
257 3
257 64
257 148
257 162
257 202
257 306
257 768
257 872
258 50
258 68
258 84
258 132
258 446
258 624
258 659
259 2
259 21
259 32
259 137
259 162
259 490
259 518
259 528
259 598
259 672
260 14
260 51
260 52
260 73
260 370
260 672
260 778
260 937
261 5
261 28
261 168
261 264
261 422
261 515
261 524
261 534
261 600
261 772
262 4
262 104
262 264
262 270
262 297
262 392
262 521
263 21
263 260
263 281
264 1
264 14
264 84
264 224
264 329
264 343
264 417
264 521
264 531
264 660
264 721
264 743
264 817
264 982
265 52
265 116
265 160
265 320
265 331
265 436
265 512
265 576
265 641
265 672
266 92
266 167
266 337
266 538
266 822
267 6
267 78
267 84
267 520
267 568
267 728
267 865
267 1020
268 27
268 205
268 305
268 338
268 355
268 499
268 553
268 654
268 760
268 805
269 0
269 3
269 22
269 144
269 406
269 552
269 770
269 800
270 12
270 400
270 528
270 880
271 131
271 188
271 616
272 36
272 160
272 198
272 290
272 296
272 321
272 560
272 577
272 589
272 788
272 913
273 34
273 101
273 146
273 208
273 344
273 455
274 14
274 130
274 165
274 418
274 586
274 715
274 744
275 12
275 42
275 152
275 248
275 261
275 392
275 624
275 661
275 896
276 51
276 67
276 146
276 576
276 657
276 811
276 979
277 32
277 168
277 322
277 386
277 648
277 741
277 841
278 336
278 369
278 553
278 780
279 37
279 207
279 209
279 298
279 480
280 0
280 16
280 128
280 136
280 256
280 291
281 2
281 74
281 75
281 448
281 514
281 923
282 146
282 257
282 264
282 339
282 401
282 586
282 809
283 8
283 12
283 112
283 115
283 590
283 644
283 769
284 641
285 72
285 336
285 880
286 82
287 24
287 68
288 21
288 73
288 108
288 131
288 145
288 256
288 257
288 499
288 523
288 577
288 646
288 665
288 674
288 818
289 131
289 145
289 160
289 584
289 736
290 12
290 34
290 74
290 85
290 132
290 144
290 291
290 696
290 888
291 534
292 42
292 70
292 162
292 192
292 224
292 258
292 274
292 520
292 526
292 710
292 774
293 72
293 545
294 20
294 30
294 66
294 160
294 696
294 957
294 1009
295 145
296 18
296 80
296 96
296 149
296 217
296 268
296 512
296 608
296 912
297 128
297 144
297 201
297 766
297 792
298 83
298 258
298 277
298 513
299 67
299 194
299 288
299 546
299 642
300 11
300 290
300 961
301 386
302 4
303 664
303 681
304 64
304 319
304 708
304 745
304 896
305 246
305 516
305 584
305 846
306 16
306 176
306 206
306 439
308 154
308 256
308 433
308 839
308 848
308 850
309 333
309 818
310 529
310 584
310 779
310 972
311 536
312 74
312 108
312 112
312 200
312 283
312 390
312 675
313 57
313 180
313 341
313 642
314 53
314 208
314 672
315 10
316 80
316 98
316 296
317 0
317 10
317 418
318 253
318 278
318 389
318 788
318 844
319 272
319 672
320 16
320 21
320 22
320 25
320 43
320 73
320 82
320 99
320 106
320 160
320 162
320 424
320 481
320 548
320 590
320 602
320 669
320 698
320 900
321 2
321 38
321 112
321 251
321 267
321 288
321 608
322 1
322 36
322 162
322 339
322 386
322 518
322 582
322 641
322 704
322 844
323 268
323 531
323 586
323 624
323 632
324 64
324 67
324 920
325 33
325 35
325 128
325 459
325 534
325 544
325 912
326 263
326 387
326 645
326 652
326 940
327 32
327 168
327 184
327 346
327 559
327 736
327 914
328 42
328 70
328 200
328 320
328 327
328 360
328 516
328 534
328 640
328 669
329 194
329 416
329 457
330 28
330 165
330 311
330 517
330 596
330 893
331 157
332 528
332 562
332 676
332 833
333 65
333 128
333 702
333 962
334 56
334 264
335 512
335 544
336 17
336 128
336 133
336 274
336 517
337 8
337 39
337 52
337 129
337 260
337 515
337 893
338 272
338 320
338 330
338 694
338 907
339 256
339 546
340 34
340 101
340 552
341 192
341 645
342 3
342 72
342 197
342 274
342 901
343 2
343 96
343 640
344 8
344 129
344 208
344 512
344 530
344 966
345 128
346 20
346 137
347 624
347 672
348 260
348 776
349 35
349 132
349 270
349 801
350 260
351 122
351 177
352 37
352 64
352 66
352 400
352 410
352 540
353 74
353 176
353 214
353 345
353 610
353 848
353 867
354 20
354 86
354 161
354 536
354 884
354 946
355 57
355 160
356 15
356 184
356 308
356 709
356 769
357 118
357 134
357 563
358 96
358 276
359 86
359 770
360 133
360 1000
361 44
361 198
362 8
362 20
362 64
362 546
362 589
362 673
363 194
363 280
363 513
363 536
364 194
367 288
368 5
368 20
368 512
368 692
369 42
369 529
369 849
370 152
370 225
370 356
371 416
372 534
373 66
373 88
375 141
376 181
376 257
377 9
377 394
377 768
378 604
378 772
379 130
379 648
380 51
380 664
381 957
384 22
384 48
384 68
384 205
384 276
384 467
384 513
384 514
384 609
384 768
384 774
384 912
385 1
385 2
385 13
385 19
385 72
385 163
385 284
385 386
385 401
385 652
385 806
386 19
386 24
386 40
386 55
386 133
386 680
386 749
387 12
387 34
387 411
387 563
387 617
387 800
387 856
388 1
388 79
388 176
388 512
388 531
388 611
389 47
389 329
389 622
389 865
390 18
390 320
390 406
390 853
391 193
391 199
391 536
391 768
391 824
392 12
392 294
392 452
392 512
392 664
392 672
393 20
393 88
393 128
393 129
393 161
393 176
394 1
394 84
394 141
394 386
395 17
395 163
395 195
395 464
395 672
396 576
397 13
397 529
397 544
398 32
398 40
398 102
398 272
399 68
399 546
399 708
399 940
400 516
400 619
400 722
400 760
401 370
401 480
401 867
402 20
403 128
403 168
403 300
404 6
404 129
404 215
404 552
405 282
405 330
405 401
405 434
406 96
406 137
406 141
406 385
406 512
406 880
407 102
407 192
407 724
408 29
408 73
408 106
408 108
408 174
408 452
408 480
408 505
409 88
410 207
410 296
410 550
410 649
411 128
411 135
411 274
412 0
412 33
412 38
412 48
412 56
412 150
412 161
412 696
413 16
413 640
413 968
414 752
415 740
416 13
416 105
416 300
417 32
417 124
417 526
417 537
417 769
417 810
418 0
418 49
418 125
418 160
418 418
418 526
420 57
420 64
420 96
420 299
420 512
420 561
420 676
420 720
421 611
422 100
422 192
423 197
423 339
424 77
424 119
424 576
424 752
425 16
425 599
425 710
427 525
428 30
428 40
428 150
428 158
428 160
428 278
429 40
430 773
431 444
431 641
432 36
432 111
432 150
432 159
432 384
432 903
433 74
433 132
433 160
433 625
433 648
434 148
434 517
435 64
435 138
435 858
436 342
436 516
436 784
437 128
438 5
438 6
438 261
438 309
439 48
439 269
440 129
440 491
441 20
441 67
441 285
441 545
442 64
442 185
442 386
442 672
442 901
443 768
443 908
444 24
444 820
446 682
447 0
448 81
448 302
448 310
448 390
448 554
449 21
449 24
449 30
449 67
449 88
449 167
449 513
449 578
449 586
450 1
450 114
450 224
450 273
450 297
450 512
451 32
451 387
452 9
452 32
452 547
452 770
452 854
452 864
452 870
453 625
454 42
454 46
455 528
456 25
456 40
456 672
456 708
456 832
457 133
457 748
457 788
457 863
458 336
458 692
459 48
460 43
460 96
460 168
460 280
460 288
460 401
460 597
460 640
460 792
460 880
461 34
461 44
461 552
462 1
462 517
462 640
463 132
464 4
464 18
464 33
464 209
464 258
464 292
464 489
465 206
465 520
465 780
466 297
466 390
467 42
467 130
468 372
468 678
468 790
469 104
469 161
471 183
472 136
473 97
476 548
478 163
478 384
478 520
479 234
479 836
480 0
480 136
480 308
480 428
480 514
480 520
480 710
481 74
482 265
482 272
482 593
482 643
484 20
484 137
485 391
485 637
486 257
486 259
486 338
486 412
487 0
488 2
488 3
488 5
488 338
488 946
490 50
490 112
490 658
491 274
491 480
491 582
491 917
492 0
493 544
494 77
494 101
494 517
494 775
496 326
496 496
496 848
497 58
497 512
498 139
498 653
499 793
500 719
500 912
501 338
502 84
504 546
505 164
505 512
505 576
508 176
509 27
511 76
512 0
512 12
512 26
512 36
512 50
512 176
512 202
512 240
512 259
512 324
512 353
512 388
512 421
512 457
512 500
512 516
512 780
512 820
513 0
513 2
513 38
513 65
513 70
513 196
513 218
513 321
513 333
513 448
513 528
513 577
513 604
513 824
513 877
514 66
514 81
514 89
514 322
514 336
514 556
514 660
515 2
515 87
515 128
515 159
515 208
515 264
515 656
515 680
516 8
516 19
516 43
516 100
516 130
516 268
516 291
516 297
516 307
516 388
516 502
516 512
516 630
516 717
516 834
516 850
517 8
517 36
517 50
517 70
517 84
517 132
517 202
517 320
517 404
517 664
518 144
518 260
518 290
518 308
518 387
518 404
518 672
518 773
519 4
519 444
519 656
519 716
520 0
520 1
520 2
520 83
520 94
520 163
520 315
520 348
520 428
520 536
520 600
520 772
520 859
520 950
521 1
521 2
521 28
521 56
521 70
521 106
521 180
521 256
521 265
521 403
521 424
521 640
521 800
521 859
522 0
522 2
522 8
522 33
522 40
522 195
522 328
522 409
522 583
522 598
522 621
523 0
523 22
523 34
523 40
523 145
523 192
523 345
523 588
523 589
523 706
524 48
524 148
524 259
524 261
524 512
524 649
524 704
524 818
524 848
525 194
525 352
526 33
526 86
526 176
526 290
526 298
526 584
527 19
527 385
527 625
528 20
528 54
528 134
528 142
528 149
528 164
528 174
528 258
528 266
528 328
528 536
528 642
528 684
528 740
528 803
529 19
529 96
529 226
529 312
529 947
530 488
530 776
530 782
530 801
531 5
531 7
531 24
531 34
531 104
532 67
532 77
532 261
532 264
532 334
532 689
532 833
532 898
533 6
533 161
533 268
533 385
533 798
534 227
534 266
534 517
534 533
534 710
534 841
535 6
536 1
536 67
536 130
536 341
536 598
536 806
537 178
537 307
537 465
537 775
538 2
538 426
538 704
538 840
539 448
539 656
540 66
540 108
540 152
540 356
540 388
540 454
540 528
540 663
540 676
540 704
540 937
541 237
541 281
542 46
542 261
542 926
543 298
543 513
544 0
544 34
544 140
544 210
544 276
544 338
544 460
544 628
544 777
544 978
545 8
545 34
545 50
545 131
545 193
545 277
545 384
545 456
545 460
545 528
545 554
545 596
545 918
546 40
546 168
546 229
546 259
546 311
546 336
546 432
546 451
546 580
546 901
547 0
547 128
547 289
547 418
548 1
548 5
548 18
548 77
548 117
548 128
548 134
548 147
548 257
548 400
548 512
548 611
548 641
548 712
548 952
549 9
549 16
549 141
549 147
549 573
549 768
549 804
549 962
550 1
550 337
551 2
551 36
551 58
551 293
551 643
551 832
551 928
552 0
552 9
552 15
552 35
552 100
552 280
552 292
552 320
552 412
552 554
552 586
553 61
553 99
553 268
553 640
553 715
553 803
553 812
554 97
554 138
554 272
555 8
556 33
556 132
556 134
556 153
556 162
556 192
556 256
556 259
556 580
556 668
557 21
557 192
557 291
557 442
557 611
558 12
558 739
560 50
560 63
560 166
560 356
560 611
560 641
560 698
561 6
561 26
561 160
561 526
562 130
562 168
562 177
562 316
562 515
562 521
562 544
562 820
563 52
563 521
563 809
563 833
564 0
564 360
564 536
564 904
565 4
565 593
566 512
566 549
566 568
567 36
567 152
567 685
567 792
568 0
568 148
568 206
568 310
568 774
569 193
569 515
569 645
569 709
569 748
570 393
570 469
570 844
570 963
571 259
572 124
572 136
572 256
573 188
573 834
573 920
574 336
574 708
574 938
575 361
576 16
576 26
576 36
576 47
576 96
576 547
576 789
577 126
577 140
577 457
577 488
577 498
577 530
577 532
577 769
577 811
578 9
578 138
578 148
578 196
578 280
578 524
578 529
578 622
578 776
579 13
579 33
579 64
579 72
579 201
579 534
579 581
580 32
580 34
580 64
580 292
580 389
580 402
580 930
581 16
581 55
581 168
581 279
582 1
582 13
582 280
582 794
583 52
583 513
583 528
583 846
583 976
584 34
584 72
584 96
584 305
584 307
584 320
584 501
584 532
584 545
584 641
584 650
584 898
585 256
585 288
586 16
586 34
586 80
586 261
586 557
588 129
588 177
588 696
588 770
589 8
589 16
589 641
590 104
591 37
591 71
591 136
591 513
591 792
592 114
592 128
592 512
592 776
593 8
593 33
593 50
593 258
593 272
593 704
594 5
594 65
594 250
594 256
594 320
594 665
594 905
596 1
596 11
596 710
596 903
596 1004
597 34
597 72
597 258
597 426
597 545
597 581
598 0
598 420
598 600
598 900
599 16
599 706
599 774
600 482
600 634
600 898
601 0
602 195
602 273
602 444
602 528
602 552
602 560
602 683
603 135
603 913
604 620
605 624
605 914
606 165
606 529
607 20
608 67
608 524
608 686
608 914
609 12
609 128
609 224
609 330
609 362
609 385
609 912
610 424
610 450
610 514
611 6
611 90
611 442
611 456
612 3
612 10
612 171
612 656
613 297
613 528
613 834
614 498
615 34
616 38
616 194
616 276
616 291
616 529
616 666
617 0
617 8
617 544
617 560
618 68
618 309
618 448
618 789
619 40
619 769
620 69
620 136
620 369
621 129
622 1
622 178
622 512
622 652
623 640
624 64
624 129
624 288
624 776
624 788
624 888
625 67
625 192
625 201
625 359
625 450
625 793
625 866
626 22
626 65
626 525
627 45
627 56
628 49
628 56
629 146
629 712
630 616
630 683
631 738
632 209
632 626
632 810
633 96
633 982
634 100
634 400
635 42
635 787
636 502
637 970
638 512
640 0
640 17
640 24
640 39
640 178
640 196
640 270
640 388
640 402
640 463
640 787
640 833
640 845
641 38
641 258
641 265
641 322
641 356
641 432
641 576
641 589
641 650
641 662
641 688
641 784
641 922
642 1
642 34
642 259
642 350
642 404
643 40
643 646
644 72
644 81
644 163
644 252
644 256
644 924
645 0
645 58
645 137
645 188
645 416
645 517
645 582
645 696
645 721
645 776
645 801
645 846
646 30
646 150
646 156
646 175
646 321
646 433
646 518
647 170
647 402
647 594
647 649
647 710
647 738
648 34
648 35
648 49
648 81
648 97
648 309
648 543
648 776
649 40
649 80
649 177
649 321
649 452
649 640
649 840
649 864
650 0
650 35
650 117
650 248
650 273
650 344
650 729
651 100
651 726
651 838
651 904
652 22
652 49
652 72
652 112
652 138
652 396
653 128
653 149
653 275
653 939
654 8
654 776
655 547
656 18
656 20
656 81
656 173
656 541
656 784
657 48
657 50
657 177
657 529
658 373
658 561
659 17
659 718
659 841
660 74
660 514
660 520
661 220
661 292
662 72
662 160
662 226
662 428
662 532
663 768
664 269
664 300
664 652
665 193
665 224
666 38
666 832
668 120
668 266
668 995
670 170
670 514
670 524
672 90
672 211
672 278
672 549
672 576
672 578
672 720
672 768
672 789
672 905
673 1
673 52
673 62
673 133
673 272
673 517
674 257
674 416
674 424
674 634
674 769
674 887
675 131
676 70
676 152
676 321
676 420
676 677
676 688
676 689
676 986
677 67
677 81
677 136
677 257
677 587
678 140
678 544
678 560
678 644
679 192
679 633
679 708
680 334
680 768
681 195
682 496
683 133
683 389
683 832
684 203
684 645
684 929
685 6
685 704
686 24
686 78
686 742
687 321
688 784
689 21
689 704
689 793
690 452
690 524
690 552
690 808
691 11
691 39
691 152
691 160
691 666
692 359
692 653
692 657
693 149
693 169
693 193
693 830
694 197
694 265
694 354
694 544
694 772
695 615
696 163
696 270
696 513
696 680
697 124
697 596
697 922
698 99
698 684
698 774
699 442
700 13
700 257
701 213
701 305
701 369
702 160
702 200
703 38
704 34
704 38
704 280
704 320
704 454
704 578
704 634
704 704
704 760
704 830
704 974
705 37
705 532
705 645
706 0
706 53
706 163
706 256
707 180
707 549
707 577
708 3
708 67
708 107
708 152
708 384
708 516
708 968
709 32
709 785
710 105
711 128
712 18
712 38
712 576
713 24
714 51
714 52
714 54
715 68
715 96
715 164
715 396
716 288
717 309
717 677
719 27
719 265
719 808
720 0
720 108
720 258
720 712
720 785
720 786
721 17
721 223
721 379
721 866
722 519
723 306
723 436
724 1
724 4
724 626
726 684
726 870
728 120
728 338
728 417
728 913
728 1015
729 966
730 176
730 854
732 2
732 214
732 440
733 91
735 464
735 848
736 1
736 90
736 417
737 16
737 72
737 645
737 792
737 803
738 312
738 474
738 590
739 171
741 340
741 368
741 587
741 802
742 66
742 456
743 80
744 18
744 217
744 525
745 258
746 133
746 307
746 515
748 7
748 9
748 213
749 2
749 258
749 338
749 448
749 674
750 2
752 36
752 80
752 88
752 344
752 356
752 552
754 260
755 784
756 2
756 401
757 80
761 7
761 54
761 262
763 673
763 785
764 97
765 180
767 581
768 2
768 9
768 49
768 136
768 145
768 288
768 309
768 637
768 812
769 10
769 16
769 36
769 48
769 72
769 129
769 343
769 514
769 582
769 776
769 992
770 24
770 25
770 78
770 80
770 96
770 101
770 113
770 135
770 165
770 257
770 481
770 548
770 566
770 587
770 609
770 864
771 0
771 263
771 648
771 814
772 0
772 6
772 46
772 89
772 96
772 128
772 182
772 196
772 326
772 354
772 706
772 809
773 73
773 257
773 646
774 12
774 25
774 385
775 34
775 176
775 552
776 64
776 75
776 99
776 393
776 524
776 564
776 702
777 8
777 258
777 272
777 517
777 540
777 552
778 172
778 188
778 384
778 551
778 724
779 72
779 112
779 360
780 72
780 81
780 267
780 393
780 522
780 720
781 408
781 532
781 688
782 163
782 523
783 167
783 430
784 193
784 208
784 386
784 523
784 704
784 713
785 8
785 97
785 256
785 824
785 838
786 90
786 100
786 132
786 152
786 259
786 284
786 300
786 458
786 853
787 102
788 12
788 288
788 322
788 352
788 420
788 535
788 853
789 0
789 153
789 192
789 394
789 674
789 815
790 2
790 12
790 26
790 348
791 7
791 398
791 640
792 16
792 24
792 112
792 305
792 525
792 728
792 976
793 52
793 275
793 284
794 368
794 386
795 341
795 512
796 526
796 777
797 1
797 460
798 17
798 640
799 96
800 272
800 403
800 556
800 565
800 661
800 714
801 204
801 450
801 724
801 784
802 9
802 264
802 425
802 500
802 528
802 725
804 16
804 73
804 292
804 330
804 376
804 512
804 728
805 514
806 16
806 20
806 132
806 304
806 531
806 548
808 55
808 64
808 632
809 4
809 192
809 268
809 513
809 578
809 692
810 51
810 162
810 352
810 441
810 444
810 513
810 561
811 241
812 704
812 786
813 96
814 41
815 128
815 264
816 1
816 170
816 172
816 302
816 449
816 897
817 2
817 37
817 66
817 132
817 482
817 567
817 599
818 0
818 89
818 300
818 640
820 12
820 17
820 33
820 46
820 336
820 425
820 693
821 128
821 214
822 36
822 464
822 862
824 128
824 711
825 116
825 145
825 220
825 256
825 416
826 64
826 262
827 134
827 643
828 2
828 269
829 0
829 64
830 169
830 508
830 577
832 87
832 112
832 125
832 225
832 257
832 323
832 355
832 764
832 864
833 105
833 119
833 220
833 263
833 392
833 689
833 769
833 896
833 912
834 34
834 36
834 69
834 192
834 200
834 802
835 189
835 515
835 769
836 12
836 195
837 2
837 132
837 512
837 988
839 527
840 8
840 34
840 68
840 83
840 302
840 512
840 520
840 664
840 800
841 4
841 6
841 270
841 388
841 404
841 496
841 529
841 664
842 204
842 550
843 4
843 44
844 55
844 138
844 642
844 804
845 161
845 176
846 327
848 28
848 386
848 920
849 311
849 610
850 96
850 129
850 227
850 353
850 512
851 16
851 162
851 193
852 8
852 43
852 165
852 224
853 40
853 354
853 644
854 439
854 545
855 49
856 786
857 263
857 590
858 9
859 576
859 849
861 30
861 90
861 417
861 528
863 490
863 545
864 36
864 154
864 809
865 14
865 56
865 335
865 386
865 532
866 576
867 52
867 548
867 551
868 13
868 276
870 512
870 843
872 71
872 100
872 152
873 49
873 704
874 588
875 116
876 3
876 122
876 555
878 534
880 529
881 41
881 112
881 465
883 577
884 34
884 580
885 98
885 165
885 483
887 520
887 896
888 387
889 141
889 688
890 585
893 529
894 66
894 542
896 0
896 149
896 205
896 264
896 270
896 291
896 322
897 3
897 24
898 33
898 153
898 704
899 322
899 706
900 312
900 354
901 0
901 26
901 140
901 508
901 546
902 281
902 609
903 1
905 435
905 994
906 25
906 64
906 70
906 89
906 364
906 372
906 420
906 521
906 714
908 112
908 176
908 480
909 613
909 614
910 144
910 305
911 385
912 145
912 250
912 288
912 531
912 578
913 608
913 653
913 961
915 873
916 227
916 260
916 902
917 578
917 934
918 24
918 565
919 813
920 100
920 937
920 971
921 259
921 449
922 16
922 436
923 43
923 200
924 128
924 769
925 50
925 434
927 304
927 611
927 644
928 33
928 162
928 393
928 554
929 772
930 0
930 192
930 343
930 435
930 557
930 712
930 864
931 0
931 257
932 626
932 651
933 809
936 39
937 0
937 129
938 0
938 4
939 117
940 65
940 177
940 616
940 648
942 213
944 41
944 545
944 677
944 773
945 418
945 696
946 225
946 339
947 1
948 57
948 305
948 530
949 512
949 640
950 0
951 658
952 0
952 2
953 81
954 896
958 340
959 257
960 25
960 283
960 390
960 532
960 582
961 275
962 59
962 66
962 73
962 642
962 825
963 82
963 155
964 6
964 64
964 128
964 554
965 104
965 484
965 700
965 979
966 978
967 148
967 530
968 35
968 297
969 8
969 65
969 298
969 752
970 149
970 294
971 5
971 25
971 162
972 394
973 246
973 337
973 544
974 272
975 714
976 38
976 304
976 860
977 29
977 90
977 516
977 688
978 709
978 841
979 329
982 48
982 76
983 193
983 224
984 0
984 185
984 772
985 88
985 164
985 530
986 592
988 0
988 70
988 587
988 769
988 897
990 168
992 417
992 580
992 903
993 180
993 186
993 396
993 970
994 192
995 273
995 768
996 8
996 75
996 369
996 512
996 596
1000 459
1001 8
1001 30
1003 584
1004 805
1005 91
1006 817
1008 17
1008 138
1009 80
1010 44
1011 132
1011 726
1012 271
1012 308
1018 569
1023 26
1023 81
